,label
0,0
1,1
2,0
3,1
4,0
5,1
6,0
7,1
8,0
9,0
10,1
11,1
12,1
13,1
14,0
15,0
16,1
17,0
18,0
19,1
20,1
21,0
22,1
23,0
24,1
25,0
26,1
27,1
28,0
29,1
30,1
31,1
32,1
33,1
34,0
35,0
36,1
37,0
38,0
39,0
40,1
41,0
42,1
43,1
44,1
45,1
46,0
47,0
48,1
49,1
50,1
51,1
52,0
53,1
54,1
55,0
56,0
57,0
58,0
59,1
60,0
61,0
62,1
63,0
64,1
65,1
66,0
67,1
68,1
69,1
70,0
71,0
72,1
73,0
74,1
75,0
76,0
77,0
78,1
79,0
80,0
81,1
82,1
83,0
84,1
85,1
86,1
87,1
88,1
89,1
90,0
91,0
92,0
93,1
94,1
95,1
96,0
97,0
98,1
99,0
100,0
101,1
102,1
103,0
104,1
105,0
106,0
107,1
108,0
109,1
110,0
111,1
112,0
113,0
114,0
115,1
116,1
117,1
118,0
119,0
120,1
121,0
122,0
123,1
124,0
125,1
126,0
127,1
128,0
129,1
130,0
131,0
132,1
133,1
134,0
135,1
136,0
137,1
138,1
139,0
140,0
141,0
142,0
143,1
144,0
145,1
146,1
147,0
148,1
149,0
150,0
151,1
152,1
153,0
154,1
155,0
156,0
157,0
158,1
159,1
160,0
161,0
162,1
163,0
164,1
165,1
166,1
167,0
168,1
169,1
170,0
171,0
172,0
173,0
174,0
175,0
176,1
177,0
178,0
179,0
180,0
181,0
182,0
183,0
184,1
185,0
186,1
187,1
188,1
189,1
190,1
191,1
192,0
193,1
194,1
195,0
196,0
197,0
198,1
199,1
200,1
201,1
202,0
203,1
204,1
205,0
206,1
207,0
208,0
209,1
210,1
211,1
212,1
213,0
214,0
215,1
216,0
217,0
218,1
219,0
220,0
221,1
222,1
223,0
224,1
225,0
226,0
227,1
228,1
229,0
230,1
231,1
232,1
233,0
234,0
235,1
236,1
237,0
238,0
239,0
240,0
241,0
242,0
243,0
244,1
245,0
246,1
247,1
248,1
249,1
250,0
251,1
252,1
253,0
254,1
255,0
256,1
257,0
258,0
259,0
260,0
261,1
262,1
263,0
264,0
265,1
266,0
267,1
268,1
269,0
270,0
271,1
272,1
273,0
274,1
275,1
276,1
277,0
278,0
279,0
280,0
281,1
282,1
283,0
284,0
285,0
286,0
287,1
288,0
289,1
290,1
291,1
292,1
293,0
294,0
295,1
296,0
297,0
298,0
299,1
300,1
301,0
302,1
303,1
304,0
305,1
306,0
307,0
308,1
309,1
310,1
311,0
312,1
313,1
314,0
315,1
316,1
317,0
318,0
319,1
320,1
321,0
322,1
323,0
324,0
325,1
326,1
327,0
328,1
329,0
330,0
331,1
332,1
333,1
334,1
335,0
336,0
337,1
338,1
339,1
340,0
341,0
342,0
343,0
344,1
345,1
346,1
347,1
348,1
349,1
350,1
351,1
352,0
353,0
354,1
355,1
356,0
357,1
358,0
359,1
360,1
361,1
362,1
363,0
364,1
365,0
366,0
367,1
368,0
369,1
370,0
371,1
372,0
373,0
374,1
375,1
376,0
377,0
378,0
379,1
380,1
381,0
382,1
383,0
384,1
385,1
386,0
387,1
388,1
389,0
390,0
391,1
392,0
393,0
394,0
395,0
396,0
397,0
398,1
399,1
400,1
401,1
402,1
403,1
404,1
405,0
406,0
407,0
408,1
409,0
410,1
411,0
412,1
413,0
414,1
415,0
416,1
417,1
418,1
419,0
420,1
421,0
422,0
423,1
424,1
425,0
426,1
427,0
428,1
429,1
430,1
431,0
432,0
433,1
434,0
435,0
436,1
437,1
438,0
439,1
440,0
441,1
442,0
443,0
444,1
445,1
446,1
447,1
448,0
449,0
450,0
451,1
452,0
453,1
454,1
455,1
456,1
457,0
458,1
459,0
460,0
461,0
462,1
463,1
464,0
465,1
466,0
467,0
468,0
469,1
470,0
471,0
472,1
473,1
474,1
475,1
476,0
477,0
478,1
479,0
480,1
481,0
482,0
483,1
484,1
485,1
486,0
487,1
488,0
489,1
490,1
491,1
492,0
493,1
494,0
495,0
496,0
497,0
498,0
499,0
500,0
501,0
502,0
503,0
504,0
505,0
506,1
507,1
508,1
509,0
510,0
511,1
512,0
513,1
514,0
515,1
516,1
517,1
518,1
519,0
520,1
521,0
522,1
523,1
524,0
525,1
526,1
527,0
528,1
529,0
530,0
531,1
532,1
533,0
534,0
535,1
536,1
537,1
538,0
539,1
540,0
541,0
542,0
543,1
544,0
545,0
546,1
547,1
548,1
549,0
550,0
551,1
552,1
553,1
554,1
555,1
556,1
557,1
558,0
559,1
560,0
561,1
562,1
563,0
564,0
565,1
566,1
567,1
568,0
569,0
570,1
571,1
572,0
573,0
574,1
575,1
576,1
577,0
578,0
579,1
580,1
581,0
582,0
583,0
584,1
585,0
586,1
587,0
588,1
589,0
590,0
591,0
592,0
593,1
594,0
595,1
596,1
597,1
598,0
599,0
600,1
601,0
602,0
603,0
604,1
605,0
606,1
607,1
608,1
609,1
610,1
611,0
612,1
613,1
614,1
615,0
616,1
617,0
618,1
619,1
620,1
621,1
622,1
623,0
624,0
625,1
626,0
627,0
628,1
629,0
630,0
631,1
632,0
633,1
634,1
635,0
636,1
637,1
638,1
639,0
640,1
641,0
642,1
643,0
644,1
645,1
646,1
647,0
648,0
649,1
650,0
651,0
652,0
653,1
654,0
655,1
656,0
657,1
658,1
659,0
660,0
661,0
662,1
663,0
664,0
665,0
666,0
667,1
668,0
669,0
670,1
671,0
672,1
673,0
674,0
675,0
676,1
677,0
678,1
679,1
680,1
681,0
682,1
683,1
684,1
685,0
686,0
687,0
688,0
689,0
690,1
691,0
692,0
693,1
694,0
695,0
696,0
697,1
698,0
699,0
700,0
701,0
702,0
703,1
704,0
705,0
706,0
707,1
708,0
709,1
710,1
711,1
712,1
713,0
714,1
715,1
716,0
717,1
718,1
719,0
720,0
721,1
722,0
723,0
724,1
725,0
726,1
727,0
728,0
729,1
730,1
731,0
732,1
733,1
734,0
735,1
736,0
737,0
738,0
739,1
740,0
741,0
742,1
743,1
744,0
745,1
746,1
747,0
748,0
749,0
750,0
751,0
752,1
753,1
754,0
755,1
756,1
757,1
758,1
759,0
760,0
761,0
762,1
763,1
764,1
765,0
766,0
767,1
768,1
769,0
770,1
771,0
772,0
773,1
774,0
775,0
776,1
777,0
778,0
779,1
780,1
781,0
782,0
783,0
784,0
785,1
786,0
787,0
788,0
789,0
790,1
791,0
792,0
793,1
794,1
795,0
796,1
797,1
798,1
799,1
800,1
801,1
802,0
803,1
804,0
805,1
806,0
807,1
808,1
809,0
810,1
811,0
812,0
813,1
814,1
815,0
816,1
817,1
818,1
819,0
820,1
821,1
822,0
823,1
824,1
825,0
826,0
827,0
828,0
829,1
830,1
831,0
832,0
833,1
834,0
835,0
836,1
837,1
838,1
839,0
840,1
841,1
842,0
843,1
844,0
845,1
846,0
847,1
848,1
849,0
850,0
851,0
852,0
853,1
854,1
855,0
856,0
857,1
858,1
859,1
860,1
861,0
862,1
863,1
864,0
865,1
866,1
867,0
868,0
869,1
870,0
871,1
872,1
873,0
874,1
875,1
876,1
877,1
878,1
879,1
880,0
881,1
882,1
883,1
884,0
885,1
886,0
887,1
888,1
889,0
890,1
891,0
892,1
893,1
894,0
895,1
896,0
897,0
898,1
899,0
900,0
901,0
902,1
903,1
904,1
905,0
906,1
907,1
908,0
909,0
910,1
911,0
912,0
913,0
914,0
915,1
916,1
917,0
918,0
919,0
920,1
921,0
922,1
923,1
924,0
925,0
926,1
927,0
928,0
929,0
930,0
931,0
932,0
933,1
934,0
935,0
936,0
937,1
938,0
939,0
940,0
941,1
942,0
943,0
944,1
945,1
946,1
947,0
948,1
949,1
950,0
951,1
952,0
953,0
954,1
955,1
956,1
957,1
958,0
959,1
960,1
961,0
962,1
963,1
964,0
965,1
966,1
967,0
968,0
969,0
970,0
971,0
972,0
973,1
974,0
975,1
976,1
977,1
978,1
979,0
980,1
981,1
982,0
983,0
984,0
985,0
986,1
987,1
988,1
989,0
990,1
991,0
992,0
993,1
994,1
995,1
996,1
997,1
998,0
999,0
1000,0
1001,0
1002,1
1003,0
1004,1
1005,1
1006,1
1007,1
1008,0
1009,1
1010,1
1011,0
1012,1
1013,1
1014,1
1015,1
1016,1
1017,0
1018,1
1019,1
1020,0
1021,0
1022,0
1023,0
1024,1
1025,1
1026,1
1027,0
1028,1
1029,0
1030,0
1031,0
1032,1
1033,1
1034,0
1035,1
1036,0
1037,1
1038,1
1039,0
1040,0
1041,1
1042,1
1043,1
1044,1
1045,1
1046,1
1047,1
1048,0
1049,0
1050,0
1051,1
1052,0
1053,1
1054,0
1055,0
1056,1
1057,0
1058,1
1059,1
1060,1
1061,1
1062,0
1063,0
1064,0
1065,1
1066,0
1067,0
1068,0
1069,0
1070,1
1071,1
1072,0
1073,1
1074,1
1075,0
1076,1
1077,1
1078,0
1079,0
1080,0
1081,1
1082,0
1083,1
1084,1
1085,1
1086,1
1087,1
1088,1
1089,1
1090,1
1091,0
1092,1
1093,0
1094,1
1095,0
1096,0
1097,0
1098,0
1099,0
1100,1
1101,0
1102,0
1103,1
1104,0
1105,0
1106,1
1107,1
1108,1
1109,0
1110,1
1111,0
1112,1
1113,1
1114,0
1115,1
1116,1
1117,0
1118,0
1119,0
1120,1
1121,0
1122,0
1123,1
1124,1
1125,0
1126,0
1127,0
1128,1
1129,1
1130,1
1131,1
1132,1
1133,1
1134,0
1135,1
1136,1
1137,1
1138,0
1139,1
1140,0
1141,0
1142,0
1143,0
1144,1
1145,0
1146,0
1147,1
1148,1
1149,0
1150,0
1151,1
1152,1
1153,1
1154,1
1155,0
1156,0
1157,1
1158,0
1159,0
1160,1
1161,1
1162,1
1163,1
1164,1
1165,1
1166,0
1167,0
1168,0
1169,1
1170,0
1171,0
1172,1
1173,0
1174,0
1175,0
1176,0
1177,1
1178,0
1179,0
1180,0
1181,0
1182,0
1183,0
1184,0
1185,1
1186,1
1187,1
1188,0
1189,0
1190,0
1191,1
1192,1
1193,0
1194,0
1195,1
1196,1
1197,0
1198,0
1199,1
1200,0
1201,1
1202,0
1203,1
1204,0
1205,1
1206,1
1207,0
1208,0
1209,0
1210,1
1211,1
1212,1
1213,0
1214,0
1215,1
1216,1
1217,0
1218,1
1219,0
1220,1
1221,0
1222,0
1223,1
1224,1
1225,0
1226,0
1227,1
1228,1
1229,0
1230,1
1231,0
1232,1
1233,1
1234,0
1235,0
1236,0
1237,0
1238,0
1239,0
1240,1
1241,0
1242,0
1243,1
1244,1
1245,1
1246,1
1247,1
1248,1
1249,0
1250,0
1251,1
1252,0
1253,1
1254,0
1255,1
1256,1
1257,0
1258,0
1259,0
1260,1
1261,0
1262,0
1263,0
1264,1
1265,0
1266,1
1267,0
1268,0
1269,1
1270,0
1271,1
1272,1
1273,0
1274,1
1275,0
1276,1
1277,0
1278,0
1279,1
1280,1
1281,0
1282,0
1283,1
1284,1
1285,1
1286,1
1287,0
1288,0
1289,1
1290,0
1291,1
1292,0
1293,0
1294,1
1295,1
1296,1
1297,1
1298,1
1299,1
1300,0
1301,0
1302,0
1303,0
1304,0
1305,0
1306,0
1307,0
1308,1
1309,1
1310,1
1311,1
1312,1
1313,1
1314,1
1315,0
1316,1
1317,0
1318,0
1319,0
1320,0
1321,1
1322,1
1323,1
1324,1
1325,1
1326,1
1327,1
1328,1
1329,1
1330,1
1331,0
1332,1
1333,0
1334,1
1335,1
1336,0
1337,0
1338,1
1339,0
1340,1
1341,0
1342,0
1343,1
1344,0
1345,1
1346,0
1347,0
1348,1
1349,0
1350,0
1351,1
1352,1
1353,0
1354,0
1355,0
1356,0
1357,1
1358,1
1359,0
1360,1
1361,1
1362,0
1363,0
1364,1
1365,0
1366,1
1367,0
1368,0
1369,1
1370,1
1371,0
1372,1
1373,0
1374,0
1375,0
1376,0
1377,1
1378,0
1379,0
1380,0
1381,1
1382,0
1383,0
1384,1
1385,1
1386,0
1387,1
1388,1
1389,1
1390,0
1391,0
1392,1
1393,1
1394,1
1395,1
1396,0
1397,1
1398,1
1399,0
1400,1
1401,1
1402,1
1403,0
1404,1
1405,0
1406,0
1407,0
1408,0
1409,0
1410,0
1411,0
1412,0
1413,0
1414,0
1415,1
1416,0
1417,0
1418,0
1419,0
1420,1
1421,0
1422,1
1423,1
1424,1
1425,0
1426,1
1427,0
1428,0
1429,1
1430,0
1431,1
1432,1
1433,1
1434,1
1435,0
1436,1
1437,0
1438,0
1439,1
1440,0
1441,0
1442,1
1443,0
1444,0
1445,0
1446,1
1447,1
1448,0
1449,1
1450,0
1451,0
1452,1
1453,1
1454,1
1455,1
1456,0
1457,0
1458,0
1459,1
1460,0
1461,1
1462,1
1463,0
1464,0
1465,0
1466,0
1467,0
1468,1
1469,0
1470,0
1471,0
1472,0
1473,1
1474,1
1475,1
1476,0
1477,1
1478,0
1479,1
1480,0
1481,0
1482,0
1483,0
1484,1
1485,0
1486,1
1487,1
1488,0
1489,0
1490,0
1491,0
1492,1
1493,0
1494,1
1495,1
1496,0
1497,1
1498,0
1499,1
1500,0
1501,0
1502,1
1503,0
1504,1
1505,0
1506,1
1507,1
1508,1
1509,0
1510,0
1511,0
1512,0
1513,1
1514,1
1515,0
1516,0
1517,1
1518,1
1519,0
1520,1
1521,0
1522,0
1523,1
1524,1
1525,0
1526,0
1527,0
1528,1
1529,1
1530,0
1531,0
1532,1
1533,1
1534,1
1535,1
1536,0
1537,1
1538,1
1539,1
1540,0
1541,0
1542,1
1543,0
1544,0
1545,1
1546,1
1547,0
1548,0
1549,1
1550,1
1551,0
1552,1
1553,1
1554,1
1555,0
1556,1
1557,0
1558,0
1559,1
1560,1
1561,1
1562,0
1563,1
1564,1
1565,1
1566,0
1567,0
1568,1
1569,0
1570,1
1571,0
1572,0
1573,0
1574,1
1575,1
1576,1
1577,1
1578,1
1579,1
1580,1
1581,0
1582,0
1583,1
1584,1
1585,0
1586,0
1587,1
1588,1
1589,1
1590,0
1591,0
1592,1
1593,0
1594,0
1595,0
1596,0
1597,1
1598,0
1599,0
1600,1
1601,0
1602,0
1603,0
1604,1
1605,0
1606,0
1607,1
1608,1
1609,1
1610,1
1611,0
1612,1
1613,1
1614,0
1615,1
1616,1
1617,0
1618,1
1619,0
1620,1
1621,0
1622,1
1623,1
1624,1
1625,0
1626,1
1627,0
1628,1
1629,1
1630,0
1631,0
1632,0
1633,0
1634,0
1635,0
1636,0
1637,1
1638,1
1639,1
1640,0
1641,0
1642,1
1643,0
1644,0
1645,1
1646,1
1647,1
1648,0
1649,0
1650,1
1651,1
1652,1
1653,0
1654,1
1655,1
1656,1
1657,0
1658,0
1659,1
1660,1
1661,0
1662,0
1663,0
1664,0
1665,0
1666,0
1667,0
1668,0
1669,1
1670,0
1671,0
1672,1
1673,0
1674,0
1675,1
1676,0
1677,1
1678,0
1679,0
1680,0
1681,1
1682,1
1683,0
1684,0
1685,1
1686,0
1687,1
1688,1
1689,0
1690,0
1691,0
1692,1
1693,0
1694,0
1695,1
1696,1
1697,1
1698,0
1699,0
1700,0
1701,0
1702,0
1703,1
1704,0
1705,1
1706,0
1707,1
1708,0
1709,0
1710,0
1711,1
1712,1
1713,0
1714,1
1715,0
1716,0
1717,1
1718,0
1719,0
1720,0
1721,0
1722,0
1723,1
1724,1
1725,1
1726,1
1727,0
1728,0
1729,1
1730,1
1731,0
1732,1
1733,0
1734,0
1735,1
1736,1
1737,1
1738,0
1739,1
1740,1
1741,1
1742,0
1743,0
1744,0
1745,0
1746,1
1747,1
1748,0
1749,0
1750,1
1751,0
1752,0
1753,1
1754,1
1755,0
1756,1
1757,1
1758,1
1759,0
1760,1
1761,0
1762,0
1763,0
1764,1
1765,0
1766,0
1767,1
1768,1
1769,0
1770,0
1771,1
1772,1
1773,0
1774,1
1775,0
1776,1
1777,0
1778,1
1779,1
1780,1
1781,0
1782,1
1783,0
1784,0
1785,0
1786,1
1787,1
1788,1
1789,1
1790,0
1791,1
1792,0
1793,0
1794,1
1795,0
1796,1
1797,0
1798,1
1799,1
1800,1
1801,0
1802,1
1803,1
1804,0
1805,1
1806,1
1807,0
1808,0
1809,0
1810,1
1811,0
1812,1
1813,0
1814,0
1815,1
1816,0
1817,1
1818,1
1819,0
1820,0
1821,1
1822,0
1823,1
1824,1
1825,0
1826,1
1827,0
1828,0
1829,0
1830,0
1831,1
1832,1
1833,1
1834,1
1835,1
1836,0
1837,0
1838,0
1839,1
1840,0
1841,0
1842,1
1843,1
1844,1
1845,0
1846,1
1847,1
1848,0
1849,0
1850,1
1851,1
1852,1
1853,0
1854,0
1855,1
1856,0
1857,1
1858,0
1859,0
1860,0
1861,1
1862,0
1863,1
1864,0
1865,0
1866,0
1867,1
1868,1
1869,1
1870,0
1871,1
1872,0
1873,0
1874,0
1875,0
1876,0
1877,1
1878,0
1879,1
1880,0
1881,0
1882,0
1883,1
1884,1
1885,0
1886,0
1887,0
1888,1
1889,1
1890,0
1891,0
1892,1
1893,1
1894,0
1895,1
1896,0
1897,1
1898,0
1899,0
1900,1
1901,0
1902,0
1903,0
1904,0
1905,0
1906,0
1907,0
1908,0
1909,1
1910,1
1911,0
1912,0
1913,0
1914,1
1915,1
1916,0
1917,0
1918,0
1919,1
1920,1
1921,0
1922,1
1923,1
1924,1
1925,0
1926,0
1927,1
1928,0
1929,1
1930,0
1931,1
1932,0
1933,0
1934,0
1935,0
1936,0
1937,1
1938,0
1939,1
1940,1
1941,1
1942,0
1943,0
1944,0
1945,0
1946,0
1947,1
1948,1
1949,1
1950,1
1951,0
1952,0
1953,0
1954,0
1955,1
1956,1
1957,0
1958,0
1959,0
1960,1
1961,1
1962,0
1963,0
1964,1
1965,0
1966,1
1967,0
1968,0
1969,1
1970,1
1971,0
1972,1
1973,1
1974,1
1975,0
1976,0
1977,0
1978,1
1979,0
1980,1
1981,0
1982,1
1983,1
1984,1
1985,0
1986,0
1987,0
1988,1
1989,0
1990,1
1991,1
1992,0
1993,0
1994,1
1995,1
1996,1
1997,0
1998,1
1999,0
2000,0
2001,1
2002,1
2003,0
2004,0
2005,1
2006,0
2007,1
2008,1
2009,1
2010,0
2011,0
2012,0
2013,0
2014,0
2015,1
2016,0
2017,0
2018,1
2019,0
2020,1
2021,1
2022,0
2023,1
2024,1
2025,1
2026,1
2027,1
2028,1
2029,1
2030,0
2031,1
2032,0
2033,1
2034,1
2035,0
2036,1
2037,1
2038,0
2039,0
2040,0
2041,1
2042,1
2043,1
2044,1
2045,0
2046,0
2047,1
2048,1
2049,0
2050,1
2051,1
2052,1
2053,0
2054,0
2055,1
2056,1
2057,1
2058,0
2059,0
2060,0
2061,0
2062,0
2063,0
2064,0
2065,1
2066,1
2067,0
2068,0
2069,1
2070,0
2071,0
2072,1
2073,0
2074,0
2075,0
2076,1
2077,0
2078,1
2079,0
2080,0
2081,0
2082,1
2083,0
2084,1
2085,1
2086,0
2087,1
2088,0
2089,1
2090,0
2091,1
2092,1
2093,0
2094,0
2095,0
2096,0
2097,0
2098,0
2099,0
2100,1
2101,1
2102,0
2103,1
2104,0
2105,1
2106,1
2107,0
2108,0
2109,1
2110,0
2111,1
2112,0
2113,1
2114,0
2115,0
2116,1
2117,1
2118,0
2119,0
2120,1
2121,0
2122,0
2123,0
2124,0
2125,0
2126,1
2127,0
2128,0
2129,1
2130,1
2131,0
2132,0
2133,0
2134,1
2135,0
2136,0
2137,0
2138,1
2139,1
2140,0
2141,0
2142,1
2143,1
2144,1
2145,0
2146,1
2147,1
2148,1
2149,1
2150,1
2151,1
2152,0
2153,1
2154,0
2155,1
2156,1
2157,1
2158,0
2159,0
2160,0
2161,0
2162,1
2163,0
2164,0
2165,1
2166,0
2167,0
2168,1
2169,1
2170,0
2171,1
2172,1
2173,0
2174,0
2175,1
2176,1
2177,0
2178,0
2179,0
2180,1
2181,1
2182,1
2183,0
2184,0
2185,1
2186,1
2187,0
2188,0
2189,0
2190,1
2191,1
2192,1
2193,1
2194,1
2195,1
2196,0
2197,0
2198,1
2199,1
2200,1
2201,0
2202,0
2203,1
2204,1
2205,0
2206,0
2207,1
2208,0
2209,0
2210,0
2211,1
2212,1
2213,0
2214,0
2215,1
2216,0
2217,1
2218,1
2219,0
2220,1
2221,0
2222,0
2223,1
2224,0
2225,0
2226,0
2227,0
2228,0
2229,0
2230,1
2231,0
2232,1
2233,0
2234,1
2235,1
2236,1
2237,1
2238,0
2239,1
2240,1
2241,0
2242,1
2243,1
2244,0
2245,1
2246,0
2247,0
2248,0
2249,1
2250,1
2251,1
2252,0
2253,1
2254,1
2255,1
2256,0
2257,0
2258,1
2259,1
2260,0
2261,0
2262,0
2263,0
2264,1
2265,0
2266,0
2267,0
2268,0
2269,1
2270,0
2271,1
2272,1
2273,0
2274,0
2275,0
2276,1
2277,0
2278,1
2279,1
2280,0
2281,0
2282,0
2283,0
2284,0
2285,1
2286,0
2287,0
2288,1
2289,1
2290,1
2291,1
2292,1
2293,0
2294,0
2295,1
2296,0
2297,0
2298,0
2299,1
2300,1
2301,0
2302,0
2303,0
2304,0
2305,1
2306,1
2307,0
2308,1
2309,0
2310,1
2311,1
2312,1
2313,0
2314,1
2315,0
2316,0
2317,1
2318,0
2319,1
2320,0
2321,0
2322,0
2323,0
2324,1
2325,1
2326,1
2327,0
2328,0
2329,1
2330,0
2331,0
2332,1
2333,1
2334,0
2335,0
2336,1
2337,0
2338,1
2339,0
2340,1
2341,1
2342,1
2343,0
2344,1
2345,0
2346,1
2347,0
2348,0
2349,0
2350,1
2351,0
2352,1
2353,1
2354,1
2355,0
2356,0
2357,1
2358,1
2359,1
2360,1
2361,1
2362,0
2363,1
2364,0
2365,0
2366,0
2367,0
2368,1
2369,0
2370,1
2371,1
2372,1
2373,0
2374,0
2375,1
2376,0
2377,0
2378,0
2379,1
2380,0
2381,1
2382,1
2383,1
2384,0
2385,1
2386,1
2387,1
2388,0
2389,1
2390,1
2391,1
2392,1
2393,1
2394,1
2395,1
2396,1
2397,1
2398,1
2399,1
2400,1
2401,0
2402,0
2403,1
2404,0
2405,0
2406,1
2407,1
2408,0
2409,1
2410,0
2411,1
2412,1
2413,1
2414,0
2415,1
2416,1
2417,0
2418,0
2419,1
2420,1
2421,0
2422,0
2423,1
2424,0
2425,0
2426,0
2427,0
2428,0
2429,1
2430,1
2431,1
2432,1
2433,0
2434,0
2435,1
2436,1
2437,0
2438,0
2439,1
2440,1
2441,0
2442,0
2443,1
2444,0
2445,0
2446,0
2447,0
2448,1
2449,1
2450,1
2451,1
2452,0
2453,0
2454,1
2455,1
2456,0
2457,1
2458,0
2459,0
2460,1
2461,0
2462,0
2463,1
2464,0
2465,0
2466,0
2467,1
2468,1
2469,0
2470,1
2471,1
2472,1
2473,0
2474,1
2475,1
2476,1
2477,0
2478,0
2479,1
2480,1
2481,0
2482,0
2483,1
2484,1
2485,0
2486,1
2487,0
2488,0
2489,1
2490,1
2491,1
2492,0
2493,0
2494,0
2495,1
2496,1
2497,1
2498,1
2499,0
2500,0
2501,0
2502,0
2503,1
2504,0
2505,0
2506,0
2507,1
2508,1
2509,1
2510,0
2511,1
2512,1
2513,1
2514,0
2515,0
2516,0
2517,1
2518,0
2519,0
2520,0
2521,0
2522,1
2523,0
2524,0
2525,0
2526,0
2527,0
2528,0
2529,1
2530,0
2531,0
2532,1
2533,0
2534,0
2535,1
2536,0
2537,1
2538,1
2539,1
2540,0
2541,1
2542,1
2543,0
2544,1
2545,0
2546,0
2547,0
2548,0
2549,1
2550,1
2551,1
2552,0
2553,0
2554,1
2555,1
2556,1
2557,1
2558,0
2559,1
2560,1
2561,1
2562,1
2563,1
2564,0
2565,1
2566,1
2567,1
2568,0
2569,1
2570,0
2571,0
2572,0
2573,1
2574,0
2575,1
2576,0
2577,0
2578,0
2579,1
2580,1
2581,0
2582,0
2583,0
2584,1
2585,1
2586,1
2587,1
2588,1
2589,0
2590,0
2591,0
2592,0
2593,1
2594,1
2595,1
2596,0
2597,1
2598,0
2599,0
2600,0
2601,0
2602,1
2603,1
2604,1
2605,1
2606,0
2607,1
2608,1
2609,0
2610,0
2611,0
2612,0
2613,0
2614,1
2615,1
2616,0
2617,0
2618,1
2619,1
2620,0
2621,0
2622,0
2623,0
2624,0
2625,1
2626,0
2627,0
2628,1
2629,0
2630,0
2631,1
2632,1
2633,1
2634,1
2635,0
2636,1
2637,0
2638,1
2639,1
2640,1
2641,0
2642,0
2643,1
2644,1
2645,0
2646,1
2647,1
2648,1
2649,1
2650,0
2651,1
2652,0
2653,1
2654,1
2655,1
2656,0
2657,0
2658,1
2659,0
2660,1
2661,0
2662,1
2663,1
2664,0
2665,1
2666,0
2667,0
2668,0
2669,1
2670,1
2671,1
2672,1
2673,0
2674,0
2675,0
2676,0
2677,1
2678,1
2679,0
2680,1
2681,1
2682,1
2683,1
2684,1
2685,0
2686,0
2687,1
2688,1
2689,1
2690,1
2691,1
2692,1
2693,1
2694,0
2695,0
2696,0
2697,0
2698,0
2699,0
2700,0
2701,0
2702,1
2703,0
2704,1
2705,0
2706,1
2707,0
2708,1
2709,1
2710,0
2711,0
2712,1
2713,1
2714,0
2715,0
2716,0
2717,1
2718,1
2719,1
2720,1
2721,1
2722,1
2723,0
2724,0
2725,1
2726,0
2727,1
2728,0
2729,1
2730,1
2731,1
2732,0
2733,0
2734,1
2735,1
2736,0
2737,1
2738,0
2739,1
2740,0
2741,0
2742,0
2743,0
2744,0
2745,1
2746,1
2747,0
2748,0
2749,1
2750,1
2751,1
2752,0
2753,0
2754,1
2755,1
2756,1
2757,0
2758,0
2759,1
2760,0
2761,0
2762,1
2763,0
2764,1
2765,0
2766,1
2767,1
2768,0
2769,0
2770,0
2771,1
2772,0
2773,1
2774,1
2775,0
2776,1
2777,0
2778,0
2779,1
2780,1
2781,0
2782,1
2783,1
2784,1
2785,0
2786,0
2787,0
2788,1
2789,0
2790,1
2791,1
2792,0
2793,1
2794,0
2795,0
2796,1
2797,1
2798,0
2799,1
2800,1
2801,1
2802,1
2803,1
2804,1
2805,1
2806,1
2807,0
2808,1
2809,0
2810,0
2811,0
2812,1
2813,1
2814,0
2815,1
2816,0
2817,1
2818,0
2819,1
2820,0
2821,1
2822,1
2823,1
2824,0
2825,0
2826,0
2827,0
2828,0
2829,1
2830,0
2831,0
2832,1
2833,0
2834,0
2835,0
2836,0
2837,1
2838,0
2839,1
2840,1
2841,1
2842,1
2843,0
2844,1
2845,1
2846,1
2847,0
2848,0
2849,0
2850,0
2851,0
2852,1
2853,1
2854,0
2855,0
2856,1
2857,0
2858,1
2859,1
2860,0
2861,1
2862,1
2863,0
2864,1
2865,1
2866,1
2867,1
2868,0
2869,1
2870,0
2871,0
2872,0
2873,0
2874,0
2875,0
2876,1
2877,1
2878,1
2879,1
2880,1
2881,0
2882,1
2883,0
2884,1
2885,0
2886,1
2887,0
2888,1
2889,0
2890,0
2891,0
2892,0
2893,0
2894,1
2895,0
2896,0
2897,0
2898,0
2899,1
2900,1
2901,1
2902,1
2903,1
2904,0
2905,0
2906,0
2907,0
2908,1
2909,0
2910,0
2911,0
2912,0
2913,0
2914,0
2915,0
2916,0
2917,0
2918,0
2919,1
2920,0
2921,1
2922,0
2923,0
2924,0
2925,0
2926,1
2927,1
2928,0
2929,0
2930,1
2931,0
2932,1
2933,1
2934,0
2935,0
2936,1
2937,0
2938,1
2939,0
2940,0
2941,0
2942,1
2943,1
2944,0
2945,1
2946,0
2947,0
2948,0
2949,0
2950,1
2951,0
2952,1
2953,1
2954,1
2955,0
2956,1
2957,0
2958,0
2959,0
2960,0
2961,0
2962,1
2963,0
2964,0
2965,0
2966,1
2967,1
2968,1
2969,0
2970,0
2971,0
2972,1
2973,0
2974,1
2975,0
2976,1
2977,0
2978,1
2979,0
2980,1
2981,1
2982,0
2983,0
2984,0
2985,1
2986,0
2987,0
2988,0
2989,1
2990,0
2991,1
2992,1
2993,1
2994,1
2995,0
2996,1
2997,1
2998,1
2999,1
3000,0
3001,0
3002,0
3003,1
3004,0
3005,1
3006,0
3007,1
3008,0
3009,1
3010,0
3011,1
3012,1
3013,0
3014,0
3015,1
3016,0
3017,0
3018,0
3019,1
3020,0
3021,0
3022,1
3023,0
3024,1
3025,0
3026,1
3027,0
3028,0
3029,1
3030,0
3031,0
3032,1
3033,0
3034,1
3035,1
3036,1
3037,1
3038,1
3039,1
3040,0
3041,1
3042,0
3043,1
3044,0
3045,0
3046,1
3047,0
3048,0
3049,0
3050,1
3051,0
3052,1
3053,0
3054,0
3055,0
3056,1
3057,0
3058,1
3059,0
3060,0
3061,1
3062,0
3063,0
3064,1
3065,1
3066,1
3067,0
3068,0
3069,0
3070,0
3071,0
3072,0
3073,1
3074,1
3075,1
3076,1
3077,0
3078,1
3079,1
3080,1
3081,1
3082,1
3083,1
3084,1
3085,1
3086,0
3087,1
3088,0
3089,0
3090,1
3091,1
3092,1
3093,1
3094,1
3095,1
3096,0
3097,0
3098,0
3099,1
3100,0
3101,1
3102,1
3103,0
3104,1
3105,0
3106,0
3107,0
3108,0
3109,1
3110,1
3111,0
3112,0
3113,1
3114,1
3115,0
3116,1
3117,0
3118,0
3119,1
3120,0
3121,1
3122,1
3123,1
3124,1
3125,1
3126,1
3127,0
3128,1
3129,1
3130,0
3131,1
3132,0
3133,0
3134,1
3135,0
3136,0
3137,1
3138,1
3139,0
3140,1
3141,0
3142,0
3143,1
3144,1
3145,1
3146,0
3147,1
3148,0
3149,1
3150,1
3151,1
3152,1
3153,1
3154,1
3155,1
3156,1
3157,0
3158,0
3159,0
3160,1
3161,0
3162,1
3163,1
3164,0
3165,0
3166,0
3167,0
3168,1
3169,0
3170,1
3171,0
3172,1
3173,1
3174,0
3175,0
3176,1
3177,0
3178,1
3179,1
3180,1
3181,1
3182,0
3183,1
3184,0
3185,0
3186,1
3187,0
3188,1
3189,0
3190,1
3191,1
3192,0
3193,0
3194,1
3195,0
3196,1
3197,0
3198,1
3199,1
3200,1
3201,0
3202,0
3203,0
3204,0
3205,1
3206,1
3207,0
3208,0
3209,0
3210,1
3211,0
3212,1
3213,0
3214,1
3215,0
3216,1
3217,0
3218,1
3219,1
3220,1
3221,0
3222,1
3223,0
3224,1
3225,0
3226,0
3227,0
3228,1
3229,1
3230,1
3231,0
3232,1
3233,1
3234,0
3235,1
3236,1
3237,1
3238,0
3239,0
3240,1
3241,1
3242,1
3243,1
3244,0
3245,0
3246,0
3247,1
3248,1
3249,1
3250,1
3251,0
3252,1
3253,1
3254,1
3255,1
3256,1
3257,0
3258,1
3259,0
3260,1
3261,0
3262,1
3263,1
3264,0
3265,0
3266,1
3267,1
3268,0
3269,1
3270,0
3271,1
3272,0
3273,1
3274,0
3275,0
3276,1
3277,0
3278,1
3279,0
3280,0
3281,1
3282,0
3283,1
3284,1
3285,1
3286,1
3287,0
3288,1
3289,1
3290,0
3291,0
3292,0
3293,1
3294,1
3295,0
3296,0
3297,1
3298,1
3299,0
3300,0
3301,1
3302,0
3303,0
3304,1
3305,1
3306,1
3307,1
3308,1
3309,0
3310,1
3311,1
3312,1
3313,1
3314,0
3315,1
3316,0
3317,0
3318,0
3319,1
3320,1
3321,0
3322,0
3323,0
3324,0
3325,0
3326,1
3327,0
3328,0
3329,1
3330,1
3331,0
3332,0
3333,0
3334,1
3335,1
3336,1
3337,1
3338,1
3339,0
3340,0
3341,0
3342,0
3343,0
3344,1
3345,1
3346,1
3347,0
3348,1
3349,0
3350,1
3351,0
3352,0
3353,0
3354,0
3355,0
3356,0
3357,0
3358,0
3359,0
3360,0
3361,0
3362,1
3363,0
3364,1
3365,0
3366,0
3367,1
3368,0
3369,0
3370,1
3371,1
3372,0
3373,1
3374,1
3375,0
3376,1
3377,0
3378,1
3379,0
3380,1
3381,0
3382,0
3383,1
3384,0
3385,1
3386,1
3387,1
3388,0
3389,1
3390,0
3391,0
3392,0
3393,0
3394,1
3395,1
3396,1
3397,0
3398,1
3399,0
3400,0
3401,1
3402,1
3403,0
3404,0
3405,1
3406,1
3407,0
3408,1
3409,1
3410,0
3411,1
3412,1
3413,0
3414,0
3415,0
3416,0
3417,0
3418,1
3419,1
3420,1
3421,0
3422,0
3423,1
3424,1
3425,1
3426,0
3427,0
3428,1
3429,1
3430,0
3431,1
3432,1
3433,0
3434,1
3435,1
3436,0
3437,1
3438,1
3439,0
3440,0
3441,1
3442,0
3443,0
3444,1
3445,1
3446,1
3447,1
3448,1
3449,0
3450,1
3451,1
3452,0
3453,1
3454,0
3455,0
3456,1
3457,0
3458,0
3459,1
3460,0
3461,1
3462,1
3463,0
3464,1
3465,0
3466,0
3467,0
3468,0
3469,0
3470,1
3471,0
3472,0
3473,1
3474,1
3475,0
3476,0
3477,1
3478,1
3479,0
3480,0
3481,1
3482,0
3483,1
3484,1
3485,0
3486,0
3487,1
3488,0
3489,1
3490,0
3491,1
3492,1
3493,1
3494,1
3495,0
3496,0
3497,0
3498,1
3499,0
3500,0
3501,0
3502,1
3503,0
3504,1
3505,1
3506,1
3507,0
3508,0
3509,0
3510,0
3511,1
3512,0
3513,0
3514,0
3515,0
3516,1
3517,0
3518,1
3519,1
3520,0
3521,0
3522,0
3523,1
3524,0
3525,0
3526,1
3527,0
3528,0
3529,0
3530,1
3531,0
3532,0
3533,1
3534,1
3535,1
3536,0
3537,0
3538,1
3539,1
3540,1
3541,1
3542,1
3543,1
3544,0
3545,1
3546,1
3547,0
3548,1
3549,1
3550,1
3551,1
3552,1
3553,0
3554,0
3555,1
3556,0
3557,0
3558,0
3559,0
3560,1
3561,0
3562,0
3563,1
3564,1
3565,1
3566,0
3567,0
3568,0
3569,1
3570,0
3571,0
3572,1
3573,0
3574,0
3575,0
3576,1
3577,1
3578,0
3579,1
3580,0
3581,0
3582,0
3583,0
3584,1
3585,1
3586,0
3587,0
3588,0
3589,1
3590,0
3591,1
3592,0
3593,1
3594,0
3595,1
3596,0
3597,0
3598,1
3599,0
3600,1
3601,1
3602,1
3603,1
3604,1
3605,0
3606,1
3607,0
3608,0
3609,1
3610,1
3611,0
3612,1
3613,0
3614,1
3615,1
3616,1
3617,0
3618,1
3619,0
3620,1
3621,1
3622,0
3623,0
3624,1
3625,0
3626,1
3627,0
3628,0
3629,1
3630,1
3631,0
3632,0
3633,0
3634,0
3635,1
3636,0
3637,1
3638,1
3639,1
3640,1
3641,0
3642,0
3643,1
3644,1
3645,0
3646,0
3647,0
3648,1
3649,1
3650,0
3651,0
3652,1
3653,0
3654,1
3655,0
3656,1
3657,0
3658,0
3659,1
3660,1
3661,1
3662,0
3663,0
3664,1
3665,0
3666,1
3667,0
3668,0
3669,0
3670,1
3671,1
3672,1
3673,0
3674,1
3675,1
3676,0
3677,0
3678,0
3679,0
3680,0
3681,0
3682,0
3683,1
3684,0
3685,1
3686,1
3687,0
3688,0
3689,0
3690,0
3691,0
3692,1
3693,0
3694,0
3695,1
3696,1
3697,1
3698,1
3699,0
3700,1
3701,1
3702,0
3703,1
3704,1
3705,0
3706,1
3707,0
3708,1
3709,0
3710,1
3711,1
3712,1
3713,1
3714,0
3715,0
3716,1
3717,1
3718,1
3719,1
3720,1
3721,1
3722,0
3723,0
3724,0
3725,0
3726,1
3727,1
3728,0
3729,0
3730,1
3731,0
3732,1
3733,0
3734,0
3735,0
3736,0
3737,1
3738,0
3739,0
3740,1
3741,0
3742,0
3743,0
3744,1
3745,1
3746,0
3747,0
3748,1
3749,1
3750,1
3751,1
3752,0
3753,1
3754,0
3755,0
3756,1
3757,0
3758,0
3759,0
3760,1
3761,1
3762,1
3763,1
3764,1
3765,1
3766,0
3767,0
3768,1
3769,1
3770,1
3771,1
3772,1
3773,0
3774,0
3775,1
3776,1
3777,1
3778,1
3779,1
3780,0
3781,0
3782,0
3783,1
3784,1
3785,1
3786,1
3787,0
3788,0
3789,0
3790,0
3791,0
3792,0
3793,0
3794,0
3795,0
3796,1
3797,1
3798,0
3799,0
3800,0
3801,1
3802,0
3803,1
3804,0
3805,1
3806,0
3807,1
3808,1
3809,0
3810,1
3811,0
3812,1
3813,0
3814,1
3815,0
3816,1
3817,1
3818,1
3819,1
3820,0
3821,1
3822,1
3823,1
3824,1
3825,1
3826,0
3827,1
3828,1
3829,0
3830,1
3831,0
3832,1
3833,0
3834,0
3835,1
3836,0
3837,1
3838,1
3839,1
3840,1
3841,0
3842,0
3843,0
3844,1
3845,0
3846,1
3847,0
3848,0
3849,1
3850,0
3851,1
3852,0
3853,0
3854,1
3855,0
3856,0
3857,0
3858,1
3859,1
3860,1
3861,1
3862,0
3863,0
3864,0
3865,0
3866,1
3867,1
3868,0
3869,0
3870,0
3871,1
3872,1
3873,0
3874,0
3875,0
3876,1
3877,1
3878,0
3879,1
3880,1
3881,0
3882,1
3883,0
3884,1
3885,0
3886,0
3887,1
3888,0
3889,1
3890,0
3891,0
3892,1
3893,0
3894,0
3895,1
3896,0
3897,1
3898,1
3899,1
3900,0
3901,0
3902,0
3903,1
3904,1
3905,0
3906,0
3907,0
3908,1
3909,1
3910,1
3911,0
3912,0
3913,1
3914,0
3915,0
3916,0
3917,0
3918,0
3919,0
3920,1
3921,1
3922,0
3923,1
3924,1
3925,1
3926,1
3927,1
3928,1
3929,1
3930,0
3931,1
3932,0
3933,0
3934,1
3935,0
3936,1
3937,1
3938,1
3939,0
3940,1
3941,0
3942,0
3943,0
3944,0
3945,1
3946,1
3947,1
3948,1
3949,0
3950,0
3951,0
3952,0
3953,1
3954,0
3955,0
3956,1
3957,0
3958,1
3959,0
3960,1
3961,1
3962,1
3963,0
3964,1
3965,0
3966,0
3967,1
3968,1
3969,0
3970,0
3971,0
3972,1
3973,1
3974,1
3975,0
3976,0
3977,1
3978,0
3979,1
3980,0
3981,1
3982,1
3983,0
3984,0
3985,1
3986,1
3987,0
3988,1
3989,1
3990,0
3991,1
3992,0
3993,0
3994,0
3995,0
3996,0
3997,0
3998,0
3999,0
4000,1
4001,0
4002,1
4003,0
4004,0
4005,0
4006,0
4007,0
4008,1
4009,1
4010,0
4011,1
4012,1
4013,1
4014,1
4015,0
4016,1
4017,0
4018,0
4019,0
4020,0
4021,1
4022,1
4023,0
4024,1
4025,0
4026,1
4027,0
4028,0
4029,1
4030,1
4031,0
4032,0
4033,1
4034,0
4035,0
4036,0
4037,0
4038,1
4039,0
4040,0
4041,1
4042,1
4043,0
4044,1
4045,1
4046,0
4047,1
4048,1
4049,1
4050,1
4051,1
4052,0
4053,1
4054,1
4055,1
4056,0
4057,1
4058,0
4059,0
4060,0
4061,1
4062,1
4063,0
4064,1
4065,1
4066,0
4067,0
4068,0
4069,1
4070,1
4071,1
4072,1
4073,1
4074,1
4075,1
4076,0
4077,0
4078,1
4079,0
4080,0
4081,0
4082,1
4083,1
4084,1
4085,0
4086,1
4087,0
4088,1
4089,1
4090,1
4091,1
4092,0
4093,0
4094,0
4095,0
4096,0
4097,0
4098,0
4099,0
4100,1
4101,0
4102,1
4103,0
4104,0
4105,0
4106,1
4107,0
4108,0
4109,0
4110,0
4111,1
4112,1
4113,1
4114,0
4115,0
4116,0
4117,0
4118,1
4119,0
4120,0
4121,1
4122,0
4123,0
4124,1
4125,1
4126,1
4127,0
4128,1
4129,0
4130,0
4131,0
4132,0
4133,0
4134,0
4135,1
4136,1
4137,0
4138,1
4139,0
4140,1
4141,0
4142,1
4143,1
4144,0
4145,0
4146,0
4147,1
4148,0
4149,1
4150,0
4151,0
4152,1
4153,0
4154,0
4155,1
4156,1
4157,0
4158,0
4159,0
4160,0
4161,0
4162,0
4163,0
4164,0
4165,0
4166,0
4167,1
4168,0
4169,0
4170,0
4171,1
4172,0
4173,1
4174,0
4175,0
4176,0
4177,0
4178,0
4179,0
4180,1
4181,0
4182,1
4183,1
4184,1
4185,1
4186,0
4187,0
4188,0
4189,1
4190,0
4191,1
4192,1
4193,1
4194,1
4195,0
4196,0
4197,1
4198,0
4199,0
4200,1
4201,0
4202,0
4203,0
4204,0
4205,0
4206,1
4207,0
4208,1
4209,1
4210,0
4211,1
4212,1
4213,1
4214,1
4215,1
4216,0
4217,0
4218,0
4219,1
4220,1
4221,0
4222,0
4223,1
4224,0
4225,1
4226,0
4227,1
4228,1
4229,0
4230,0
4231,1
4232,1
4233,1
4234,0
4235,0
4236,0
4237,0
4238,1
4239,0
4240,1
4241,1
4242,0
4243,0
4244,1
4245,1
4246,0
4247,1
4248,0
4249,1
4250,1
4251,1
4252,0
4253,0
4254,0
4255,1
4256,1
4257,1
4258,1
4259,0
4260,0
4261,0
4262,0
4263,1
4264,1
4265,1
4266,1
4267,0
4268,1
4269,1
4270,0
4271,0
4272,0
4273,0
4274,0
4275,0
4276,1
4277,1
4278,1
4279,1
4280,1
4281,1
4282,1
4283,1
4284,1
4285,0
4286,1
4287,0
4288,1
4289,1
4290,0
4291,0
4292,0
4293,0
4294,1
4295,0
4296,0
4297,1
4298,0
4299,1
4300,1
4301,0
4302,0
4303,0
4304,1
4305,1
4306,1
4307,1
4308,1
4309,1
4310,0
4311,1
4312,1
4313,1
4314,0
4315,0
4316,1
4317,1
4318,1
4319,1
4320,0
4321,0
4322,1
4323,0
4324,1
4325,1
4326,0
4327,0
4328,0
4329,0
4330,0
4331,1
4332,1
4333,1
4334,1
4335,0
4336,0
4337,1
4338,0
4339,1
4340,0
4341,0
4342,0
4343,0
4344,0
4345,1
4346,0
4347,1
4348,0
4349,1
4350,1
4351,0
4352,1
4353,0
4354,1
4355,0
4356,0
4357,0
4358,1
4359,1
4360,1
4361,0
4362,1
4363,0
4364,1
4365,0
4366,1
4367,0
4368,0
4369,1
4370,0
4371,1
4372,1
4373,0
4374,1
4375,0
4376,0
4377,0
4378,1
4379,0
4380,0
4381,1
4382,1
4383,0
4384,0
4385,0
4386,1
4387,1
4388,0
4389,0
4390,1
4391,1
4392,1
4393,1
4394,1
4395,1
4396,1
4397,0
4398,0
4399,0
4400,0
4401,1
4402,0
4403,0
4404,1
4405,0
4406,1
4407,0
4408,0
4409,1
4410,1
4411,0
4412,0
4413,1
4414,1
4415,0
4416,0
4417,0
4418,0
4419,1
4420,1
4421,1
4422,1
4423,0
4424,1
4425,0
4426,1
4427,1
4428,0
4429,0
4430,1
4431,0
4432,0
4433,0
4434,1
4435,1
4436,1
4437,1
4438,0
4439,0
4440,1
4441,1
4442,1
4443,0
4444,1
4445,1
4446,1
4447,0
4448,0
4449,1
4450,0
4451,1
4452,0
4453,0
4454,1
4455,0
4456,1
4457,1
4458,1
4459,0
4460,0
4461,0
4462,1
4463,0
4464,1
4465,0
4466,1
4467,0
4468,0
4469,1
4470,0
4471,1
4472,0
4473,1
4474,1
4475,1
4476,0
4477,1
4478,1
4479,0
4480,0
4481,1
4482,1
4483,1
4484,0
4485,0
4486,1
4487,0
4488,1
4489,1
4490,1
4491,1
4492,1
4493,0
4494,0
4495,1
4496,1
4497,0
4498,0
4499,1
4500,1
4501,0
4502,0
4503,1
4504,0
4505,0
4506,1
4507,1
4508,0
4509,0
4510,0
4511,1
4512,1
4513,0
4514,1
4515,1
4516,0
4517,0
4518,1
4519,0
4520,0
4521,0
4522,1
4523,1
4524,1
4525,0
4526,0
4527,0
4528,1
4529,0
4530,1
4531,0
4532,0
4533,1
4534,1
4535,1
4536,1
4537,1
4538,0
4539,1
4540,1
4541,1
4542,1
4543,0
4544,0
4545,1
4546,0
4547,0
4548,0
4549,0
4550,0
4551,1
4552,0
4553,1
4554,0
4555,1
4556,0
4557,0
4558,0
4559,0
4560,0
4561,1
4562,1
4563,0
4564,0
4565,1
4566,0
4567,1
4568,1
4569,0
4570,0
4571,1
4572,0
4573,0
4574,1
4575,1
4576,1
4577,0
4578,1
4579,0
4580,1
4581,0
4582,0
4583,0
4584,1
4585,0
4586,0
4587,0
4588,0
4589,1
4590,1
4591,1
4592,0
4593,0
4594,0
4595,1
4596,0
4597,0
4598,0
4599,0
4600,1
4601,1
4602,0
4603,0
4604,1
4605,1
4606,1
4607,0
4608,0
4609,1
4610,0
4611,1
4612,1
4613,0
4614,0
4615,1
4616,0
4617,0
4618,0
4619,1
4620,1
4621,0
4622,0
4623,0
4624,1
4625,0
4626,0
4627,0
4628,0
4629,1
4630,1
4631,1
4632,0
4633,0
4634,1
4635,0
4636,1
4637,0
4638,0
4639,1
4640,0
4641,0
4642,1
4643,0
4644,0
4645,0
4646,1
4647,0
4648,0
4649,1
4650,1
4651,1
4652,1
4653,1
4654,1
4655,0
4656,0
4657,0
4658,0
4659,0
4660,1
4661,1
4662,1
4663,1
4664,1
4665,0
4666,0
4667,1
4668,1
4669,0
4670,1
4671,1
4672,0
4673,1
4674,0
4675,0
4676,1
4677,1
4678,1
4679,0
4680,0
4681,0
4682,1
4683,1
4684,0
4685,1
4686,1
4687,1
4688,1
4689,0
4690,0
4691,0
4692,0
4693,1
4694,0
4695,0
4696,1
4697,0
4698,1
4699,0
4700,1
4701,1
4702,0
4703,1
4704,1
4705,0
4706,0
4707,1
4708,1
4709,0
4710,1
4711,0
4712,0
4713,0
4714,1
4715,1
4716,0
4717,0
4718,0
4719,0
4720,0
4721,0
4722,1
4723,0
4724,1
4725,1
4726,1
4727,0
4728,0
4729,0
4730,1
4731,0
4732,0
4733,0
4734,1
4735,0
4736,0
4737,1
4738,0
4739,1
4740,0
4741,0
4742,0
4743,1
4744,1
4745,1
4746,1
4747,0
4748,1
4749,1
4750,0
4751,1
4752,1
4753,1
4754,0
4755,0
4756,0
4757,0
4758,1
4759,1
4760,0
4761,1
4762,0
4763,0
4764,0
4765,0
4766,1
4767,1
4768,1
4769,1
4770,0
4771,0
4772,0
4773,1
4774,0
4775,0
4776,0
4777,1
4778,1
4779,0
4780,0
4781,0
4782,1
4783,0
4784,1
4785,0
4786,1
4787,0
4788,0
4789,0
4790,1
4791,1
4792,0
4793,1
4794,1
4795,1
4796,0
4797,0
4798,1
4799,1
4800,0
4801,0
4802,0
4803,1
4804,0
4805,1
4806,1
4807,0
4808,1
4809,0
4810,1
4811,0
4812,0
4813,0
4814,1
4815,1
4816,0
4817,1
4818,0
4819,1
4820,0
4821,0
4822,1
4823,1
4824,1
4825,1
4826,1
4827,0
4828,1
4829,0
4830,0
4831,1
4832,1
4833,1
4834,0
4835,0
4836,1
4837,1
4838,0
4839,0
4840,0
4841,0
4842,1
4843,1
4844,1
4845,1
4846,1
4847,0
4848,0
4849,0
4850,1
4851,0
4852,1
4853,0
4854,1
4855,0
4856,1
4857,1
4858,0
4859,1
4860,0
4861,1
4862,0
4863,1
4864,0
4865,1
4866,0
4867,1
4868,0
4869,1
4870,1
4871,1
4872,0
4873,0
4874,1
4875,1
4876,1
4877,0
4878,1
4879,1
4880,1
4881,1
4882,1
4883,1
4884,0
4885,1
4886,0
4887,1
4888,0
4889,1
4890,0
4891,1
4892,1
4893,0
4894,0
4895,1
4896,1
4897,0
4898,1
4899,1
4900,1
4901,1
4902,1
4903,1
4904,0
4905,0
4906,1
4907,1
4908,1
4909,0
4910,0
4911,0
4912,1
4913,0
4914,1
4915,1
4916,1
4917,1
4918,0
4919,1
4920,0
4921,1
4922,0
4923,0
4924,0
4925,0
4926,1
4927,0
4928,0
4929,0
4930,1
4931,0
4932,0
4933,0
4934,0
4935,0
4936,0
4937,0
4938,0
4939,0
4940,1
4941,0
4942,0
4943,0
4944,1
4945,1
4946,1
4947,0
4948,0
4949,1
4950,0
4951,1
4952,0
4953,0
4954,1
4955,0
4956,1
4957,1
4958,1
4959,0
4960,0
4961,0
4962,1
4963,1
4964,0
4965,0
4966,0
4967,0
4968,1
4969,0
4970,1
4971,1
4972,0
4973,1
4974,0
4975,1
4976,0
4977,0
4978,1
4979,0
4980,1
4981,0
4982,0
4983,1
4984,0
4985,1
4986,1
4987,0
4988,1
4989,1
4990,1
4991,1
4992,1
4993,1
4994,1
4995,0
4996,1
4997,1
4998,1
4999,0
5000,1
5001,1
5002,1
5003,1
5004,1
5005,0
5006,1
5007,0
5008,0
5009,1
5010,1
5011,0
5012,0
5013,0
5014,0
5015,0
5016,0
5017,1
5018,1
5019,0
5020,0
5021,1
5022,1
5023,1
5024,0
5025,0
5026,0
5027,0
5028,1
5029,0
5030,1
5031,1
5032,1
5033,1
5034,0
5035,1
5036,0
5037,0
5038,0
5039,0
5040,1
5041,1
5042,0
5043,0
5044,0
5045,0
5046,0
5047,0
5048,0
5049,1
5050,1
5051,0
5052,1
5053,1
5054,1
5055,1
5056,0
5057,1
5058,1
5059,1
5060,0
5061,1
5062,0
5063,1
5064,1
5065,0
5066,0
5067,1
5068,1
5069,0
5070,1
5071,1
5072,1
5073,0
5074,0
5075,0
5076,1
5077,1
5078,0
5079,0
5080,0
5081,1
5082,1
5083,1
5084,1
5085,0
5086,1
5087,0
5088,0
5089,0
5090,0
5091,1
5092,1
5093,1
5094,0
5095,0
5096,0
5097,0
5098,0
5099,0
5100,1
5101,1
5102,0
5103,0
5104,1
5105,0
5106,1
5107,1
5108,1
5109,1
5110,0
5111,0
5112,1
5113,0
5114,0
5115,1
5116,0
5117,1
5118,0
5119,1
5120,1
5121,1
5122,0
5123,0
5124,1
5125,1
5126,1
5127,0
5128,1
5129,0
5130,0
5131,0
5132,0
5133,1
5134,0
5135,0
5136,0
5137,0
5138,1
5139,0
5140,0
5141,1
5142,1
5143,0
5144,0
5145,0
5146,0
5147,1
5148,1
5149,1
5150,1
5151,1
5152,0
5153,1
5154,1
5155,1
5156,0
5157,1
5158,1
5159,0
5160,1
5161,0
5162,0
5163,0
5164,0
5165,1
5166,1
5167,0
5168,0
5169,1
5170,1
5171,1
5172,1
5173,1
5174,1
5175,1
5176,0
5177,1
5178,1
5179,0
5180,1
5181,0
5182,1
5183,0
5184,1
5185,0
5186,0
5187,1
5188,1
5189,0
5190,1
5191,0
5192,0
5193,0
5194,1
5195,1
5196,0
5197,0
5198,0
5199,1
5200,1
5201,0
5202,0
5203,1
5204,0
5205,1
5206,0
5207,0
5208,0
5209,0
5210,0
5211,0
5212,1
5213,0
5214,1
5215,1
5216,1
5217,0
5218,0
5219,0
5220,1
5221,0
5222,0
5223,0
5224,0
5225,1
5226,0
5227,0
5228,1
5229,1
5230,1
5231,0
5232,1
5233,1
5234,1
5235,1
5236,0
5237,1
5238,1
5239,0
5240,0
5241,1
5242,0
5243,1
5244,0
5245,1
5246,1
5247,1
5248,0
5249,0
5250,1
5251,0
5252,1
5253,0
5254,0
5255,0
5256,0
5257,1
5258,1
5259,1
5260,0
5261,1
5262,0
5263,1
5264,1
5265,0
5266,1
5267,0
5268,1
5269,0
5270,1
5271,0
5272,0
5273,1
5274,0
5275,0
5276,1
5277,0
5278,0
5279,1
5280,0
5281,1
5282,1
5283,0
5284,1
5285,1
5286,1
5287,1
5288,0
5289,0
5290,0
5291,0
5292,0
5293,1
5294,1
5295,1
5296,0
5297,0
5298,0
5299,1
5300,1
5301,1
5302,0
5303,1
5304,0
5305,0
5306,1
5307,0
5308,1
5309,0
5310,1
5311,1
5312,1
5313,1
5314,0
5315,1
5316,0
5317,0
5318,1
5319,1
5320,1
5321,1
5322,0
5323,1
5324,0
5325,0
5326,0
5327,1
5328,0
5329,0
5330,1
5331,0
5332,1
5333,0
5334,0
5335,0
5336,0
5337,1
5338,0
5339,1
5340,1
5341,1
5342,1
5343,1
5344,0
5345,0
5346,1
5347,1
5348,0
5349,1
5350,1
5351,0
5352,1
5353,1
5354,1
5355,0
5356,0
5357,0
5358,1
5359,1
5360,0
5361,0
5362,1
5363,1
5364,1
5365,0
5366,0
5367,1
5368,1
5369,1
5370,0
5371,0
5372,0
5373,1
5374,0
5375,1
5376,1
5377,0
5378,0
5379,0
5380,0
5381,1
5382,1
5383,1
5384,1
5385,0
5386,1
5387,0
5388,1
5389,0
5390,0
5391,0
5392,1
5393,1
5394,1
5395,1
5396,0
5397,1
5398,0
5399,0
5400,1
5401,0
5402,1
5403,0
5404,1
5405,0
5406,1
5407,1
5408,0
5409,0
5410,0
5411,0
5412,1
5413,1
5414,1
5415,0
5416,0
5417,0
5418,0
5419,0
5420,0
5421,0
5422,1
5423,0
5424,0
5425,0
5426,0
5427,0
5428,0
5429,1
5430,1
5431,1
5432,0
5433,1
5434,0
5435,1
5436,1
5437,0
5438,0
5439,1
5440,0
5441,1
5442,1
5443,0
5444,0
5445,0
5446,0
5447,1
5448,0
5449,1
5450,0
5451,1
5452,0
5453,1
5454,1
5455,1
5456,1
5457,0
5458,0
5459,1
5460,0
5461,1
5462,0
5463,1
5464,0
5465,0
5466,1
5467,0
5468,0
5469,1
5470,0
5471,1
5472,0
5473,1
5474,1
5475,1
5476,1
5477,0
5478,0
5479,1
5480,0
5481,1
5482,1
5483,0
5484,0
5485,1
5486,0
5487,1
5488,0
5489,0
5490,0
5491,0
5492,0
5493,0
5494,1
5495,1
5496,0
5497,0
5498,0
5499,0
5500,1
5501,1
5502,1
5503,1
5504,0
5505,0
5506,1
5507,1
5508,1
5509,0
5510,1
5511,0
5512,0
5513,1
5514,0
5515,0
5516,0
5517,1
5518,0
5519,0
5520,0
5521,1
5522,0
5523,0
5524,1
5525,1
5526,0
5527,1
5528,0
5529,0
5530,0
5531,0
5532,0
5533,0
5534,0
5535,0
5536,1
5537,1
5538,1
5539,0
5540,1
5541,1
5542,1
5543,1
5544,1
5545,1
5546,0
5547,0
5548,0
5549,0
5550,1
5551,1
5552,1
5553,0
5554,1
5555,0
5556,0
5557,1
5558,0
5559,0
5560,0
5561,1
5562,1
5563,0
5564,1
5565,0
5566,0
5567,0
5568,0
5569,0
5570,0
5571,0
5572,0
5573,0
5574,0
5575,1
5576,1
5577,0
5578,1
5579,0
5580,0
5581,1
5582,0
5583,0
5584,1
5585,1
5586,0
5587,1
5588,1
5589,0
5590,0
5591,1
5592,0
5593,1
5594,0
5595,1
5596,1
5597,0
5598,1
5599,1
5600,1
5601,0
5602,1
5603,0
5604,1
5605,0
5606,1
5607,0
5608,0
5609,1
5610,1
5611,1
5612,1
5613,0
5614,1
5615,0
5616,0
5617,0
5618,1
5619,1
5620,0
5621,1
5622,0
5623,1
5624,1
5625,0
5626,1
5627,1
5628,1
5629,0
5630,0
5631,0
5632,1
5633,1
5634,1
5635,1
5636,1
5637,0
5638,0
5639,0
5640,0
5641,1
5642,1
5643,1
5644,0
5645,1
5646,0
5647,1
5648,0
5649,1
5650,1
5651,0
5652,1
5653,0
5654,0
5655,1
5656,1
5657,0
5658,0
5659,0
5660,1
5661,1
5662,0
5663,1
5664,0
5665,0
5666,0
5667,0
5668,1
5669,1
5670,0
5671,0
5672,0
5673,0
5674,1
5675,0
5676,0
5677,0
5678,0
5679,0
5680,0
5681,0
5682,0
5683,0
5684,1
5685,1
5686,0
5687,0
5688,0
5689,0
5690,1
5691,0
5692,1
5693,0
5694,1
5695,1
5696,0
5697,0
5698,1
5699,0
5700,0
5701,0
5702,1
5703,1
5704,0
5705,1
5706,0
5707,1
5708,1
5709,1
5710,0
5711,0
5712,0
5713,1
5714,1
5715,1
5716,1
5717,1
5718,1
5719,0
5720,1
5721,0
5722,1
5723,0
5724,0
5725,0
5726,0
5727,1
5728,0
5729,0
5730,0
5731,1
5732,0
5733,1
5734,0
5735,1
5736,0
5737,0
5738,0
5739,0
5740,0
5741,0
5742,1
5743,0
5744,1
5745,1
5746,0
5747,0
5748,0
5749,0
5750,0
5751,1
5752,0
5753,0
5754,1
5755,1
5756,0
5757,0
5758,1
5759,1
5760,1
5761,1
5762,0
5763,1
5764,0
5765,1
5766,0
5767,0
5768,1
5769,0
5770,0
5771,1
5772,0
5773,0
5774,1
5775,1
5776,1
5777,1
5778,1
5779,0
5780,1
5781,1
5782,0
5783,1
5784,1
5785,1
5786,0
5787,1
5788,0
5789,1
5790,0
5791,1
5792,1
5793,1
5794,0
5795,0
5796,0
5797,0
5798,0
5799,1
5800,0
5801,0
5802,0
5803,0
5804,1
5805,1
5806,0
5807,1
5808,1
5809,1
5810,1
5811,0
5812,0
5813,0
5814,0
5815,0
5816,0
5817,1
5818,0
5819,0
5820,1
5821,1
5822,1
5823,0
5824,1
5825,1
5826,0
5827,1
5828,1
5829,1
5830,1
5831,1
5832,1
5833,1
5834,1
5835,0
5836,1
5837,1
5838,0
5839,0
5840,0
5841,1
5842,1
5843,0
5844,1
5845,0
5846,0
5847,1
5848,0
5849,0
5850,0
5851,1
5852,1
5853,1
5854,1
5855,1
5856,1
5857,0
5858,0
5859,1
5860,0
5861,1
5862,1
5863,0
5864,0
5865,1
5866,1
5867,1
5868,0
5869,0
5870,0
5871,1
5872,0
5873,1
5874,1
5875,1
5876,1
5877,0
5878,0
5879,0
5880,0
5881,0
5882,1
5883,1
5884,0
5885,1
5886,0
5887,0
5888,1
5889,1
5890,1
5891,0
5892,0
5893,0
5894,0
5895,0
5896,0
5897,1
5898,1
5899,1
5900,0
5901,1
5902,0
5903,0
5904,1
5905,0
5906,1
5907,0
5908,1
5909,0
5910,1
5911,0
5912,0
5913,0
5914,1
5915,1
5916,1
5917,1
5918,1
5919,1
5920,1
5921,1
5922,0
5923,1
5924,1
5925,1
5926,1
5927,1
5928,1
5929,0
5930,1
5931,0
5932,0
5933,0
5934,1
5935,1
5936,1
5937,1
5938,1
5939,0
5940,1
5941,0
5942,1
5943,1
5944,0
5945,0
5946,1
5947,0
5948,1
5949,1
5950,1
5951,0
5952,0
5953,0
5954,1
5955,1
5956,0
5957,0
5958,0
5959,0
5960,1
5961,0
5962,1
5963,1
5964,1
5965,0
5966,1
5967,0
5968,1
5969,0
5970,0
5971,1
5972,1
5973,0
5974,0
5975,0
5976,1
5977,1
5978,0
5979,1
5980,1
5981,1
5982,1
5983,1
5984,0
5985,0
5986,1
5987,0
5988,0
5989,1
5990,0
5991,1
5992,1
5993,0
5994,0
5995,0
5996,1
5997,1
5998,0
5999,1
6000,0
6001,0
6002,1
6003,1
6004,1
6005,0
6006,0
6007,0
6008,1
6009,0
6010,0
6011,0
6012,1
6013,1
6014,0
6015,1
6016,0
6017,0
6018,0
6019,1
6020,1
6021,0
6022,1
6023,1
6024,0
6025,0
6026,0
6027,0
6028,0
6029,1
6030,0
6031,1
6032,1
6033,1
6034,1
6035,0
6036,0
6037,1
6038,1
6039,0
6040,0
6041,1
6042,0
6043,1
6044,1
6045,0
6046,0
6047,0
6048,0
6049,1
6050,0
6051,0
6052,1
6053,1
6054,1
6055,1
6056,1
6057,0
6058,1
6059,1
6060,0
6061,1
6062,0
6063,1
6064,1
6065,0
6066,1
6067,0
6068,1
6069,0
6070,0
6071,1
6072,1
6073,1
6074,1
6075,0
6076,1
6077,1
6078,0
6079,0
6080,0
6081,1
6082,1
6083,0
6084,0
6085,1
6086,1
6087,0
6088,0
6089,1
6090,1
6091,1
6092,0
6093,1
6094,1
6095,0
6096,1
6097,0
6098,0
6099,1
6100,1
6101,0
6102,0
6103,0
6104,0
6105,0
6106,1
6107,1
6108,1
6109,1
6110,1
6111,1
6112,0
6113,0
6114,1
6115,1
6116,1
6117,0
6118,0
6119,1
6120,0
6121,1
6122,1
6123,0
6124,1
6125,1
6126,1
6127,0
6128,0
6129,1
6130,0
6131,0
6132,0
6133,1
6134,0
6135,1
6136,0
6137,1
6138,1
6139,0
6140,0
6141,1
6142,1
6143,0
6144,1
6145,0
6146,1
6147,1
6148,1
6149,0
6150,1
6151,1
6152,1
6153,1
6154,1
6155,1
6156,1
6157,1
6158,0
6159,1
6160,1
6161,0
6162,1
6163,0
6164,1
6165,1
6166,1
6167,0
6168,1
6169,0
6170,0
6171,0
6172,0
6173,1
6174,0
6175,0
6176,1
6177,1
6178,1
6179,1
6180,0
6181,1
6182,0
6183,1
6184,0
6185,0
6186,0
6187,0
6188,0
6189,1
6190,0
6191,1
6192,0
6193,0
6194,0
6195,1
6196,0
6197,1
6198,1
6199,1
6200,0
6201,0
6202,0
6203,0
6204,0
6205,0
6206,1
6207,0
6208,1
6209,0
6210,1
6211,0
6212,0
6213,0
6214,1
6215,1
6216,1
6217,1
6218,1
6219,0
6220,1
6221,0
6222,1
6223,1
6224,0
6225,0
6226,0
6227,0
6228,1
6229,1
6230,0
6231,0
6232,0
6233,1
6234,0
6235,1
6236,0
6237,1
6238,0
6239,1
6240,1
6241,0
6242,1
6243,0
6244,0
6245,1
6246,0
6247,1
6248,1
6249,1
6250,1
6251,0
6252,1
6253,1
6254,0
6255,0
6256,1
6257,1
6258,1
6259,1
6260,1
6261,1
6262,0
6263,0
6264,1
6265,1
6266,0
6267,1
6268,1
6269,1
6270,1
6271,1
6272,0
6273,0
6274,0
6275,0
6276,0
6277,0
6278,0
6279,0
6280,1
6281,1
6282,1
6283,0
6284,1
6285,0
6286,0
6287,0
6288,0
6289,0
6290,0
6291,0
6292,1
6293,0
6294,1
6295,1
6296,1
6297,1
6298,1
6299,1
6300,0
6301,0
6302,1
6303,0
6304,0
6305,1
6306,0
6307,0
6308,0
6309,1
6310,1
6311,1
6312,0
6313,0
6314,0
6315,1
6316,1
6317,0
6318,1
6319,1
6320,1
6321,1
6322,1
6323,1
6324,0
6325,0
6326,1
6327,0
6328,0
6329,1
6330,1
6331,1
6332,0
6333,1
6334,1
6335,0
6336,0
6337,0
6338,1
6339,1
6340,1
6341,1
6342,1
6343,0
6344,1
6345,0
6346,0
6347,1
6348,0
6349,1
6350,1
6351,1
6352,0
6353,0
6354,1
6355,0
6356,1
6357,0
6358,1
6359,1
6360,1
6361,1
6362,0
6363,1
6364,0
6365,1
6366,0
6367,0
6368,1
6369,0
6370,0
6371,0
6372,0
6373,1
6374,0
6375,0
6376,1
6377,1
6378,1
6379,0
6380,1
6381,1
6382,1
6383,0
6384,0
6385,1
6386,0
6387,0
6388,1
6389,0
6390,0
6391,0
6392,0
6393,1
6394,0
6395,1
6396,1
6397,1
6398,1
6399,1
6400,0
6401,0
6402,1
6403,1
6404,0
6405,1
6406,1
6407,1
6408,0
6409,1
6410,1
6411,0
6412,1
6413,0
6414,0
6415,1
6416,1
6417,1
6418,0
6419,0
6420,1
6421,0
6422,1
6423,0
6424,0
6425,1
6426,1
6427,1
6428,1
6429,1
6430,0
6431,0
6432,1
6433,1
6434,0
6435,0
6436,0
6437,1
6438,1
6439,1
6440,1
6441,0
6442,0
6443,1
6444,0
6445,0
6446,0
6447,0
6448,0
6449,1
6450,0
6451,1
6452,0
6453,0
6454,1
6455,0
6456,0
6457,0
6458,0
6459,0
6460,0
6461,0
6462,0
6463,1
6464,0
6465,1
6466,0
6467,0
6468,0
6469,0
6470,1
6471,0
6472,0
6473,0
6474,0
6475,1
6476,0
6477,1
6478,1
6479,1
6480,0
6481,0
6482,0
6483,1
6484,1
6485,0
6486,1
6487,0
6488,0
6489,0
6490,0
6491,1
6492,0
6493,0
6494,1
6495,1
6496,1
6497,1
6498,1
6499,1
6500,0
6501,0
6502,0
6503,0
6504,0
6505,1
6506,1
6507,1
6508,1
6509,1
6510,1
6511,1
6512,1
6513,0
6514,0
6515,0
6516,0
6517,0
6518,0
6519,0
6520,0
6521,1
6522,1
6523,1
6524,0
6525,1
6526,1
6527,1
6528,0
6529,1
6530,0
6531,0
6532,1
6533,0
6534,1
6535,0
6536,1
6537,1
6538,0
6539,0
6540,0
6541,0
6542,0
6543,1
6544,0
6545,0
6546,0
6547,0
6548,1
6549,1
6550,1
6551,0
6552,0
6553,0
6554,0
6555,0
6556,1
6557,0
6558,1
6559,1
6560,0
6561,0
6562,1
6563,1
6564,1
6565,1
6566,0
6567,1
6568,1
6569,0
6570,1
6571,1
6572,0
6573,0
6574,0
6575,1
6576,0
6577,1
6578,0
6579,0
6580,0
6581,1
6582,0
6583,0
6584,1
6585,0
6586,0
6587,0
6588,1
6589,0
6590,0
6591,0
6592,1
6593,1
6594,1
6595,0
6596,0
6597,0
6598,1
6599,0
6600,1
6601,0
6602,1
6603,0
6604,0
6605,0
6606,0
6607,1
6608,1
6609,1
6610,1
6611,0
6612,1
6613,1
6614,1
6615,0
6616,0
6617,0
6618,0
6619,0
6620,1
6621,1
6622,1
6623,1
6624,1
6625,1
6626,1
6627,0
6628,0
6629,1
6630,0
6631,1
6632,1
6633,0
6634,1
6635,1
6636,0
6637,0
6638,1
6639,0
6640,1
6641,1
6642,1
6643,0
6644,0
6645,1
6646,0
6647,0
6648,1
6649,1
6650,0
6651,1
6652,1
6653,1
6654,1
6655,1
6656,1
6657,1
6658,0
6659,0
6660,0
6661,1
6662,1
6663,0
6664,1
6665,1
6666,0
6667,0
6668,1
6669,0
6670,0
6671,1
6672,1
6673,1
6674,1
6675,1
6676,1
6677,0
6678,0
6679,1
6680,1
6681,0
6682,0
6683,1
6684,1
6685,0
6686,1
6687,0
6688,1
6689,1
6690,1
6691,1
6692,0
6693,0
6694,1
6695,1
6696,0
6697,0
6698,0
6699,1
6700,1
6701,0
6702,0
6703,0
6704,1
6705,1
6706,0
6707,0
6708,1
6709,1
6710,1
6711,0
6712,1
6713,1
6714,1
6715,0
6716,1
6717,1
6718,0
6719,0
6720,1
6721,0
6722,1
6723,0
6724,0
6725,1
6726,1
6727,0
6728,0
6729,0
6730,0
6731,1
6732,1
6733,1
6734,1
6735,1
6736,0
6737,0
6738,1
6739,0
6740,0
6741,0
6742,1
6743,0
6744,0
6745,0
6746,0
6747,0
6748,0
6749,1
6750,1
6751,1
6752,1
6753,0
6754,0
6755,0
6756,1
6757,0
6758,1
6759,0
6760,1
6761,1
6762,1
6763,1
6764,0
6765,1
6766,1
6767,1
6768,0
6769,0
6770,0
6771,1
6772,1
6773,1
6774,1
6775,0
6776,0
6777,0
6778,0
6779,0
6780,1
6781,1
6782,0
6783,1
6784,1
6785,0
6786,1
6787,0
6788,1
6789,0
6790,0
6791,0
6792,1
6793,0
6794,1
6795,1
6796,0
6797,0
6798,0
6799,0
6800,1
6801,1
6802,0
6803,1
6804,0
6805,0
6806,0
6807,0
6808,0
6809,1
6810,1
6811,1
6812,0
6813,0
6814,0
6815,0
6816,1
6817,1
6818,1
6819,1
6820,1
6821,0
6822,0
6823,1
6824,0
6825,1
6826,0
6827,1
6828,1
6829,0
6830,0
6831,0
6832,0
6833,0
6834,1
6835,1
6836,1
6837,0
6838,1
6839,0
6840,1
6841,0
6842,0
6843,1
6844,1
6845,1
6846,1
6847,0
6848,0
6849,0
6850,1
6851,1
6852,1
6853,0
6854,0
6855,1
6856,1
6857,0
6858,1
6859,1
6860,0
6861,1
6862,0
6863,0
6864,0
6865,0
6866,0
6867,0
6868,0
6869,1
6870,0
6871,1
6872,0
6873,1
6874,1
6875,1
6876,0
6877,0
6878,1
6879,1
6880,0
6881,0
6882,1
6883,1
6884,1
6885,1
6886,1
6887,0
6888,0
6889,1
6890,1
6891,0
6892,1
6893,0
6894,1
6895,0
6896,1
6897,1
6898,1
6899,0
6900,0
6901,1
6902,0
6903,0
6904,1
6905,0
6906,0
6907,1
6908,0
6909,0
6910,1
6911,0
6912,0
6913,1
6914,1
6915,1
6916,1
6917,0
6918,1
6919,0
6920,1
6921,1
6922,0
6923,0
6924,0
6925,0
6926,1
6927,0
6928,0
6929,0
6930,1
6931,0
6932,0
6933,1
6934,1
6935,1
6936,1
6937,1
6938,1
6939,0
6940,0
6941,1
6942,1
6943,0
6944,0
6945,0
6946,0
6947,0
6948,0
6949,0
6950,0
6951,0
6952,0
6953,0
6954,1
6955,0
6956,1
6957,0
6958,0
6959,0
6960,1
6961,0
6962,1
6963,1
6964,0
6965,1
6966,0
6967,0
6968,0
6969,1
6970,1
6971,1
6972,0
6973,0
6974,0
6975,1
6976,1
6977,1
6978,1
6979,1
6980,0
6981,0
6982,0
6983,0
6984,0
6985,0
6986,0
6987,0
6988,0
6989,1
6990,0
6991,1
6992,0
6993,0
6994,0
6995,1
6996,1
6997,1
6998,0
6999,0
7000,0
7001,0
7002,0
7003,0
7004,0
7005,1
7006,0
7007,1
7008,0
7009,0
7010,1
7011,0
7012,1
7013,0
7014,0
7015,1
7016,1
7017,0
7018,1
7019,0
7020,0
7021,0
7022,0
7023,0
7024,1
7025,1
7026,1
7027,1
7028,0
7029,1
7030,1
7031,0
7032,0
7033,1
7034,1
7035,0
7036,0
7037,1
7038,0
7039,1
7040,1
7041,1
7042,1
7043,1
7044,0
7045,0
7046,0
7047,1
7048,1
7049,0
7050,1
7051,1
7052,1
7053,1
7054,1
7055,0
7056,1
7057,0
7058,0
7059,1
7060,1
7061,1
7062,1
7063,1
7064,1
7065,1
7066,0
7067,1
7068,0
7069,1
7070,1
7071,0
7072,0
7073,1
7074,0
7075,1
7076,1
7077,1
7078,0
7079,1
7080,0
7081,0
7082,1
7083,1
7084,0
7085,0
7086,0
7087,1
7088,0
7089,0
7090,0
7091,1
7092,0
7093,0
7094,0
7095,0
7096,1
7097,1
7098,0
7099,0
7100,0
7101,0
7102,0
7103,0
7104,0
7105,1
7106,0
7107,1
7108,1
7109,0
7110,1
7111,1
7112,1
7113,0
7114,0
7115,1
7116,0
7117,0
7118,0
7119,1
7120,1
7121,1
7122,1
7123,1
7124,0
7125,1
7126,0
7127,1
7128,0
7129,1
7130,1
7131,1
7132,0
7133,0
7134,0
7135,0
7136,1
7137,1
7138,1
7139,1
7140,0
7141,0
7142,0
7143,0
7144,0
7145,0
7146,0
7147,1
7148,0
7149,0
7150,0
7151,0
7152,0
7153,1
7154,0
7155,0
7156,0
7157,1
7158,1
7159,0
7160,0
7161,0
7162,1
7163,0
7164,0
7165,1
7166,1
7167,1
7168,0
7169,0
7170,0
7171,0
7172,1
7173,1
7174,1
7175,0
7176,0
7177,0
7178,0
7179,1
7180,1
7181,0
7182,1
7183,0
7184,1
7185,1
7186,0
7187,1
7188,1
7189,0
7190,1
7191,0
7192,1
7193,1
7194,0
7195,0
7196,1
7197,0
7198,1
7199,1
7200,0
7201,1
7202,0
7203,0
7204,1
7205,0
7206,0
7207,1
7208,1
7209,1
7210,1
7211,0
7212,0
7213,1
7214,1
7215,1
7216,1
7217,1
7218,0
7219,0
7220,1
7221,0
7222,0
7223,1
7224,1
7225,1
7226,1
7227,0
7228,0
7229,1
7230,0
7231,0
7232,0
7233,1
7234,0
7235,0
7236,1
7237,0
7238,0
7239,1
7240,0
7241,0
7242,1
7243,1
7244,0
7245,1
7246,0
7247,1
7248,1
7249,1
7250,0
7251,0
7252,1
7253,1
7254,0
7255,1
7256,0
7257,1
7258,0
7259,0
7260,1
7261,1
7262,0
7263,1
7264,0
7265,1
7266,0
7267,0
7268,0
7269,0
7270,1
7271,1
7272,0
7273,0
7274,0
7275,0
7276,0
7277,1
7278,1
7279,1
7280,1
7281,0
7282,0
7283,0
7284,0
7285,0
7286,1
7287,0
7288,1
7289,1
7290,1
7291,0
7292,1
7293,1
7294,0
7295,0
7296,0
7297,1
7298,0
7299,1
7300,0
7301,1
7302,1
7303,1
7304,1
7305,1
7306,1
7307,1
7308,1
7309,0
7310,0
7311,0
7312,0
7313,0
7314,0
7315,1
7316,0
7317,1
7318,0
7319,1
7320,0
7321,1
7322,1
7323,1
7324,0
7325,0
7326,0
7327,1
7328,0
7329,1
7330,1
7331,0
7332,1
7333,0
7334,1
7335,1
7336,1
7337,1
7338,0
7339,1
7340,1
7341,0
7342,1
7343,1
7344,0
7345,0
7346,0
7347,0
7348,0
7349,1
7350,1
7351,0
7352,0
7353,1
7354,0
7355,0
7356,1
7357,0
7358,1
7359,1
7360,1
7361,1
7362,0
7363,0
7364,1
7365,1
7366,0
7367,0
7368,1
7369,0
7370,0
7371,1
7372,1
7373,0
7374,1
7375,1
7376,0
7377,1
7378,0
7379,1
7380,0
7381,1
7382,0
7383,0
7384,0
7385,1
7386,1
7387,0
7388,1
7389,1
7390,0
7391,0
7392,0
7393,0
7394,1
7395,1
7396,0
7397,1
7398,1
7399,1
7400,0
7401,0
7402,0
7403,1
7404,0
7405,1
7406,1
7407,1
7408,1
7409,1
7410,1
7411,0
7412,1
7413,0
7414,0
7415,1
7416,1
7417,1
7418,1
7419,1
7420,1
7421,0
7422,0
7423,1
7424,1
7425,0
7426,1
7427,1
7428,0
7429,1
7430,1
7431,0
7432,1
7433,1
7434,0
7435,0
7436,0
7437,1
7438,1
7439,0
7440,0
7441,0
7442,0
7443,1
7444,0
7445,1
7446,0
7447,1
7448,0
7449,1
7450,1
7451,0
7452,1
7453,1
7454,0
7455,1
7456,1
7457,1
7458,0
7459,0
7460,1
7461,0
7462,1
7463,0
7464,1
7465,0
7466,0
7467,1
7468,1
7469,0
7470,1
7471,1
7472,0
7473,0
7474,0
7475,1
7476,1
7477,1
7478,1
7479,1
7480,0
7481,1
7482,0
7483,0
7484,0
7485,0
7486,1
7487,0
7488,0
7489,0
7490,1
7491,1
7492,1
7493,1
7494,0
7495,0
7496,0
7497,0
7498,1
7499,0
7500,1
7501,0
7502,0
7503,1
7504,1
7505,0
7506,1
7507,0
7508,1
7509,0
7510,0
7511,0
7512,0
7513,1
7514,1
7515,0
7516,1
7517,0
7518,0
7519,0
7520,0
7521,0
7522,1
7523,1
7524,0
7525,1
7526,1
7527,1
7528,0
7529,1
7530,0
7531,0
7532,0
7533,1
7534,1
7535,1
7536,1
7537,1
7538,0
7539,0
7540,0
7541,0
7542,0
7543,0
7544,0
7545,1
7546,0
7547,1
7548,0
7549,1
7550,0
7551,0
7552,1
7553,0
7554,1
7555,1
7556,0
7557,0
7558,0
7559,0
7560,1
7561,0
7562,0
7563,0
7564,0
7565,0
7566,1
7567,1
7568,1
7569,0
7570,0
7571,0
7572,0
7573,1
7574,1
7575,0
7576,0
7577,0
7578,1
7579,0
7580,0
7581,1
7582,0
7583,1
7584,1
7585,0
7586,0
7587,0
7588,1
7589,0
7590,1
7591,1
7592,1
7593,1
7594,1
7595,1
7596,1
7597,0
7598,1
7599,1
7600,1
7601,0
7602,1
7603,1
7604,0
7605,1
7606,0
7607,0
7608,1
7609,1
7610,0
7611,1
7612,1
7613,1
7614,1
7615,0
7616,0
7617,1
7618,0
7619,1
7620,1
7621,0
7622,0
7623,1
7624,0
7625,1
7626,1
7627,1
7628,0
7629,0
7630,0
7631,0
7632,0
7633,0
7634,1
7635,0
7636,0
7637,1
7638,1
7639,0
7640,0
7641,1
7642,0
7643,0
7644,0
7645,1
7646,0
7647,0
7648,1
7649,1
7650,1
7651,1
7652,0
7653,1
7654,0
7655,0
7656,0
7657,0
7658,1
7659,1
7660,0
7661,1
7662,1
7663,1
7664,0
7665,1
7666,1
7667,1
7668,1
7669,0
7670,1
7671,0
7672,0
7673,1
7674,0
7675,0
7676,0
7677,1
7678,0
7679,0
7680,1
7681,1
7682,1
7683,0
7684,0
7685,1
7686,0
7687,0
7688,1
7689,0
7690,1
7691,1
7692,0
7693,0
7694,0
7695,1
7696,1
7697,1
7698,0
7699,0
7700,0
7701,1
7702,0
7703,0
7704,0
7705,0
7706,1
7707,1
7708,0
7709,1
7710,0
7711,0
7712,1
7713,1
7714,1
7715,1
7716,1
7717,0
7718,1
7719,0
7720,1
7721,0
7722,1
7723,1
7724,0
7725,1
7726,0
7727,0
7728,0
7729,0
7730,0
7731,1
7732,0
7733,1
7734,0
7735,1
7736,1
7737,1
7738,0
7739,0
7740,1
7741,1
7742,0
7743,1
7744,1
7745,0
7746,1
7747,0
7748,1
7749,1
7750,1
7751,1
7752,0
7753,0
7754,0
7755,0
7756,1
7757,0
7758,0
7759,0
7760,1
7761,1
7762,1
7763,0
7764,1
7765,0
7766,0
7767,0
7768,0
7769,0
7770,1
7771,1
7772,0
7773,1
7774,1
7775,1
7776,1
7777,1
7778,0
7779,1
7780,1
7781,1
7782,1
7783,0
7784,1
7785,0
7786,0
7787,0
7788,0
7789,0
7790,0
7791,0
7792,1
7793,0
7794,0
7795,1
7796,0
7797,1
7798,1
7799,0
7800,1
7801,0
7802,0
7803,0
7804,1
7805,0
7806,1
7807,1
7808,1
7809,1
7810,1
7811,0
7812,0
7813,1
7814,1
7815,0
7816,0
7817,0
7818,1
7819,1
7820,0
7821,1
7822,0
7823,1
7824,1
7825,1
7826,1
7827,1
7828,0
7829,0
7830,1
7831,0
7832,1
7833,1
7834,0
7835,0
7836,1
7837,1
7838,0
7839,1
7840,1
7841,1
7842,0
7843,0
7844,0
7845,1
7846,0
7847,0
7848,1
7849,0
7850,1
7851,1
7852,0
7853,0
7854,1
7855,1
7856,0
7857,1
7858,1
7859,1
7860,0
7861,0
7862,0
7863,0
7864,0
7865,1
7866,0
7867,0
7868,1
7869,0
7870,0
7871,0
7872,1
7873,1
7874,0
7875,0
7876,0
7877,1
7878,1
7879,1
7880,0
7881,1
7882,0
7883,1
7884,0
7885,1
7886,1
7887,1
7888,1
7889,1
7890,0
7891,0
7892,0
7893,1
7894,0
7895,0
7896,1
7897,0
7898,0
7899,0
7900,0
7901,1
7902,0
7903,0
7904,0
7905,1
7906,1
7907,1
7908,0
7909,1
7910,1
7911,1
7912,0
7913,0
7914,1
7915,1
7916,1
7917,0
7918,0
7919,0
7920,1
7921,0
7922,1
7923,1
7924,0
7925,0
7926,1
7927,1
7928,0
7929,0
7930,0
7931,0
7932,0
7933,0
7934,1
7935,1
7936,1
7937,0
7938,1
7939,1
7940,0
7941,0
7942,0
7943,1
7944,0
7945,0
7946,0
7947,0
7948,0
7949,0
7950,0
7951,1
7952,1
7953,1
7954,0
7955,1
7956,0
7957,1
7958,1
7959,0
7960,1
7961,0
7962,0
7963,0
7964,1
7965,1
7966,1
7967,0
7968,1
7969,1
7970,0
7971,0
7972,0
7973,0
7974,1
7975,0
7976,0
7977,1
7978,1
7979,0
7980,0
7981,0
7982,1
7983,1
7984,1
7985,1
7986,0
7987,1
7988,1
7989,1
7990,1
7991,0
7992,1
7993,1
7994,1
7995,1
7996,1
7997,1
7998,0
7999,0
8000,1
8001,0
8002,1
8003,1
8004,1
8005,0
8006,1
8007,0
8008,1
8009,0
8010,1
8011,0
8012,1
8013,1
8014,0
8015,0
8016,1
8017,0
8018,1
8019,0
8020,0
8021,1
8022,0
8023,1
8024,0
8025,1
8026,1
8027,1
8028,1
8029,0
8030,1
8031,0
8032,1
8033,0
8034,0
8035,0
8036,1
8037,1
8038,1
8039,0
8040,0
8041,1
8042,1
8043,1
8044,0
8045,0
8046,1
8047,0
8048,1
8049,0
8050,0
8051,0
8052,0
8053,1
8054,0
8055,1
8056,0
8057,1
8058,0
8059,0
8060,1
8061,0
8062,0
8063,1
8064,1
8065,1
8066,1
8067,1
8068,1
8069,0
8070,1
8071,1
8072,1
8073,1
8074,0
8075,0
8076,0
8077,0
8078,1
8079,1
8080,0
8081,1
8082,1
8083,1
8084,0
8085,1
8086,0
8087,1
8088,0
8089,1
8090,1
8091,1
8092,0
8093,0
8094,1
8095,0
8096,1
8097,1
8098,0
8099,0
8100,1
8101,0
8102,1
8103,0
8104,1
8105,1
8106,0
8107,1
8108,1
8109,1
8110,1
8111,0
8112,1
8113,1
8114,0
8115,1
8116,1
8117,0
8118,1
8119,0
8120,1
8121,1
8122,0
8123,1
8124,0
8125,0
8126,0
8127,1
8128,1
8129,0
8130,0
8131,0
8132,0
8133,1
8134,1
8135,1
8136,0
8137,1
8138,1
8139,1
8140,1
8141,1
8142,1
8143,0
8144,1
8145,0
8146,0
8147,1
8148,0
8149,0
8150,0
8151,1
8152,0
8153,0
8154,1
8155,0
8156,1
8157,0
8158,0
8159,1
8160,0
8161,0
8162,0
8163,1
8164,1
8165,1
8166,0
8167,0
8168,1
8169,1
8170,1
8171,0
8172,1
8173,0
8174,1
8175,1
8176,1
8177,1
8178,1
8179,1
8180,1
8181,1
8182,1
8183,1
8184,0
8185,1
8186,1
8187,1
8188,1
8189,1
8190,1
8191,0
8192,1
8193,1
8194,1
8195,0
8196,0
8197,0
8198,0
8199,1
8200,0
8201,0
8202,1
8203,1
8204,0
8205,1
8206,0
8207,0
8208,0
8209,0
8210,1
8211,1
8212,1
8213,1
8214,1
8215,0
8216,0
8217,0
8218,1
8219,0
8220,0
8221,0
8222,0
8223,0
8224,1
8225,1
8226,1
8227,1
8228,1
8229,0
8230,1
8231,1
8232,1
8233,0
8234,0
8235,0
8236,1
8237,1
8238,1
8239,0
8240,0
8241,1
8242,0
8243,1
8244,0
8245,1
8246,1
8247,0
8248,1
8249,0
8250,1
8251,1
8252,1
8253,0
8254,1
8255,0
8256,1
8257,1
8258,0
8259,0
8260,1
8261,1
8262,0
8263,1
8264,1
8265,1
8266,1
8267,0
8268,0
8269,0
8270,0
8271,0
8272,1
8273,1
8274,0
8275,0
8276,1
8277,0
8278,1
8279,0
8280,0
8281,0
8282,0
8283,0
8284,1
8285,0
8286,1
8287,1
8288,1
8289,1
8290,1
8291,1
8292,1
8293,1
8294,0
8295,1
8296,1
8297,1
8298,1
8299,1
8300,0
8301,0
8302,0
8303,1
8304,1
8305,1
8306,1
8307,0
8308,1
8309,1
8310,1
8311,1
8312,0
8313,0
8314,0
8315,1
8316,1
8317,1
8318,0
8319,1
8320,1
8321,1
8322,1
8323,0
8324,0
8325,0
8326,1
8327,1
8328,1
8329,0
8330,0
8331,1
8332,0
8333,0
8334,0
8335,0
8336,1
8337,0
8338,1
8339,1
8340,1
8341,1
8342,1
8343,0
8344,0
8345,1
8346,1
8347,1
8348,0
8349,0
8350,0
8351,1
8352,1
8353,1
8354,0
8355,0
8356,0
8357,1
8358,0
8359,0
8360,1
8361,1
8362,1
8363,1
8364,1
8365,1
8366,0
8367,0
8368,1
8369,1
8370,1
8371,0
8372,1
8373,0
8374,1
8375,1
8376,1
8377,1
8378,1
8379,1
8380,0
8381,1
8382,1
8383,0
8384,0
8385,0
8386,0
8387,0
8388,1
8389,0
8390,0
8391,1
8392,0
8393,0
8394,0
8395,0
8396,0
8397,0
8398,0
8399,1
8400,1
8401,1
8402,0
8403,1
8404,1
8405,1
8406,0
8407,0
8408,0
8409,1
8410,0
8411,0
8412,0
8413,1
8414,1
8415,0
8416,0
8417,0
8418,0
8419,0
8420,1
8421,1
8422,1
8423,1
8424,1
8425,0
8426,0
8427,1
8428,1
8429,0
8430,0
8431,0
8432,0
8433,0
8434,1
8435,1
8436,1
8437,0
8438,0
8439,0
8440,1
8441,0
8442,1
8443,0
8444,1
8445,1
8446,1
8447,0
8448,1
8449,1
8450,0
8451,0
8452,1
8453,0
8454,1
8455,0
8456,0
8457,0
8458,1
8459,1
8460,0
8461,1
8462,1
8463,1
8464,1
8465,1
8466,1
8467,0
8468,0
8469,0
8470,1
8471,0
8472,0
8473,1
8474,0
8475,0
8476,0
8477,1
8478,0
8479,1
8480,1
8481,0
8482,0
8483,1
8484,1
8485,1
8486,1
8487,1
8488,1
8489,1
8490,1
8491,0
8492,0
8493,1
8494,0
8495,0
8496,0
8497,1
8498,0
8499,1
8500,0
8501,1
8502,1
8503,1
8504,0
8505,1
8506,0
8507,0
8508,1
8509,0
8510,0
8511,0
8512,0
8513,1
8514,0
8515,0
8516,0
8517,1
8518,1
8519,0
8520,0
8521,1
8522,1
8523,0
8524,0
8525,0
8526,0
8527,0
8528,0
8529,0
8530,0
8531,1
8532,0
8533,1
8534,0
8535,0
8536,0
8537,1
8538,0
8539,0
8540,1
8541,0
8542,1
8543,0
8544,1
8545,1
8546,0
8547,1
8548,1
8549,1
8550,0
8551,0
8552,0
8553,0
8554,1
8555,1
8556,0
8557,1
8558,0
8559,0
8560,1
8561,0
8562,0
8563,0
8564,1
8565,0
8566,0
8567,0
8568,1
8569,0
8570,0
8571,1
8572,1
8573,1
8574,0
8575,1
8576,1
8577,1
8578,1
8579,0
8580,0
8581,1
8582,1
8583,0
8584,0
8585,1
8586,0
8587,1
8588,0
8589,1
8590,0
8591,0
8592,0
8593,1
8594,0
8595,1
8596,1
8597,0
8598,1
8599,0
8600,1
8601,0
8602,0
8603,1
8604,1
8605,0
8606,0
8607,0
8608,0
8609,0
8610,0
8611,0
8612,1
8613,0
8614,1
8615,1
8616,0
8617,1
8618,1
8619,0
8620,0
8621,1
8622,0
8623,1
8624,1
8625,1
8626,0
8627,0
8628,0
8629,1
8630,1
8631,1
8632,1
8633,0
8634,1
8635,1
8636,0
8637,1
8638,1
8639,0
8640,0
8641,0
8642,0
8643,0
8644,1
8645,0
8646,1
8647,1
8648,1
8649,0
8650,1
8651,0
8652,0
8653,0
8654,1
8655,1
8656,1
8657,1
8658,1
8659,0
8660,0
8661,1
8662,1
8663,1
8664,0
8665,0
8666,0
8667,1
8668,1
8669,0
8670,1
8671,0
8672,0
8673,0
8674,0
8675,0
8676,0
8677,0
8678,0
8679,1
8680,0
8681,1
8682,1
8683,0
8684,0
8685,1
8686,1
8687,0
8688,0
8689,1
8690,1
8691,0
8692,1
8693,1
8694,1
8695,1
8696,0
8697,0
8698,1
8699,1
8700,1
8701,1
8702,1
8703,1
8704,0
8705,0
8706,0
8707,0
8708,0
8709,1
8710,1
8711,1
8712,0
8713,0
8714,1
8715,0
8716,0
8717,1
8718,1
8719,1
8720,1
8721,1
8722,0
8723,0
8724,0
8725,0
8726,0
8727,1
8728,1
8729,1
8730,1
8731,0
8732,1
8733,0
8734,0
8735,0
8736,0
8737,0
8738,1
8739,1
8740,1
8741,0
8742,0
8743,1
8744,0
8745,0
8746,1
8747,0
8748,0
8749,1
8750,1
8751,1
8752,1
8753,1
8754,1
8755,0
8756,0
8757,1
8758,1
8759,0
8760,1
8761,0
8762,1
8763,0
8764,1
8765,0
8766,1
8767,1
8768,1
8769,1
8770,1
8771,0
8772,1
8773,0
8774,0
8775,1
8776,0
8777,0
8778,1
8779,0
8780,0
8781,0
8782,0
8783,0
8784,0
8785,1
8786,0
8787,1
8788,0
8789,1
8790,0
8791,0
8792,0
8793,1
8794,0
8795,0
8796,0
8797,1
8798,1
8799,1
8800,0
8801,0
8802,0
8803,1
8804,0
8805,1
8806,1
8807,1
8808,0
8809,1
8810,0
8811,1
8812,0
8813,1
8814,0
8815,0
8816,0
8817,1
8818,0
8819,0
8820,1
8821,0
8822,1
8823,0
8824,1
8825,1
8826,1
8827,1
8828,1
8829,1
8830,1
8831,0
8832,0
8833,0
8834,0
8835,0
8836,0
8837,1
8838,1
8839,0
8840,0
8841,1
8842,0
8843,0
8844,1
8845,1
8846,1
8847,1
8848,0
8849,1
8850,0
8851,1
8852,1
8853,1
8854,1
8855,0
8856,1
8857,1
8858,1
8859,0
8860,1
8861,0
8862,1
8863,1
8864,0
8865,0
8866,0
8867,1
8868,0
8869,1
8870,0
8871,1
8872,1
8873,0
8874,0
8875,1
8876,0
8877,1
8878,0
8879,0
8880,0
8881,1
8882,1
8883,1
8884,0
8885,1
8886,1
8887,0
8888,0
8889,0
8890,0
8891,1
8892,1
8893,0
8894,1
8895,1
8896,1
8897,1
8898,1
8899,1
8900,1
8901,0
8902,0
8903,1
8904,1
8905,0
8906,1
8907,1
8908,0
8909,1
8910,0
8911,1
8912,1
8913,1
8914,0
8915,1
8916,1
8917,0
8918,1
8919,0
8920,0
8921,1
8922,1
8923,1
8924,1
8925,0
8926,1
8927,0
8928,1
8929,1
8930,0
8931,0
8932,1
8933,1
8934,0
8935,1
8936,0
8937,0
8938,0
8939,0
8940,1
8941,0
8942,1
8943,0
8944,0
8945,1
8946,0
8947,1
8948,1
8949,0
8950,0
8951,1
8952,0
8953,0
8954,1
8955,0
8956,0
8957,1
8958,1
8959,1
8960,1
8961,0
8962,1
8963,0
8964,0
8965,0
8966,0
8967,0
8968,0
8969,0
8970,1
8971,0
8972,1
8973,0
8974,1
8975,1
8976,1
8977,0
8978,1
8979,0
8980,1
8981,0
8982,1
8983,1
8984,1
8985,0
8986,1
8987,1
8988,1
8989,0
8990,0
8991,1
8992,1
8993,1
8994,1
8995,0
8996,1
8997,0
8998,0
8999,0
9000,1
9001,1
9002,1
9003,0
9004,1
9005,1
9006,1
9007,0
9008,0
9009,1
9010,0
9011,0
9012,1
9013,1
9014,0
9015,0
9016,0
9017,1
9018,0
9019,0
9020,1
9021,0
9022,1
9023,1
9024,1
9025,0
9026,0
9027,1
9028,1
9029,1
9030,0
9031,1
9032,1
9033,0
9034,0
9035,0
9036,1
9037,0
9038,0
9039,1
9040,0
9041,1
9042,0
9043,0
9044,0
9045,0
9046,0
9047,0
9048,0
9049,0
9050,1
9051,0
9052,1
9053,1
9054,1
9055,1
9056,0
9057,1
9058,0
9059,0
9060,0
9061,1
9062,0
9063,0
9064,1
9065,1
9066,0
9067,1
9068,1
9069,0
9070,0
9071,0
9072,1
9073,1
9074,1
9075,0
9076,1
9077,0
9078,0
9079,0
9080,1
9081,1
9082,1
9083,1
9084,1
9085,1
9086,1
9087,1
9088,0
9089,0
9090,0
9091,0
9092,1
9093,0
9094,1
9095,0
9096,1
9097,1
9098,0
9099,0
9100,1
9101,1
9102,1
9103,0
9104,0
9105,0
9106,1
9107,1
9108,0
9109,0
9110,0
9111,0
9112,0
9113,1
9114,1
9115,1
9116,1
9117,0
9118,1
9119,1
9120,0
9121,0
9122,1
9123,1
9124,1
9125,0
9126,0
9127,1
9128,1
9129,0
9130,1
9131,1
9132,0
9133,0
9134,0
9135,1
9136,0
9137,1
9138,0
9139,1
9140,0
9141,0
9142,1
9143,0
9144,1
9145,1
9146,0
9147,1
9148,0
9149,0
9150,1
9151,1
9152,0
9153,1
9154,1
9155,1
9156,1
9157,1
9158,1
9159,1
9160,1
9161,1
9162,0
9163,1
9164,1
9165,0
9166,0
9167,0
9168,1
9169,1
9170,1
9171,0
9172,1
9173,1
9174,0
9175,0
9176,1
9177,1
9178,0
9179,1
9180,0
9181,1
9182,0
9183,0
9184,1
9185,1
9186,1
9187,0
9188,0
9189,1
9190,1
9191,1
9192,1
9193,0
9194,0
9195,0
9196,0
9197,1
9198,1
9199,1
9200,1
9201,0
9202,1
9203,0
9204,0
9205,0
9206,0
9207,0
9208,1
9209,1
9210,0
9211,0
9212,0
9213,1
9214,0
9215,1
9216,0
9217,0
9218,1
9219,1
9220,1
9221,1
9222,1
9223,0
9224,1
9225,1
9226,0
9227,0
9228,1
9229,1
9230,1
9231,0
9232,1
9233,1
9234,1
9235,1
9236,1
9237,1
9238,1
9239,1
9240,0
9241,1
9242,0
9243,0
9244,0
9245,0
9246,0
9247,1
9248,1
9249,1
9250,0
9251,1
9252,0
9253,1
9254,1
9255,0
9256,0
9257,0
9258,0
9259,0
9260,0
9261,0
9262,1
9263,0
9264,0
9265,1
9266,1
9267,1
9268,1
9269,1
9270,0
9271,0
9272,1
9273,0
9274,0
9275,1
9276,0
9277,0
9278,0
9279,0
9280,1
9281,0
9282,1
9283,1
9284,0
9285,0
9286,0
9287,1
9288,1
9289,1
9290,0
9291,1
9292,1
9293,0
9294,1
9295,1
9296,0
9297,1
9298,1
9299,0
9300,0
9301,0
9302,1
9303,0
9304,1
9305,0
9306,1
9307,1
9308,1
9309,0
9310,1
9311,0
9312,1
9313,1
9314,0
9315,1
9316,1
9317,0
9318,0
9319,0
9320,0
9321,0
9322,0
9323,1
9324,0
9325,0
9326,1
9327,1
9328,0
9329,1
9330,1
9331,1
9332,1
9333,0
9334,1
9335,1
9336,1
9337,1
9338,1
9339,1
9340,1
9341,0
9342,1
9343,0
9344,0
9345,1
9346,0
9347,1
9348,0
9349,1
9350,1
9351,0
9352,1
9353,0
9354,0
9355,1
9356,0
9357,0
9358,0
9359,0
9360,1
9361,1
9362,1
9363,1
9364,1
9365,0
9366,1
9367,0
9368,0
9369,0
9370,0
9371,1
9372,0
9373,1
9374,0
9375,0
9376,0
9377,0
9378,1
9379,1
9380,0
9381,1
9382,1
9383,0
9384,1
9385,1
9386,1
9387,0
9388,1
9389,0
9390,0
9391,1
9392,1
9393,0
9394,1
9395,1
9396,0
9397,0
9398,0
9399,1
9400,1
9401,0
9402,0
9403,1
9404,1
9405,0
9406,1
9407,1
9408,0
9409,0
9410,1
9411,0
9412,0
9413,1
9414,0
9415,1
9416,1
9417,0
9418,1
9419,1
9420,0
9421,0
9422,0
9423,1
9424,0
9425,1
9426,0
9427,0
9428,1
9429,0
9430,0
9431,1
9432,0
9433,0
9434,0
9435,1
9436,1
9437,0
9438,1
9439,1
9440,0
9441,1
9442,0
9443,1
9444,1
9445,0
9446,1
9447,1
9448,1
9449,0
9450,0
9451,0
9452,0
9453,0
9454,1
9455,1
9456,0
9457,0
9458,1
9459,1
9460,0
9461,1
9462,0
9463,0
9464,1
9465,0
9466,1
9467,0
9468,1
9469,0
9470,0
9471,0
9472,0
9473,1
9474,1
9475,0
9476,0
9477,0
9478,1
9479,0
9480,1
9481,1
9482,0
9483,1
9484,0
9485,1
9486,1
9487,0
9488,0
9489,1
9490,1
9491,0
9492,0
9493,0
9494,0
9495,0
9496,1
9497,1
9498,0
9499,1
9500,0
9501,1
9502,0
9503,1
9504,1
9505,0
9506,0
9507,1
9508,1
9509,0
9510,1
9511,1
9512,1
9513,0
9514,0
9515,0
9516,1
9517,0
9518,0
9519,0
9520,0
9521,1
9522,0
9523,1
9524,0
9525,0
9526,0
9527,1
9528,0
9529,1
9530,0
9531,0
9532,0
9533,0
9534,0
9535,0
9536,1
9537,0
9538,1
9539,1
9540,0
9541,0
9542,1
9543,0
9544,0
9545,0
9546,1
9547,1
9548,0
9549,0
9550,0
9551,0
9552,1
9553,0
9554,1
9555,0
9556,1
9557,1
9558,0
9559,1
9560,0
9561,1
9562,0
9563,1
9564,0
9565,1
9566,1
9567,0
9568,1
9569,0
9570,0
9571,1
9572,0
9573,0
9574,0
9575,0
9576,0
9577,1
9578,0
9579,0
9580,0
9581,1
9582,0
9583,0
9584,1
9585,1
9586,1
9587,0
9588,0
9589,0
9590,1
9591,1
9592,1
9593,0
9594,1
9595,0
9596,0
9597,1
9598,1
9599,1
9600,0
9601,0
9602,0
9603,0
9604,1
9605,0
9606,1
9607,1
9608,1
9609,0
9610,1
9611,0
9612,0
9613,1
9614,1
9615,0
9616,0
9617,1
9618,1
9619,1
9620,0
9621,1
9622,1
9623,1
9624,1
9625,0
9626,1
9627,1
9628,0
9629,0
9630,1
9631,1
9632,0
9633,1
9634,1
9635,1
9636,0
9637,1
9638,0
9639,1
9640,1
9641,1
9642,1
9643,1
9644,0
9645,1
9646,0
9647,1
9648,0
9649,1
9650,0
9651,1
9652,1
9653,1
9654,0
9655,0
9656,0
9657,1
9658,1
9659,0
9660,1
9661,0
9662,0
9663,0
9664,0
9665,1
9666,1
9667,0
9668,1
9669,0
9670,0
9671,1
9672,1
9673,1
9674,0
9675,1
9676,1
9677,1
9678,0
9679,0
9680,1
9681,0
9682,1
9683,0
9684,0
9685,1
9686,0
9687,0
9688,0
9689,0
9690,1
9691,0
9692,1
9693,0
9694,1
9695,1
9696,1
9697,0
9698,1
9699,0
9700,0
9701,0
9702,1
9703,0
9704,1
9705,0
9706,1
9707,0
9708,0
9709,1
9710,1
9711,0
9712,0
9713,1
9714,1
9715,1
9716,0
9717,1
9718,1
9719,0
9720,0
9721,0
9722,1
9723,0
9724,1
9725,0
9726,1
9727,0
9728,0
9729,1
9730,1
9731,1
9732,1
9733,1
9734,1
9735,1
9736,1
9737,0
9738,0
9739,0
9740,0
9741,1
9742,1
9743,1
9744,1
9745,0
9746,0
9747,0
9748,1
9749,1
9750,0
9751,0
9752,1
9753,0
9754,0
9755,0
9756,1
9757,0
9758,1
9759,1
9760,1
9761,0
9762,0
9763,0
9764,0
9765,0
9766,1
9767,0
9768,0
9769,1
9770,1
9771,0
9772,1
9773,0
9774,1
9775,0
9776,1
9777,1
9778,1
9779,1
9780,1
9781,0
9782,1
9783,0
9784,1
9785,1
9786,1
9787,0
9788,1
9789,0
9790,1
9791,0
9792,1
9793,0
9794,0
9795,0
9796,0
9797,0
9798,0
9799,0
9800,0
9801,0
9802,1
9803,1
9804,0
9805,0
9806,0
9807,0
9808,1
9809,1
9810,0
9811,1
9812,0
9813,0
9814,0
9815,1
9816,0
9817,1
9818,0
9819,1
9820,1
9821,1
9822,1
9823,0
9824,0
9825,1
9826,0
9827,0
9828,0
9829,0
9830,0
9831,1
9832,1
9833,1
9834,0
9835,1
9836,0
9837,0
9838,0
9839,0
9840,0
9841,1
9842,1
9843,0
9844,0
9845,0
9846,0
9847,1
9848,1
9849,0
9850,0
9851,1
9852,1
9853,0
9854,1
9855,1
9856,0
9857,0
9858,0
9859,0
9860,0
9861,0
9862,1
9863,0
9864,0
9865,0
9866,1
9867,0
9868,0
9869,0
9870,1
9871,0
9872,0
9873,0
9874,1
9875,0
9876,1
9877,1
9878,1
9879,0
9880,0
9881,0
9882,1
9883,0
9884,0
9885,1
9886,0
9887,0
9888,0
9889,0
9890,0
9891,1
9892,1
9893,0
9894,0
9895,0
9896,1
9897,0
9898,1
9899,1
9900,0
9901,0
9902,1
9903,1
9904,1
9905,1
9906,0
9907,0
9908,0
9909,0
9910,0
9911,0
9912,1
9913,1
9914,1
9915,0
9916,1
9917,0
9918,0
9919,1
9920,0
9921,1
9922,1
9923,0
9924,1
9925,1
9926,0
9927,0
9928,1
9929,1
9930,0
9931,1
9932,0
9933,1
9934,0
9935,1
9936,1
9937,0
9938,0
9939,1
9940,0
9941,1
9942,1
9943,1
9944,0
9945,0
9946,0
9947,0
9948,1
9949,1
9950,1
9951,1
9952,1
9953,0
9954,0
9955,0
9956,0
9957,1
9958,1
9959,1
9960,0
9961,0
9962,1
9963,0
9964,1
9965,1
9966,0
9967,0
9968,1
9969,0
9970,0
9971,0
9972,0
9973,0
9974,1
9975,1
9976,0
9977,1
9978,1
9979,1
9980,1
9981,0
9982,1
9983,1
9984,0
9985,1
9986,1
9987,1
9988,0
9989,0
9990,1
9991,0
9992,0
9993,0
9994,1
9995,1
9996,0
9997,1
9998,1
9999,1
10000,0
10001,1
10002,1
10003,1
10004,1
10005,1
10006,0
10007,0
10008,1
10009,0
10010,0
10011,0
10012,0
10013,1
10014,0
10015,1
10016,1
10017,0
10018,1
10019,1
10020,0
10021,0
10022,0
10023,1
10024,1
10025,0
10026,0
10027,1
10028,1
10029,1
10030,1
10031,0
10032,0
10033,0
10034,1
10035,0
10036,1
10037,0
10038,0
10039,1
10040,0
10041,1
10042,1
10043,0
10044,0
10045,1
10046,0
10047,0
10048,0
10049,0
10050,0
10051,1
10052,0
10053,0
10054,0
10055,1
10056,1
10057,1
10058,1
10059,0
10060,0
10061,1
10062,1
10063,1
10064,0
10065,1
10066,0
10067,0
10068,1
10069,0
10070,1
10071,1
10072,0
10073,1
10074,0
10075,0
10076,0
10077,0
10078,0
10079,0
10080,1
10081,0
10082,1
10083,1
10084,0
10085,1
10086,0
10087,1
10088,0
10089,0
10090,0
10091,1
10092,1
10093,1
10094,0
10095,0
10096,1
10097,0
10098,0
10099,0
10100,0
10101,0
10102,0
10103,0
10104,1
10105,0
10106,1
10107,0
10108,0
10109,0
10110,1
10111,1
10112,0
10113,1
10114,1
10115,0
10116,1
10117,0
10118,1
10119,1
10120,1
10121,0
10122,1
10123,0
10124,1
10125,0
10126,1
10127,0
10128,1
10129,0
10130,1
10131,0
10132,0
10133,0
10134,1
10135,1
10136,0
10137,0
10138,0
10139,1
10140,1
10141,0
10142,0
10143,0
10144,1
10145,1
10146,0
10147,1
10148,0
10149,0
10150,1
10151,1
10152,1
10153,1
10154,1
10155,0
10156,0
10157,1
10158,1
10159,1
10160,0
10161,0
10162,1
10163,0
10164,1
10165,1
10166,0
10167,0
10168,0
10169,1
10170,0
10171,1
10172,0
10173,0
10174,1
10175,0
10176,1
10177,1
10178,1
10179,0
10180,0
10181,0
10182,1
10183,0
10184,1
10185,0
10186,0
10187,0
10188,0
10189,0
10190,0
10191,0
10192,1
10193,1
10194,1
10195,1
10196,1
10197,1
10198,1
10199,1
10200,1
10201,0
10202,0
10203,0
10204,0
10205,0
10206,1
10207,1
10208,0
10209,1
10210,1
10211,0
10212,1
10213,1
10214,1
10215,0
10216,1
10217,1
10218,0
10219,0
10220,0
10221,0
10222,0
10223,1
10224,1
10225,1
10226,0
10227,0
10228,1
10229,1
10230,0
10231,1
10232,0
10233,0
10234,0
10235,1
10236,0
10237,0
10238,0
10239,0
10240,1
10241,0
10242,1
10243,0
10244,0
10245,1
10246,0
10247,1
10248,1
10249,0
10250,0
10251,0
10252,1
10253,1
10254,1
10255,1
10256,1
10257,0
10258,0
10259,0
10260,1
10261,1
10262,0
10263,0
10264,1
10265,0
10266,0
10267,1
10268,1
10269,0
10270,1
10271,0
10272,0
10273,1
10274,1
10275,0
10276,1
10277,0
10278,1
10279,0
10280,1
10281,0
10282,1
10283,0
10284,0
10285,0
10286,1
10287,1
10288,1
10289,0
10290,0
10291,0
10292,1
10293,1
10294,1
10295,1
10296,0
10297,0
10298,0
10299,1
10300,0
10301,0
10302,0
10303,0
10304,0
10305,1
10306,0
10307,0
10308,1
10309,0
10310,0
10311,1
10312,0
10313,1
10314,1
10315,1
10316,0
10317,1
10318,0
10319,0
10320,1
10321,0
10322,0
10323,1
10324,1
10325,1
10326,1
10327,0
10328,1
10329,0
10330,1
10331,1
10332,0
10333,1
10334,1
10335,1
10336,0
10337,0
10338,0
10339,1
10340,1
10341,1
10342,1
10343,1
10344,0
10345,1
10346,0
10347,1
10348,0
10349,0
10350,0
10351,1
10352,0
10353,1
10354,0
10355,0
10356,1
10357,1
10358,1
10359,1
10360,1
10361,1
10362,0
10363,0
10364,0
10365,1
10366,1
10367,0
10368,0
10369,1
10370,0
10371,1
10372,1
10373,0
10374,1
10375,1
10376,1
10377,0
10378,0
10379,1
10380,1
10381,0
10382,0
10383,1
10384,1
10385,1
10386,1
10387,1
10388,1
10389,1
10390,1
10391,0
10392,0
10393,1
10394,0
10395,0
10396,1
10397,1
10398,1
10399,0
10400,1
10401,0
10402,0
10403,1
10404,0
10405,0
10406,1
10407,0
10408,0
10409,0
10410,1
10411,1
10412,0
10413,0
10414,1
10415,1
10416,1
10417,0
10418,0
10419,1
10420,0
10421,0
10422,0
10423,1
10424,1
10425,0
10426,1
10427,0
10428,1
10429,1
10430,0
10431,0
10432,0
10433,0
10434,0
10435,0
10436,1
10437,1
10438,0
10439,1
10440,1
10441,0
10442,1
10443,0
10444,1
10445,0
10446,1
10447,1
10448,1
10449,1
10450,0
10451,1
10452,0
10453,0
10454,0
10455,0
10456,1
10457,0
10458,0
10459,1
10460,1
10461,0
10462,0
10463,0
10464,1
10465,0
10466,1
10467,1
10468,1
10469,1
10470,1
10471,0
10472,0
10473,1
10474,1
10475,0
10476,1
10477,0
10478,0
10479,0
10480,1
10481,1
10482,1
10483,1
10484,1
10485,1
10486,0
10487,1
10488,1
10489,0
10490,0
10491,0
10492,0
10493,0
10494,1
10495,0
10496,1
10497,0
10498,0
10499,1
10500,1
10501,0
10502,1
10503,1
10504,1
10505,1
10506,0
10507,0
10508,0
10509,1
10510,0
10511,1
10512,0
10513,1
10514,0
10515,1
10516,0
10517,1
10518,1
10519,1
10520,1
10521,0
10522,1
10523,1
10524,1
10525,1
10526,1
10527,0
10528,1
10529,0
10530,1
10531,0
10532,0
10533,0
10534,1
10535,1
10536,1
10537,1
10538,1
10539,1
10540,0
10541,1
10542,0
10543,0
10544,0
10545,0
10546,0
10547,1
10548,0
10549,1
10550,1
10551,1
10552,0
10553,1
10554,1
10555,0
10556,0
10557,1
10558,1
10559,0
10560,0
10561,1
10562,0
10563,1
10564,1
10565,1
10566,0
10567,0
10568,0
10569,0
10570,0
10571,0
10572,1
10573,0
10574,1
10575,1
10576,0
10577,0
10578,1
10579,0
10580,0
10581,0
10582,0
10583,0
10584,1
10585,0
10586,1
10587,1
10588,0
10589,0
10590,1
10591,1
10592,0
10593,0
10594,1
10595,0
10596,0
10597,1
10598,0
10599,0
10600,0
10601,1
10602,0
10603,0
10604,1
10605,0
10606,0
10607,0
10608,0
10609,1
10610,0
10611,0
10612,1
10613,1
10614,1
10615,1
10616,1
10617,0
10618,1
10619,0
10620,1
10621,1
10622,0
10623,0
10624,0
10625,1
10626,0
10627,1
10628,1
10629,1
10630,1
10631,1
10632,1
10633,1
10634,0
10635,1
10636,0
10637,1
10638,1
10639,0
10640,1
10641,1
10642,1
10643,1
10644,1
10645,1
10646,0
10647,1
10648,0
10649,1
10650,1
10651,0
10652,0
10653,0
10654,0
10655,1
10656,0
10657,1
10658,0
10659,0
10660,1
10661,0
10662,0
10663,0
10664,1
10665,0
10666,1
10667,1
10668,1
10669,0
10670,0
10671,1
10672,0
10673,0
10674,1
10675,0
10676,0
10677,0
10678,1
10679,1
10680,0
10681,0
10682,0
10683,1
10684,1
10685,1
10686,1
10687,0
10688,1
10689,0
10690,0
10691,0
10692,1
10693,0
10694,1
10695,0
10696,1
10697,1
10698,1
10699,1
10700,1
10701,1
10702,0
10703,1
10704,1
10705,0
10706,1
10707,1
10708,1
10709,1
10710,0
10711,1
10712,0
10713,1
10714,0
10715,0
10716,0
10717,1
10718,0
10719,0
10720,1
10721,1
10722,0
10723,0
10724,1
10725,1
10726,0
10727,1
10728,1
10729,0
10730,0
10731,0
10732,1
10733,0
10734,1
10735,1
10736,1
10737,0
10738,1
10739,1
10740,1
10741,0
10742,0
10743,0
10744,0
10745,0
10746,0
10747,1
10748,0
10749,0
10750,0
10751,0
10752,1
10753,0
10754,0
10755,1
10756,0
10757,1
10758,0
10759,0
10760,0
10761,1
10762,1
10763,1
10764,1
10765,1
10766,0
10767,0
10768,0
10769,1
10770,1
10771,0
10772,1
10773,1
10774,0
10775,0
10776,1
10777,1
10778,0
10779,1
10780,0
10781,0
10782,0
10783,0
10784,1
10785,1
10786,1
10787,0
10788,0
10789,0
10790,0
10791,1
10792,0
10793,0
10794,0
10795,0
10796,1
10797,1
10798,0
10799,0
10800,0
10801,0
10802,1
10803,0
10804,1
10805,0
10806,0
10807,0
10808,1
10809,0
10810,0
10811,0
10812,0
10813,1
10814,0
10815,1
10816,0
10817,0
10818,0
10819,1
10820,1
10821,1
10822,0
10823,0
10824,0
10825,1
10826,1
10827,0
10828,0
10829,1
10830,0
10831,0
10832,0
10833,0
10834,0
10835,1
10836,0
10837,1
10838,1
10839,1
10840,0
10841,1
10842,1
10843,0
10844,0
10845,0
10846,0
10847,1
10848,1
10849,1
10850,1
10851,1
10852,1
10853,1
10854,1
10855,1
10856,0
10857,1
10858,1
10859,0
10860,1
10861,1
10862,0
10863,0
10864,0
10865,1
10866,1
10867,0
10868,0
10869,1
10870,1
10871,0
10872,0
10873,1
10874,0
10875,1
10876,1
10877,1
10878,0
10879,1
10880,1
10881,0
10882,0
10883,1
10884,1
10885,1
10886,1
10887,1
10888,1
10889,1
10890,1
10891,0
10892,0
10893,1
10894,0
10895,1
10896,1
10897,0
10898,1
10899,0
10900,0
10901,1
10902,1
10903,1
10904,1
10905,0
10906,1
10907,1
10908,1
10909,1
10910,0
10911,1
10912,1
10913,0
10914,0
10915,1
10916,0
10917,1
10918,0
10919,0
10920,1
10921,1
10922,0
10923,1
10924,1
10925,0
10926,0
10927,0
10928,0
10929,1
10930,1
10931,1
10932,0
10933,1
10934,1
10935,1
10936,0
10937,1
10938,0
10939,1
10940,0
10941,0
10942,0
10943,1
10944,1
10945,1
10946,0
10947,1
10948,0
10949,0
10950,0
10951,1
10952,1
10953,1
10954,0
10955,0
10956,0
10957,1
10958,0
10959,1
10960,1
10961,0
10962,1
10963,1
10964,1
10965,0
10966,1
10967,1
10968,1
10969,1
10970,0
10971,0
10972,1
10973,1
10974,0
10975,0
10976,1
10977,0
10978,1
10979,0
10980,1
10981,1
10982,0
10983,1
10984,1
10985,0
10986,1
10987,0
10988,1
10989,0
10990,1
10991,0
10992,0
10993,1
10994,0
10995,1
10996,0
10997,1
10998,0
10999,1
11000,0
11001,1
11002,0
11003,0
11004,1
11005,0
11006,1
11007,1
11008,0
11009,1
11010,0
11011,1
11012,0
11013,0
11014,0
11015,1
11016,1
11017,0
11018,0
11019,1
11020,0
11021,1
11022,0
11023,0
11024,1
11025,1
11026,0
11027,1
11028,1
11029,1
11030,0
11031,1
11032,1
11033,1
11034,0
11035,0
11036,0
11037,1
11038,1
11039,1
11040,1
11041,1
11042,1
11043,0
11044,1
11045,0
11046,0
11047,0
11048,1
11049,0
11050,1
11051,1
11052,1
11053,0
11054,0
11055,1
11056,1
11057,0
11058,0
11059,1
11060,0
11061,1
11062,0
11063,0
11064,0
11065,0
11066,0
11067,1
11068,0
11069,1
11070,0
11071,0
11072,1
11073,0
11074,0
11075,1
11076,1
11077,1
11078,1
11079,0
11080,1
11081,1
11082,1
11083,0
11084,0
11085,0
11086,0
11087,0
11088,0
11089,0
11090,1
11091,1
11092,1
11093,1
11094,1
11095,1
11096,0
11097,0
11098,0
11099,0
11100,1
11101,1
11102,1
11103,0
11104,0
11105,0
11106,0
11107,1
11108,0
11109,0
11110,0
11111,0
11112,0
11113,1
11114,0
11115,1
11116,0
11117,0
11118,0
11119,1
11120,0
11121,0
11122,0
11123,1
11124,0
11125,1
11126,1
11127,1
11128,1
11129,0
11130,0
11131,0
11132,0
11133,0
11134,1
11135,0
11136,1
11137,1
11138,0
11139,0
11140,1
11141,0
11142,0
11143,0
11144,0
11145,1
11146,0
11147,0
11148,1
11149,0
11150,0
11151,0
11152,1
11153,0
11154,1
11155,0
11156,0
11157,0
11158,0
11159,0
11160,1
11161,0
11162,0
11163,0
11164,1
11165,0
11166,0
11167,1
11168,0
11169,1
11170,1
11171,0
11172,1
11173,1
11174,1
11175,1
11176,0
11177,0
11178,1
11179,0
11180,0
11181,1
11182,0
11183,1
11184,1
11185,0
11186,1
11187,0
11188,1
11189,0
11190,1
11191,1
11192,0
11193,0
11194,1
11195,1
11196,0
11197,1
11198,1
11199,0
11200,1
11201,1
11202,0
11203,0
11204,1
11205,1
11206,1
11207,0
11208,1
11209,1
11210,0
11211,1
11212,0
11213,1
11214,1
11215,0
11216,0
11217,1
11218,0
11219,0
11220,1
11221,0
11222,1
11223,1
11224,1
11225,0
11226,1
11227,1
11228,0
11229,1
11230,0
11231,1
11232,1
11233,1
11234,1
11235,1
11236,0
11237,0
11238,1
11239,1
11240,0
11241,1
11242,1
11243,1
11244,0
11245,1
11246,0
11247,1
11248,1
11249,0
11250,0
11251,0
11252,0
11253,0
11254,0
11255,0
11256,0
11257,0
11258,1
11259,1
11260,1
11261,0
11262,1
11263,1
11264,1
11265,1
11266,0
11267,1
11268,1
11269,1
11270,0
11271,0
11272,1
11273,1
11274,1
11275,0
11276,0
11277,0
11278,1
11279,0
11280,0
11281,1
11282,0
11283,1
11284,1
11285,1
11286,0
11287,0
11288,0
11289,0
11290,1
11291,1
11292,0
11293,1
11294,1
11295,1
11296,0
11297,1
11298,1
11299,1
11300,1
11301,1
11302,1
11303,0
11304,0
11305,0
11306,1
11307,1
11308,1
11309,1
11310,1
11311,1
11312,0
11313,0
11314,0
11315,0
11316,0
11317,0
11318,1
11319,0
11320,0
11321,1
11322,1
11323,1
11324,1
11325,0
11326,1
11327,0
11328,1
11329,0
11330,1
11331,1
11332,0
11333,1
11334,0
11335,1
11336,1
11337,0
11338,0
11339,1
11340,1
11341,0
11342,0
11343,0
11344,1
11345,1
11346,1
11347,0
11348,0
11349,0
11350,0
11351,1
11352,0
11353,1
11354,0
11355,1
11356,1
11357,0
11358,0
11359,0
11360,0
11361,0
11362,1
11363,1
11364,0
11365,0
11366,0
11367,1
11368,1
11369,1
11370,0
11371,1
11372,1
11373,0
11374,1
11375,0
11376,0
11377,0
11378,0
11379,1
11380,0
11381,1
11382,1
11383,0
11384,0
11385,1
11386,1
11387,1
11388,1
11389,1
11390,1
11391,1
11392,0
11393,0
11394,0
11395,1
11396,1
11397,1
11398,1
11399,1
11400,0
11401,0
11402,0
11403,1
11404,0
11405,1
11406,0
11407,0
11408,1
11409,1
11410,1
11411,0
11412,1
11413,0
11414,0
11415,0
11416,0
11417,1
11418,0
11419,0
11420,1
11421,1
11422,1
11423,0
11424,1
11425,0
11426,1
11427,0
11428,0
11429,1
11430,0
11431,1
11432,1
11433,0
11434,0
11435,1
11436,0
11437,0
11438,0
11439,0
11440,1
11441,1
11442,1
11443,0
11444,1
11445,0
11446,1
11447,0
11448,1
11449,1
11450,1
11451,0
11452,0
11453,1
11454,0
11455,0
11456,1
11457,0
11458,1
11459,1
11460,0
11461,1
11462,1
11463,0
11464,0
11465,1
11466,0
11467,0
11468,0
11469,0
11470,1
11471,0
11472,0
11473,1
11474,1
11475,0
11476,0
11477,0
11478,1
11479,1
11480,0
11481,1
11482,1
11483,0
11484,1
11485,1
11486,1
11487,1
11488,0
11489,0
11490,0
11491,0
11492,1
11493,0
11494,1
11495,1
11496,1
11497,0
11498,0
11499,1
11500,0
11501,0
11502,1
11503,1
11504,0
11505,1
11506,0
11507,0
11508,0
11509,1
11510,1
11511,1
11512,1
11513,0
11514,0
11515,0
11516,1
11517,1
11518,0
11519,1
11520,0
11521,1
11522,0
11523,0
11524,0
11525,0
11526,0
11527,1
11528,0
11529,1
11530,1
11531,0
11532,0
11533,1
11534,1
11535,1
11536,0
11537,1
11538,0
11539,0
11540,1
11541,1
11542,1
11543,0
11544,0
11545,0
11546,0
11547,1
11548,0
11549,0
11550,0
11551,0
11552,1
11553,0
11554,1
11555,1
11556,1
11557,1
11558,0
11559,0
11560,1
11561,1
11562,1
11563,0
11564,1
11565,0
11566,0
11567,0
11568,0
11569,1
11570,1
11571,1
11572,1
11573,1
11574,0
11575,1
11576,1
11577,1
11578,1
11579,1
11580,0
11581,0
11582,0
11583,1
11584,1
11585,0
11586,0
11587,1
11588,0
11589,0
11590,0
11591,1
11592,0
11593,1
11594,1
11595,0
11596,1
11597,0
11598,0
11599,1
11600,0
11601,1
11602,1
11603,1
11604,0
11605,0
11606,0
11607,0
11608,0
11609,1
11610,0
11611,1
11612,0
11613,0
11614,1
11615,1
11616,1
11617,0
11618,1
11619,0
11620,1
11621,1
11622,1
11623,1
11624,1
11625,1
11626,1
11627,1
11628,1
11629,0
11630,1
11631,0
11632,0
11633,1
11634,1
11635,1
11636,0
11637,1
11638,0
11639,0
11640,0
11641,1
11642,0
11643,1
11644,0
11645,1
11646,1
11647,0
11648,1
11649,1
11650,0
11651,0
11652,0
11653,0
11654,0
11655,1
11656,1
11657,0
11658,0
11659,0
11660,1
11661,0
11662,0
11663,0
11664,0
11665,1
11666,0
11667,1
11668,1
11669,1
11670,0
11671,1
11672,0
11673,1
11674,1
11675,1
11676,0
11677,0
11678,1
11679,1
11680,0
11681,0
11682,1
11683,1
11684,1
11685,0
11686,1
11687,0
11688,1
11689,0
11690,1
11691,1
11692,0
11693,0
11694,0
11695,0
11696,1
11697,1
11698,1
11699,0
11700,1
11701,1
11702,1
11703,1
11704,0
11705,0
11706,0
11707,0
11708,1
11709,0
11710,0
11711,1
11712,1
11713,0
11714,0
11715,0
11716,0
11717,1
11718,1
11719,1
11720,1
11721,1
11722,1
11723,1
11724,1
11725,0
11726,0
11727,0
11728,0
11729,0
11730,1
11731,0
11732,0
11733,1
11734,0
11735,0
11736,0
11737,1
11738,0
11739,0
11740,1
11741,0
11742,0
11743,0
11744,0
11745,0
11746,0
11747,0
11748,1
11749,1
11750,0
11751,0
11752,1
11753,0
11754,1
11755,1
11756,0
11757,0
11758,0
11759,0
11760,0
11761,1
11762,1
11763,0
11764,0
11765,0
11766,0
11767,0
11768,0
11769,0
11770,1
11771,1
11772,0
11773,0
11774,0
11775,1
11776,0
11777,1
11778,0
11779,0
11780,1
11781,0
11782,0
11783,0
11784,1
11785,0
11786,0
11787,0
11788,0
11789,0
11790,0
11791,0
11792,1
11793,1
11794,0
11795,1
11796,1
11797,0
11798,1
11799,1
11800,0
11801,0
11802,1
11803,0
11804,0
11805,1
11806,0
11807,0
11808,1
11809,0
11810,1
11811,1
11812,0
11813,0
11814,1
11815,0
11816,0
11817,1
11818,0
11819,0
11820,0
11821,1
11822,0
11823,0
11824,0
11825,0
11826,1
11827,1
11828,1
11829,1
11830,0
11831,1
11832,1
11833,1
11834,1
11835,0
11836,0
11837,1
11838,0
11839,1
11840,0
11841,1
11842,0
11843,0
11844,1
11845,1
11846,0
11847,1
11848,1
11849,0
11850,0
11851,1
11852,0
11853,1
11854,0
11855,1
11856,0
11857,1
11858,1
11859,1
11860,1
11861,0
11862,1
11863,1
11864,0
11865,1
11866,0
11867,1
11868,0
11869,0
11870,1
11871,1
11872,1
11873,0
11874,1
11875,1
11876,1
11877,1
11878,0
11879,1
11880,1
11881,0
11882,0
11883,0
11884,0
11885,1
11886,1
11887,1
11888,0
11889,1
11890,0
11891,0
11892,0
11893,1
11894,0
11895,1
11896,0
11897,0
11898,1
11899,1
11900,0
11901,0
11902,1
11903,0
11904,1
11905,0
11906,1
11907,1
11908,0
11909,0
11910,1
11911,1
11912,0
11913,1
11914,0
11915,1
11916,0
11917,0
11918,1
11919,0
11920,0
11921,1
11922,1
11923,1
11924,0
11925,0
11926,1
11927,0
11928,1
11929,0
11930,0
11931,1
11932,0
11933,0
11934,0
11935,0
11936,0
11937,0
11938,0
11939,1
11940,0
11941,0
11942,1
11943,1
11944,0
11945,1
11946,0
11947,1
11948,1
11949,0
11950,0
11951,0
11952,1
11953,0
11954,1
11955,0
11956,0
11957,0
11958,0
11959,0
11960,1
11961,0
11962,1
11963,1
11964,1
11965,0
11966,0
11967,1
11968,1
11969,1
11970,1
11971,0
11972,1
11973,0
11974,0
11975,0
11976,1
11977,0
11978,0
11979,1
11980,1
11981,0
11982,0
11983,1
11984,0
11985,0
11986,1
11987,0
11988,1
11989,0
11990,1
11991,1
11992,0
11993,0
11994,1
11995,0
11996,1
11997,1
11998,0
11999,0
12000,1
12001,0
12002,0
12003,0
12004,1
12005,0
12006,1
12007,1
12008,0
12009,0
12010,1
12011,0
12012,0
12013,1
12014,0
12015,0
12016,0
12017,0
12018,1
12019,1
12020,0
12021,1
12022,0
12023,0
12024,0
12025,0
12026,1
12027,0
12028,0
12029,1
12030,1
12031,0
12032,0
12033,0
12034,1
12035,0
12036,0
12037,1
12038,0
12039,1
12040,1
12041,0
12042,0
12043,1
12044,1
12045,1
12046,0
12047,1
12048,0
12049,1
12050,0
12051,1
12052,1
12053,0
12054,1
12055,1
12056,0
12057,0
12058,0
12059,1
12060,0
12061,1
12062,0
12063,1
12064,0
12065,1
12066,1
12067,1
12068,0
12069,1
12070,1
12071,0
12072,0
12073,1
12074,1
12075,1
12076,0
12077,1
12078,0
12079,0
12080,0
12081,1
12082,1
12083,0
12084,0
12085,0
12086,0
12087,0
12088,1
12089,1
12090,0
12091,1
12092,0
12093,1
12094,1
12095,0
12096,0
12097,1
12098,0
12099,0
12100,0
12101,1
12102,1
12103,0
12104,1
12105,0
12106,1
12107,1
12108,1
12109,0
12110,1
12111,1
12112,0
12113,0
12114,0
12115,0
12116,1
12117,1
12118,0
12119,1
12120,1
12121,1
12122,0
12123,0
12124,1
12125,0
12126,0
12127,0
12128,1
12129,1
12130,0
12131,1
12132,0
12133,0
12134,0
12135,0
12136,1
12137,1
12138,0
12139,1
12140,0
12141,0
12142,0
12143,1
12144,0
12145,1
12146,0
12147,0
12148,1
12149,1
12150,0
12151,1
12152,1
12153,0
12154,1
12155,0
12156,0
12157,0
12158,0
12159,0
12160,1
12161,1
12162,1
12163,1
12164,0
12165,1
12166,0
12167,0
12168,0
12169,0
12170,0
12171,1
12172,1
12173,0
12174,1
12175,1
12176,0
12177,0
12178,0
12179,0
12180,0
12181,1
12182,0
12183,0
12184,0
12185,0
12186,1
12187,0
12188,1
12189,0
12190,1
12191,0
12192,1
12193,1
12194,1
12195,1
12196,1
12197,0
12198,1
12199,1
12200,1
12201,0
12202,1
12203,1
12204,0
12205,1
12206,1
12207,0
12208,0
12209,0
12210,0
12211,1
12212,1
12213,1
12214,1
12215,1
12216,0
12217,1
12218,0
12219,0
12220,1
12221,1
12222,0
12223,1
12224,0
12225,0
12226,1
12227,1
12228,0
12229,1
12230,0
12231,1
12232,0
12233,0
12234,1
12235,1
12236,1
12237,1
12238,1
12239,0
12240,0
12241,1
12242,0
12243,1
12244,1
12245,1
12246,1
12247,1
12248,0
12249,0
12250,1
12251,1
12252,0
12253,1
12254,0
12255,0
12256,1
12257,0
12258,0
12259,0
12260,0
12261,0
12262,1
12263,0
12264,1
12265,1
12266,1
12267,0
12268,0
12269,1
12270,0
12271,1
12272,1
12273,1
12274,0
12275,1
12276,1
12277,1
12278,0
12279,0
12280,0
12281,0
12282,1
12283,1
12284,1
12285,1
12286,1
12287,0
12288,1
12289,1
12290,1
12291,0
12292,0
12293,0
12294,0
12295,0
12296,1
12297,0
12298,0
12299,1
12300,0
12301,1
12302,0
12303,0
12304,1
12305,0
12306,0
12307,1
12308,1
12309,1
12310,0
12311,0
12312,1
12313,0
12314,1
12315,0
12316,1
12317,0
12318,1
12319,0
12320,1
12321,1
12322,0
12323,0
12324,0
12325,0
12326,0
12327,0
12328,1
12329,1
12330,1
12331,0
12332,0
12333,0
12334,1
12335,0
12336,1
12337,0
12338,1
12339,1
12340,0
12341,0
12342,0
12343,1
12344,0
12345,0
12346,0
12347,0
12348,1
12349,1
12350,1
12351,0
12352,1
12353,1
12354,1
12355,0
12356,1
12357,1
12358,0
12359,0
12360,0
12361,1
12362,0
12363,1
12364,1
12365,0
12366,1
12367,0
12368,1
12369,1
12370,0
12371,0
12372,0
12373,1
12374,1
12375,0
12376,1
12377,1
12378,0
12379,0
12380,1
12381,1
12382,1
12383,1
12384,1
12385,0
12386,1
12387,0
12388,1
12389,0
12390,0
12391,1
12392,0
12393,0
12394,0
12395,1
12396,0
12397,0
12398,1
12399,1
12400,0
12401,0
12402,0
12403,1
12404,1
12405,0
12406,1
12407,1
12408,0
12409,1
12410,1
12411,1
12412,0
12413,1
12414,1
12415,1
12416,1
12417,0
12418,1
12419,1
12420,0
12421,1
12422,0
12423,1
12424,0
12425,0
12426,0
12427,0
12428,1
12429,1
12430,0
12431,0
12432,0
12433,1
12434,0
12435,1
12436,0
12437,0
12438,1
12439,1
12440,0
12441,0
12442,0
12443,1
12444,1
12445,1
12446,0
12447,1
12448,1
12449,0
12450,1
12451,1
12452,0
12453,1
12454,1
12455,1
12456,1
12457,0
12458,0
12459,0
12460,0
12461,0
12462,0
12463,0
12464,1
12465,0
12466,0
12467,0
12468,0
12469,1
12470,0
12471,0
12472,1
12473,1
12474,1
12475,0
12476,1
12477,0
12478,1
12479,0
12480,1
12481,0
12482,1
12483,0
12484,0
12485,1
12486,1
12487,1
12488,1
12489,0
12490,1
12491,0
12492,1
12493,0
12494,0
12495,1
12496,0
12497,1
12498,1
12499,1
12500,0
12501,1
12502,1
12503,0
12504,1
12505,1
12506,0
12507,0
12508,0
12509,1
12510,0
12511,1
12512,1
12513,1
12514,0
12515,1
12516,1
12517,0
12518,1
12519,0
12520,0
12521,0
12522,1
12523,0
12524,0
12525,0
12526,1
12527,1
12528,0
12529,1
12530,0
12531,1
12532,0
12533,0
12534,1
12535,0
12536,0
12537,1
12538,1
12539,0
12540,1
12541,1
12542,0
12543,0
12544,1
12545,0
12546,1
12547,0
12548,1
12549,1
12550,1
12551,1
12552,0
12553,0
12554,0
12555,1
12556,0
12557,1
12558,1
12559,1
12560,0
12561,0
12562,1
12563,1
12564,0
12565,1
12566,0
12567,0
12568,1
12569,0
12570,0
12571,1
12572,0
12573,0
12574,1
12575,1
12576,0
12577,0
12578,0
12579,1
12580,0
12581,0
12582,1
12583,0
12584,0
12585,1
12586,0
12587,1
12588,1
12589,0
12590,0
12591,0
12592,0
12593,0
12594,0
12595,1
12596,1
12597,1
12598,0
12599,0
12600,1
12601,0
12602,0
12603,1
12604,1
12605,0
12606,0
12607,1
12608,0
12609,1
12610,1
12611,0
12612,1
12613,1
12614,0
12615,0
12616,1
12617,0
12618,0
12619,0
12620,1
12621,1
12622,0
12623,1
12624,0
12625,0
12626,0
12627,0
12628,1
12629,1
12630,1
12631,0
12632,0
12633,0
12634,0
12635,0
12636,0
12637,0
12638,0
12639,0
12640,1
12641,0
12642,1
12643,1
12644,0
12645,1
12646,1
12647,0
12648,0
12649,1
12650,0
12651,1
12652,1
12653,1
12654,1
12655,0
12656,1
12657,1
12658,0
12659,1
12660,1
12661,1
12662,1
12663,1
12664,0
12665,0
12666,0
12667,0
12668,1
12669,1
12670,1
12671,1
12672,0
12673,0
12674,1
12675,1
12676,1
12677,1
12678,1
12679,1
12680,0
12681,1
12682,1
12683,0
12684,0
12685,1
12686,0
12687,0
12688,1
12689,1
12690,0
12691,0
12692,1
12693,0
12694,1
12695,0
12696,0
12697,1
12698,0
12699,0
12700,1
12701,1
12702,1
12703,0
12704,0
12705,0
12706,1
12707,0
12708,0
12709,1
12710,0
12711,0
12712,1
12713,1
12714,0
12715,1
12716,0
12717,0
12718,0
12719,1
12720,1
12721,1
12722,0
12723,1
12724,0
12725,1
12726,1
12727,0
12728,1
12729,0
12730,1
12731,0
12732,1
12733,1
12734,1
12735,0
12736,0
12737,1
12738,0
12739,0
12740,0
12741,0
12742,1
12743,0
12744,0
12745,1
12746,1
12747,1
12748,1
12749,0
12750,1
12751,1
12752,0
12753,1
12754,1
12755,0
12756,0
12757,0
12758,1
12759,0
12760,1
12761,0
12762,0
12763,1
12764,0
12765,0
12766,1
12767,1
12768,0
12769,1
12770,1
12771,0
12772,0
12773,1
12774,0
12775,0
12776,0
12777,0
12778,0
12779,1
12780,1
12781,1
12782,0
12783,1
12784,1
12785,1
12786,1
12787,0
12788,1
12789,0
12790,0
12791,1
12792,1
12793,0
12794,0
12795,0
12796,1
12797,1
12798,1
12799,1
12800,0
12801,1
12802,1
12803,1
12804,0
12805,1
12806,0
12807,0
12808,1
12809,0
12810,1
12811,0
12812,1
12813,0
12814,1
12815,0
12816,1
12817,1
12818,1
12819,0
12820,0
12821,1
12822,1
12823,0
12824,0
12825,0
12826,0
12827,1
12828,1
12829,1
12830,1
12831,0
12832,1
12833,0
12834,1
12835,0
12836,1
12837,0
12838,1
12839,1
12840,0
12841,1
12842,1
12843,0
12844,1
12845,1
12846,0
12847,0
12848,0
12849,1
12850,1
12851,1
12852,1
12853,0
12854,0
12855,1
12856,0
12857,0
12858,1
12859,0
12860,1
12861,1
12862,0
12863,0
12864,0
12865,1
12866,0
12867,0
12868,0
12869,1
12870,0
12871,0
12872,1
12873,1
12874,0
12875,1
12876,0
12877,0
12878,0
12879,1
12880,1
12881,0
12882,1
12883,0
12884,0
12885,0
12886,0
12887,0
12888,1
12889,0
12890,0
12891,1
12892,0
12893,1
12894,0
12895,1
12896,0
12897,0
12898,0
12899,1
12900,0
12901,1
12902,0
12903,1
12904,0
12905,1
12906,1
12907,1
12908,1
12909,1
12910,0
12911,0
12912,1
12913,0
12914,0
12915,0
12916,0
12917,0
12918,0
12919,0
12920,1
12921,0
12922,0
12923,0
12924,1
12925,0
12926,1
12927,0
12928,0
12929,0
12930,0
12931,0
12932,1
12933,1
12934,1
12935,1
12936,0
12937,1
12938,1
12939,1
12940,0
12941,1
12942,1
12943,1
12944,1
12945,0
12946,1
12947,1
12948,0
12949,1
12950,1
12951,1
12952,1
12953,1
12954,0
12955,1
12956,1
12957,1
12958,0
12959,0
12960,0
12961,0
12962,1
12963,1
12964,0
12965,0
12966,0
12967,0
12968,1
12969,0
12970,0
12971,0
12972,0
12973,0
12974,1
12975,1
12976,1
12977,0
12978,0
12979,1
12980,1
12981,0
12982,1
12983,0
12984,1
12985,0
12986,0
12987,1
12988,0
12989,0
12990,1
12991,0
12992,0
12993,0
12994,1
12995,1
12996,0
12997,1
12998,0
12999,1
13000,1
13001,0
13002,0
13003,1
13004,1
13005,1
13006,0
13007,1
13008,1
13009,0
13010,1
13011,1
13012,1
13013,0
13014,0
13015,0
13016,0
13017,1
13018,0
13019,1
13020,0
13021,1
13022,0
13023,0
13024,0
13025,0
13026,0
13027,0
13028,1
13029,0
13030,1
13031,1
13032,0
13033,0
13034,0
13035,1
13036,1
13037,1
13038,1
13039,1
13040,0
13041,0
13042,1
13043,1
13044,1
13045,0
13046,1
13047,0
13048,1
13049,1
13050,1
13051,1
13052,1
13053,1
13054,1
13055,1
13056,0
13057,0
13058,1
13059,0
13060,1
13061,0
13062,1
13063,0
13064,0
13065,0
13066,0
13067,1
13068,1
13069,0
13070,1
13071,1
13072,1
13073,1
13074,0
13075,0
13076,0
13077,0
13078,1
13079,1
13080,1
13081,0
13082,1
13083,0
13084,0
13085,1
13086,1
13087,0
13088,1
13089,1
13090,1
13091,1
13092,1
13093,0
13094,1
13095,0
13096,1
13097,0
13098,0
13099,0
13100,1
13101,0
13102,0
13103,0
13104,1
13105,0
13106,0
13107,0
13108,0
13109,0
13110,1
13111,1
13112,1
13113,0
13114,1
13115,1
13116,1
13117,1
13118,0
13119,0
13120,0
13121,1
13122,1
13123,1
13124,1
13125,0
13126,0
13127,0
13128,1
13129,0
13130,0
13131,1
13132,0
13133,0
13134,1
13135,0
13136,1
13137,1
13138,1
13139,1
13140,0
13141,1
13142,1
13143,1
13144,1
13145,1
13146,0
13147,1
13148,1
13149,1
13150,0
13151,1
13152,1
13153,1
13154,1
13155,1
13156,0
13157,0
13158,0
13159,0
13160,0
13161,0
13162,1
13163,1
13164,0
13165,1
13166,0
13167,1
13168,0
13169,0
13170,1
13171,1
13172,1
13173,0
13174,0
13175,0
13176,1
13177,1
13178,1
13179,1
13180,0
13181,0
13182,1
13183,1
13184,0
13185,1
13186,1
13187,0
13188,1
13189,1
13190,1
13191,0
13192,1
13193,1
13194,1
13195,0
13196,0
13197,1
13198,1
13199,0
13200,1
13201,0
13202,1
13203,0
13204,1
13205,0
13206,0
13207,1
13208,0
13209,0
13210,0
13211,0
13212,1
13213,0
13214,1
13215,1
13216,0
13217,1
13218,1
13219,1
13220,0
13221,0
13222,0
13223,1
13224,0
13225,1
13226,0
13227,1
13228,1
13229,1
13230,0
13231,1
13232,0
13233,1
13234,0
13235,0
13236,0
13237,0
13238,0
13239,0
13240,0
13241,0
13242,0
13243,0
13244,0
13245,0
13246,1
13247,1
13248,0
13249,0
13250,0
13251,0
13252,0
13253,1
13254,1
13255,1
13256,1
13257,1
13258,1
13259,1
13260,0
13261,0
13262,1
13263,0
13264,1
13265,0
13266,1
13267,1
13268,0
13269,0
13270,0
13271,1
13272,0
13273,1
13274,0
13275,1
13276,1
13277,0
13278,0
13279,0
13280,1
13281,1
13282,0
13283,1
13284,0
13285,1
13286,0
13287,1
13288,0
13289,0
13290,1
13291,0
13292,0
13293,1
13294,0
13295,1
13296,0
13297,0
13298,0
13299,0
13300,0
13301,0
13302,1
13303,0
13304,0
13305,1
13306,1
13307,1
13308,1
13309,1
13310,0
13311,1
13312,1
13313,1
13314,0
13315,0
13316,1
13317,1
13318,1
13319,1
13320,1
13321,0
13322,0
13323,1
13324,0
13325,0
13326,1
13327,1
13328,1
13329,1
13330,1
13331,1
13332,1
13333,0
13334,1
13335,0
13336,0
13337,1
13338,1
13339,0
13340,0
13341,1
13342,1
13343,1
13344,1
13345,1
13346,0
13347,0
13348,1
13349,0
13350,0
13351,1
13352,0
13353,1
13354,0
13355,0
13356,0
13357,1
13358,0
13359,1
13360,0
13361,1
13362,1
13363,0
13364,0
13365,1
13366,0
13367,1
13368,1
13369,1
13370,1
13371,0
13372,1
13373,0
13374,1
13375,0
13376,1
13377,0
13378,0
13379,0
13380,1
13381,0
13382,1
13383,1
13384,1
13385,1
13386,0
13387,1
13388,0
13389,1
13390,1
13391,1
13392,0
13393,0
13394,1
13395,0
13396,0
13397,0
13398,0
13399,1
13400,0
13401,1
13402,0
13403,0
13404,0
13405,1
13406,1
13407,0
13408,1
13409,1
13410,0
13411,1
13412,1
13413,1
13414,1
13415,1
13416,0
13417,1
13418,0
13419,0
13420,0
13421,1
13422,0
13423,1
13424,0
13425,1
13426,0
13427,0
13428,1
13429,1
13430,1
13431,0
13432,1
13433,0
13434,0
13435,0
13436,0
13437,0
13438,0
13439,1
13440,0
13441,0
13442,1
13443,1
13444,0
13445,0
13446,1
13447,0
13448,0
13449,0
13450,1
13451,0
13452,1
13453,1
13454,0
13455,1
13456,1
13457,1
13458,1
13459,1
13460,1
13461,0
13462,1
13463,1
13464,1
13465,0
13466,0
13467,0
13468,0
13469,1
13470,0
13471,0
13472,0
13473,0
13474,0
13475,1
13476,0
13477,0
13478,1
13479,0
13480,0
13481,1
13482,1
13483,0
13484,1
13485,0
13486,0
13487,0
13488,0
13489,1
13490,0
13491,0
13492,1
13493,0
13494,1
13495,0
13496,1
13497,1
13498,1
13499,1
13500,0
13501,1
13502,0
13503,0
13504,1
13505,1
13506,0
13507,0
13508,1
13509,1
13510,1
13511,0
13512,0
13513,0
13514,0
13515,0
13516,1
13517,1
13518,1
13519,0
13520,1
13521,1
13522,1
13523,0
13524,0
13525,1
13526,0
13527,1
13528,1
13529,0
13530,1
13531,1
13532,1
13533,1
13534,1
13535,1
13536,0
13537,1
13538,0
13539,1
13540,0
13541,0
13542,0
13543,1
13544,0
13545,1
13546,1
13547,0
13548,0
13549,1
13550,0
13551,0
13552,1
13553,0
13554,1
13555,0
13556,1
13557,0
13558,0
13559,0
13560,1
13561,1
13562,0
13563,0
13564,0
13565,1
13566,0
13567,0
13568,1
13569,0
13570,0
13571,0
13572,1
13573,0
13574,1
13575,0
13576,0
13577,1
13578,0
13579,0
13580,1
13581,0
13582,1
13583,1
13584,0
13585,1
13586,1
13587,1
13588,1
13589,0
13590,1
13591,1
13592,1
13593,0
13594,0
13595,0
13596,1
13597,1
13598,0
13599,1
13600,0
13601,1
13602,1
13603,0
13604,0
13605,1
13606,0
13607,1
13608,0
13609,1
13610,0
13611,0
13612,0
13613,1
13614,1
13615,0
13616,1
13617,1
13618,1
13619,1
13620,1
13621,1
13622,1
13623,1
13624,1
13625,0
13626,0
13627,1
13628,0
13629,0
13630,1
13631,0
13632,1
13633,1
13634,1
13635,1
13636,1
13637,1
13638,1
13639,0
13640,0
13641,1
13642,0
13643,0
13644,1
13645,0
13646,0
13647,1
13648,0
13649,0
13650,0
13651,1
13652,1
13653,1
13654,0
13655,0
13656,1
13657,1
13658,0
13659,1
13660,1
13661,0
13662,1
13663,0
13664,0
13665,0
13666,0
13667,1
13668,1
13669,0
13670,0
13671,1
13672,1
13673,1
13674,1
13675,0
13676,0
13677,0
13678,1
13679,1
13680,0
13681,1
13682,1
13683,1
13684,1
13685,0
13686,1
13687,1
13688,0
13689,1
13690,1
13691,1
13692,1
13693,0
13694,1
13695,0
13696,1
13697,0
13698,0
13699,0
13700,0
13701,1
13702,0
13703,1
13704,0
13705,1
13706,0
13707,1
13708,0
13709,0
13710,1
13711,0
13712,1
13713,1
13714,0
13715,1
13716,1
13717,1
13718,1
13719,1
13720,0
13721,1
13722,1
13723,1
13724,0
13725,1
13726,0
13727,1
13728,1
13729,0
13730,1
13731,1
13732,0
13733,0
13734,1
13735,0
13736,1
13737,0
13738,1
13739,0
13740,0
13741,0
13742,1
13743,1
13744,0
13745,1
13746,0
13747,0
13748,1
13749,0
13750,1
13751,1
13752,0
13753,1
13754,1
13755,0
13756,0
13757,1
13758,1
13759,0
13760,1
13761,1
13762,0
13763,0
13764,0
13765,0
13766,0
13767,1
13768,0
13769,0
13770,0
13771,0
13772,0
13773,1
13774,0
13775,0
13776,0
13777,1
13778,1
13779,1
13780,0
13781,1
13782,0
13783,1
13784,0
13785,1
13786,0
13787,1
13788,1
13789,0
13790,1
13791,0
13792,1
13793,0
13794,1
13795,1
13796,1
13797,1
13798,0
13799,1
13800,0
13801,0
13802,1
13803,1
13804,1
13805,0
13806,0
13807,0
13808,0
13809,1
13810,0
13811,1
13812,0
13813,1
13814,1
13815,1
13816,1
13817,0
13818,1
13819,0
13820,1
13821,1
13822,1
13823,0
13824,0
13825,1
13826,0
13827,1
13828,0
13829,0
13830,1
13831,0
13832,1
13833,0
13834,0
13835,1
13836,0
13837,0
13838,1
13839,1
13840,1
13841,1
13842,0
13843,1
13844,1
13845,1
13846,0
13847,0
13848,1
13849,0
13850,1
13851,0
13852,0
13853,0
13854,1
13855,1
13856,0
13857,1
13858,1
13859,0
13860,0
13861,0
13862,0
13863,0
13864,0
13865,0
13866,0
13867,1
13868,1
13869,1
13870,1
13871,1
13872,1
13873,0
13874,1
13875,0
13876,1
13877,0
13878,0
13879,0
13880,0
13881,1
13882,0
13883,1
13884,1
13885,0
13886,1
13887,1
13888,0
13889,0
13890,1
13891,0
13892,1
13893,0
13894,1
13895,1
13896,1
13897,1
13898,1
13899,0
13900,1
13901,1
13902,0
13903,0
13904,1
13905,0
13906,1
13907,1
13908,1
13909,0
13910,0
13911,0
13912,0
13913,0
13914,1
13915,0
13916,0
13917,0
13918,0
13919,1
13920,1
13921,1
13922,0
13923,1
13924,0
13925,0
13926,0
13927,0
13928,0
13929,0
13930,0
13931,0
13932,1
13933,1
13934,1
13935,1
13936,1
13937,0
13938,1
13939,0
13940,0
13941,0
13942,0
13943,0
13944,1
13945,1
13946,1
13947,1
13948,0
13949,0
13950,0
13951,0
13952,1
13953,0
13954,0
13955,0
13956,0
13957,1
13958,0
13959,0
13960,1
13961,0
13962,0
13963,1
13964,1
13965,0
13966,0
13967,1
13968,0
13969,0
13970,0
13971,1
13972,0
13973,0
13974,1
13975,0
13976,1
13977,0
13978,1
13979,1
13980,1
13981,0
13982,0
13983,1
13984,0
13985,1
13986,1
13987,1
13988,1
13989,0
13990,0
13991,0
13992,0
13993,0
13994,0
13995,0
13996,0
13997,1
13998,1
13999,0
14000,1
14001,1
14002,1
14003,1
14004,0
14005,1
14006,1
14007,0
14008,0
14009,1
14010,1
14011,1
14012,0
14013,0
14014,0
14015,0
14016,1
14017,0
14018,0
14019,1
14020,1
14021,0
14022,1
14023,1
14024,1
14025,0
14026,0
14027,0
14028,1
14029,1
14030,0
14031,0
14032,0
14033,1
14034,0
14035,1
14036,1
14037,1
14038,1
14039,1
14040,1
14041,1
14042,1
14043,0
14044,1
14045,1
14046,1
14047,0
14048,1
14049,0
14050,0
14051,0
14052,0
14053,0
14054,0
14055,0
14056,1
14057,0
14058,1
14059,1
14060,1
14061,0
14062,1
14063,0
14064,1
14065,0
14066,0
14067,0
14068,1
14069,0
14070,1
14071,0
14072,0
14073,0
14074,0
14075,0
14076,0
14077,0
14078,1
14079,1
14080,1
14081,1
14082,1
14083,0
14084,1
14085,0
14086,0
14087,0
14088,0
14089,0
14090,1
14091,0
14092,1
14093,1
14094,1
14095,1
14096,1
14097,0
14098,0
14099,0
14100,1
14101,1
14102,1
14103,1
14104,1
14105,0
14106,1
14107,1
14108,0
14109,1
14110,1
14111,0
14112,1
14113,1
14114,0
14115,1
14116,1
14117,1
14118,0
14119,0
14120,1
14121,1
14122,0
14123,0
14124,1
14125,1
14126,1
14127,1
14128,1
14129,1
14130,0
14131,0
14132,0
14133,0
14134,1
14135,0
14136,1
14137,1
14138,0
14139,0
14140,0
14141,0
14142,0
14143,1
14144,1
14145,1
14146,1
14147,1
14148,1
14149,0
14150,1
14151,1
14152,1
14153,1
14154,0
14155,1
14156,0
14157,0
14158,1
14159,1
14160,1
14161,1
14162,0
14163,0
14164,0
14165,0
14166,0
14167,0
14168,0
14169,1
14170,0
14171,0
14172,0
14173,0
14174,1
14175,1
14176,0
14177,1
14178,0
14179,0
14180,0
14181,0
14182,0
14183,0
14184,0
14185,1
14186,0
14187,0
14188,1
14189,1
14190,1
14191,1
14192,1
14193,1
14194,1
14195,0
14196,1
14197,1
14198,0
14199,0
14200,0
14201,0
14202,1
14203,0
14204,0
14205,0
14206,1
14207,0
14208,1
14209,1
14210,0
14211,1
14212,0
14213,0
14214,1
14215,0
14216,1
14217,0
14218,0
14219,1
14220,1
14221,0
14222,1
14223,0
14224,0
14225,0
14226,0
14227,0
14228,0
14229,1
14230,1
14231,0
14232,1
14233,1
14234,1
14235,0
14236,0
14237,1
14238,0
14239,1
14240,1
14241,1
14242,0
14243,1
14244,0
14245,0
14246,0
14247,1
14248,1
14249,0
14250,1
14251,0
14252,1
14253,0
14254,1
14255,1
14256,1
14257,1
14258,1
14259,0
14260,0
14261,0
14262,1
14263,1
14264,1
14265,1
14266,1
14267,1
14268,1
14269,0
14270,0
14271,1
14272,0
14273,1
14274,0
14275,1
14276,0
14277,0
14278,0
14279,1
14280,1
14281,0
14282,1
14283,1
14284,0
14285,1
14286,1
14287,0
14288,0
14289,1
14290,0
14291,1
14292,0
14293,1
14294,0
14295,1
14296,1
14297,1
14298,1
14299,0
14300,0
14301,0
14302,0
14303,1
14304,0
14305,0
14306,0
14307,1
14308,1
14309,0
14310,0
14311,0
14312,0
14313,1
14314,1
14315,1
14316,1
14317,1
14318,1
14319,1
14320,1
14321,1
14322,1
14323,0
14324,1
14325,0
14326,0
14327,1
14328,0
14329,0
14330,1
14331,1
14332,0
14333,0
14334,0
14335,0
14336,1
14337,1
14338,1
14339,1
14340,1
14341,0
14342,0
14343,0
14344,0
14345,1
14346,0
14347,0
14348,0
14349,0
14350,0
14351,1
14352,1
14353,0
14354,0
14355,0
14356,1
14357,1
14358,1
14359,0
14360,1
14361,1
14362,1
14363,1
14364,1
14365,1
14366,1
14367,1
14368,1
14369,0
14370,0
14371,0
14372,1
14373,0
14374,0
14375,1
14376,0
14377,1
14378,1
14379,0
14380,1
14381,0
14382,1
14383,0
14384,1
14385,0
14386,1
14387,0
14388,0
14389,0
14390,0
14391,0
14392,0
14393,0
14394,0
14395,0
14396,1
14397,0
14398,0
14399,1
14400,0
14401,1
14402,1
14403,1
14404,1
14405,0
14406,1
14407,0
14408,1
14409,0
14410,0
14411,1
14412,1
14413,1
14414,1
14415,0
14416,1
14417,0
14418,1
14419,0
14420,0
14421,1
14422,0
14423,1
14424,0
14425,1
14426,0
14427,0
14428,0
14429,1
14430,1
14431,1
14432,1
14433,1
14434,0
14435,0
14436,0
14437,0
14438,0
14439,1
14440,0
14441,0
14442,0
14443,1
14444,1
14445,0
14446,1
14447,0
14448,0
14449,0
14450,0
14451,1
14452,1
14453,1
14454,1
14455,0
14456,0
14457,0
14458,0
14459,0
14460,1
14461,1
14462,1
14463,0
14464,0
14465,0
14466,1
14467,1
14468,1
14469,1
14470,0
14471,1
14472,1
14473,0
14474,1
14475,0
14476,0
14477,0
14478,0
14479,1
14480,0
14481,1
14482,0
14483,0
14484,0
14485,0
14486,1
14487,1
14488,0
14489,0
14490,1
14491,1
14492,0
14493,1
14494,0
14495,0
14496,0
14497,0
14498,0
14499,0
14500,1
14501,0
14502,1
14503,1
14504,1
14505,1
14506,0
14507,1
14508,0
14509,0
14510,1
14511,0
14512,1
14513,1
14514,1
14515,1
14516,1
14517,0
14518,1
14519,1
14520,1
14521,1
14522,0
14523,0
14524,0
14525,1
14526,1
14527,1
14528,0
14529,0
14530,1
14531,0
14532,0
14533,1
14534,0
14535,1
14536,1
14537,1
14538,0
14539,1
14540,1
14541,1
14542,1
14543,1
14544,1
14545,1
14546,0
14547,1
14548,0
14549,1
14550,0
14551,1
14552,0
14553,0
14554,1
14555,1
14556,0
14557,0
14558,0
14559,1
14560,1
14561,0
14562,1
14563,1
14564,1
14565,1
14566,1
14567,1
14568,1
14569,1
14570,1
14571,1
14572,0
14573,1
14574,1
14575,1
14576,1
14577,0
14578,1
14579,1
14580,1
14581,1
14582,1
14583,0
14584,0
14585,1
14586,1
14587,1
14588,1
14589,1
14590,0
14591,0
14592,1
14593,0
14594,1
14595,0
14596,0
14597,0
14598,0
14599,0
14600,0
14601,1
14602,1
14603,0
14604,1
14605,0
14606,1
14607,1
14608,1
14609,0
14610,0
14611,0
14612,0
14613,1
14614,0
14615,1
14616,1
14617,1
14618,1
14619,1
14620,0
14621,1
14622,0
14623,1
14624,1
14625,0
14626,0
14627,0
14628,0
14629,0
14630,0
14631,0
14632,0
14633,1
14634,1
14635,0
14636,1
14637,0
14638,0
14639,1
14640,1
14641,1
14642,1
14643,0
14644,0
14645,1
14646,1
14647,1
14648,0
14649,1
14650,0
14651,0
14652,0
14653,0
14654,0
14655,1
14656,1
14657,1
14658,1
14659,1
14660,1
14661,0
14662,1
14663,1
14664,1
14665,1
14666,0
14667,1
14668,1
14669,0
14670,0
14671,0
14672,0
14673,0
14674,1
14675,1
14676,1
14677,0
14678,0
14679,0
14680,0
14681,0
14682,1
14683,0
14684,1
14685,1
14686,1
14687,0
14688,0
14689,1
14690,0
14691,1
14692,1
14693,0
14694,1
14695,0
14696,1
14697,0
14698,1
14699,0
14700,0
14701,1
14702,1
14703,1
14704,0
14705,0
14706,1
14707,1
14708,0
14709,1
14710,0
14711,1
14712,1
14713,0
14714,1
14715,0
14716,0
14717,0
14718,0
14719,1
14720,1
14721,0
14722,0
14723,0
14724,1
14725,0
14726,1
14727,0
14728,1
14729,0
14730,1
14731,1
14732,1
14733,0
14734,0
14735,0
14736,0
14737,1
14738,1
14739,1
14740,1
14741,1
14742,1
14743,1
14744,0
14745,0
14746,0
14747,1
14748,1
14749,1
14750,0
14751,1
14752,1
14753,0
14754,1
14755,1
14756,1
14757,1
14758,1
14759,1
14760,1
14761,1
14762,0
14763,1
14764,0
14765,1
14766,1
14767,0
14768,1
14769,1
14770,0
14771,1
14772,0
14773,0
14774,0
14775,0
14776,1
14777,0
14778,1
14779,1
14780,1
14781,1
14782,1
14783,1
14784,0
14785,0
14786,0
14787,0
14788,0
14789,1
14790,0
14791,1
14792,0
14793,1
14794,1
14795,1
14796,0
14797,1
14798,0
14799,1
14800,0
14801,0
14802,1
14803,1
14804,0
14805,1
14806,0
14807,0
14808,1
14809,0
14810,0
14811,1
14812,0
14813,0
14814,0
14815,0
14816,0
14817,0
14818,1
14819,0
14820,0
14821,0
14822,0
14823,1
14824,0
14825,1
14826,1
14827,0
14828,1
14829,0
14830,0
14831,0
14832,0
14833,1
14834,0
14835,1
14836,0
14837,0
14838,1
14839,1
14840,0
14841,0
14842,0
14843,1
14844,0
14845,1
14846,1
14847,0
14848,0
14849,1
14850,1
14851,1
14852,1
14853,1
14854,1
14855,0
14856,0
14857,0
14858,1
14859,1
14860,1
14861,0
14862,0
14863,1
14864,0
14865,1
14866,1
14867,1
14868,1
14869,1
14870,1
14871,0
14872,1
14873,0
14874,1
14875,1
14876,1
14877,0
14878,0
14879,1
14880,1
14881,1
14882,0
14883,0
14884,1
14885,1
14886,1
14887,0
14888,0
14889,1
14890,1
14891,0
14892,1
14893,1
14894,0
14895,1
14896,1
14897,0
14898,0
14899,0
14900,1
14901,0
14902,1
14903,0
14904,1
14905,1
14906,0
14907,1
14908,1
14909,1
14910,1
14911,1
14912,0
14913,1
14914,1
14915,0
14916,0
14917,0
14918,1
14919,1
14920,0
14921,1
14922,0
14923,0
14924,1
14925,1
14926,1
14927,0
14928,1
14929,1
14930,1
14931,0
14932,1
14933,1
14934,1
14935,1
14936,1
14937,0
14938,1
14939,0
14940,1
14941,1
14942,0
14943,0
14944,0
14945,1
14946,1
14947,0
14948,1
14949,1
14950,1
14951,1
14952,1
14953,0
14954,0
14955,1
14956,0
14957,1
14958,0
14959,1
14960,1
14961,1
14962,1
14963,1
14964,1
14965,0
14966,0
14967,0
14968,1
14969,0
14970,0
14971,0
14972,0
14973,1
14974,0
14975,1
14976,0
14977,1
14978,0
14979,1
14980,0
14981,1
14982,1
14983,0
14984,0
14985,1
14986,1
14987,1
14988,1
14989,1
14990,1
14991,1
14992,1
14993,0
14994,0
14995,1
14996,1
14997,1
14998,0
14999,0
15000,0
15001,0
15002,1
15003,0
15004,0
15005,0
15006,1
15007,1
15008,0
15009,1
15010,0
15011,0
15012,0
15013,0
15014,0
15015,0
15016,0
15017,0
15018,0
15019,0
15020,1
15021,0
15022,1
15023,1
15024,0
15025,0
15026,1
15027,1
15028,1
15029,1
15030,0
15031,0
15032,1
15033,0
15034,1
15035,1
15036,1
15037,1
15038,0
15039,1
15040,0
15041,0
15042,0
15043,1
15044,1
15045,0
15046,0
15047,1
15048,1
15049,0
15050,1
15051,0
15052,0
15053,1
15054,0
15055,0
15056,1
15057,1
15058,1
15059,1
15060,1
15061,1
15062,0
15063,0
15064,1
15065,0
15066,1
15067,1
15068,0
15069,0
15070,1
15071,1
15072,1
15073,0
15074,0
15075,1
15076,1
15077,0
15078,0
15079,0
15080,1
15081,1
15082,0
15083,1
15084,1
15085,0
15086,1
15087,0
15088,0
15089,1
15090,1
15091,0
15092,0
15093,1
15094,1
15095,1
15096,1
15097,0
15098,0
15099,1
15100,0
15101,0
15102,0
15103,1
15104,1
15105,0
15106,0
15107,0
15108,1
15109,1
15110,0
15111,1
15112,0
15113,1
15114,0
15115,1
15116,1
15117,0
15118,1
15119,1
15120,0
15121,0
15122,1
15123,0
15124,1
15125,0
15126,1
15127,1
15128,1
15129,0
15130,1
15131,0
15132,0
15133,1
15134,0
15135,0
15136,1
15137,0
15138,1
15139,0
15140,0
15141,1
15142,1
15143,1
15144,0
15145,0
15146,0
15147,0
15148,1
15149,0
15150,1
15151,0
15152,0
15153,0
15154,0
15155,1
15156,1
15157,0
15158,0
15159,1
15160,0
15161,0
15162,1
15163,1
15164,0
15165,1
15166,1
15167,1
15168,1
15169,1
15170,1
15171,1
15172,1
15173,1
15174,0
15175,0
15176,1
15177,1
15178,1
15179,0
15180,1
15181,1
15182,0
15183,1
15184,1
15185,0
15186,1
15187,1
15188,1
15189,0
15190,0
15191,1
15192,1
15193,1
15194,1
15195,1
15196,0
15197,1
15198,0
15199,0
15200,0
15201,0
15202,0
15203,1
15204,0
15205,1
15206,0
15207,0
15208,0
15209,1
15210,0
15211,0
15212,0
15213,1
15214,0
15215,0
15216,0
15217,1
15218,1
15219,1
15220,0
15221,0
15222,1
15223,1
15224,0
15225,0
15226,0
15227,0
15228,0
15229,1
15230,1
15231,0
15232,0
15233,0
15234,0
15235,1
15236,1
15237,0
15238,1
15239,1
15240,0
15241,1
15242,0
15243,1
15244,1
15245,1
15246,0
15247,1
15248,1
15249,0
15250,0
15251,0
15252,1
15253,0
15254,1
15255,1
15256,0
15257,1
15258,1
15259,0
15260,1
15261,0
15262,0
15263,0
15264,0
15265,1
15266,1
15267,1
15268,0
15269,0
15270,1
15271,0
15272,0
15273,0
15274,0
15275,0
15276,1
15277,1
15278,1
15279,0
15280,1
15281,1
15282,0
15283,1
15284,1
15285,0
15286,1
15287,0
15288,1
15289,0
15290,1
15291,1
15292,0
15293,0
15294,1
15295,1
15296,0
15297,0
15298,0
15299,0
15300,1
15301,0
15302,0
15303,1
15304,1
15305,0
15306,0
15307,1
15308,1
15309,1
15310,1
15311,1
15312,0
15313,0
15314,1
15315,0
15316,0
15317,1
15318,1
15319,1
15320,1
15321,1
15322,1
15323,0
15324,0
15325,0
15326,0
15327,0
15328,0
15329,0
15330,1
15331,1
15332,0
15333,0
15334,0
15335,0
15336,0
15337,1
15338,0
15339,0
15340,0
15341,0
15342,1
15343,0
15344,0
15345,0
15346,0
15347,1
15348,1
15349,0
15350,0
15351,1
15352,0
15353,0
15354,0
15355,0
15356,1
15357,0
15358,0
15359,0
15360,1
15361,1
15362,1
15363,1
15364,1
15365,1
15366,0
15367,0
15368,0
15369,1
15370,1
15371,1
15372,0
15373,0
15374,0
15375,1
15376,1
15377,1
15378,1
15379,1
15380,1
15381,0
15382,1
15383,1
15384,0
15385,0
15386,1
15387,0
15388,0
15389,1
15390,0
15391,0
15392,1
15393,0
15394,0
15395,1
15396,0
15397,0
15398,0
15399,0
15400,0
15401,1
15402,0
15403,0
15404,0
15405,0
15406,1
15407,0
15408,1
15409,0
15410,0
15411,0
15412,0
15413,1
15414,0
15415,0
15416,1
15417,1
15418,0
15419,1
15420,0
15421,0
15422,1
15423,0
15424,0
15425,0
15426,0
15427,0
15428,1
15429,0
15430,0
15431,1
15432,1
15433,0
15434,1
15435,1
15436,1
15437,0
15438,1
15439,0
15440,0
15441,1
15442,1
15443,1
15444,1
15445,1
15446,0
15447,1
15448,0
15449,1
15450,0
15451,0
15452,0
15453,1
15454,0
15455,0
15456,0
15457,1
15458,1
15459,0
15460,1
15461,1
15462,0
15463,1
15464,0
15465,1
15466,0
15467,1
15468,1
15469,0
15470,0
15471,0
15472,1
15473,1
15474,0
15475,1
15476,0
15477,0
15478,1
15479,0
15480,1
15481,0
15482,1
15483,0
15484,1
15485,0
15486,0
15487,0
15488,0
15489,0
15490,1
15491,1
15492,0
15493,1
15494,1
15495,1
15496,1
15497,0
15498,0
15499,1
15500,0
15501,1
15502,1
15503,0
15504,1
15505,1
15506,1
15507,1
15508,1
15509,1
15510,0
15511,1
15512,1
15513,0
15514,0
15515,1
15516,1
15517,0
15518,0
15519,1
15520,0
15521,0
15522,0
15523,1
15524,1
15525,1
15526,0
15527,1
15528,1
15529,0
15530,1
15531,1
15532,1
15533,1
15534,0
15535,1
15536,1
15537,0
15538,0
15539,1
15540,1
15541,0
15542,0
15543,1
15544,1
15545,0
15546,1
15547,1
15548,1
15549,1
15550,1
15551,1
15552,0
15553,0
15554,1
15555,0
15556,0
15557,0
15558,0
15559,0
15560,0
15561,1
15562,1
15563,0
15564,0
15565,1
15566,0
15567,0
15568,0
15569,1
15570,1
15571,0
15572,0
15573,0
15574,1
15575,1
15576,0
15577,1
15578,1
15579,1
15580,0
15581,1
15582,1
15583,0
15584,0
15585,1
15586,1
15587,1
15588,0
15589,1
15590,0
15591,0
15592,0
15593,0
15594,0
15595,0
15596,1
15597,0
15598,1
15599,1
15600,0
15601,1
15602,0
15603,1
15604,0
15605,0
15606,1
15607,0
15608,1
15609,0
15610,1
15611,0
15612,1
15613,0
15614,1
15615,1
15616,0
15617,0
15618,0
15619,0
15620,1
15621,1
15622,1
15623,1
15624,0
15625,1
15626,0
15627,0
15628,1
15629,0
15630,0
15631,0
15632,1
15633,0
15634,1
15635,1
15636,0
15637,1
15638,0
15639,0
15640,1
15641,0
15642,0
15643,0
15644,0
15645,0
15646,0
15647,1
15648,0
15649,0
15650,1
15651,0
15652,0
15653,0
15654,1
15655,1
15656,1
15657,0
15658,1
15659,0
15660,1
15661,0
15662,0
15663,1
15664,1
15665,1
15666,0
15667,1
15668,1
15669,1
15670,0
15671,0
15672,0
15673,0
15674,0
15675,0
15676,0
15677,0
15678,0
15679,1
15680,1
15681,1
15682,1
15683,1
15684,1
15685,0
15686,0
15687,1
15688,1
15689,1
15690,1
15691,1
15692,0
15693,0
15694,1
15695,0
15696,1
15697,1
15698,0
15699,1
15700,0
15701,1
15702,0
15703,1
15704,0
15705,0
15706,0
15707,0
15708,1
15709,0
15710,0
15711,1
15712,0
15713,1
15714,0
15715,0
15716,1
15717,1
15718,0
15719,1
15720,1
15721,1
15722,0
15723,0
15724,0
15725,0
15726,1
15727,0
15728,0
15729,0
15730,0
15731,0
15732,1
15733,0
15734,0
15735,1
15736,0
15737,0
15738,1
15739,1
15740,1
15741,1
15742,0
15743,0
15744,1
15745,1
15746,0
15747,0
15748,1
15749,0
15750,1
15751,1
15752,0
15753,1
15754,0
15755,0
15756,1
15757,0
15758,1
15759,0
15760,1
15761,1
15762,1
15763,0
15764,1
15765,1
15766,1
15767,0
15768,1
15769,0
15770,1
15771,0
15772,1
15773,1
15774,1
15775,1
15776,1
15777,0
15778,1
15779,1
15780,1
15781,0
15782,0
15783,1
15784,1
15785,0
15786,1
15787,0
15788,0
15789,0
15790,0
15791,1
15792,1
15793,1
15794,1
15795,1
15796,0
15797,0
15798,0
15799,1
15800,1
15801,1
15802,1
15803,0
15804,1
15805,0
15806,0
15807,0
15808,1
15809,1
15810,0
15811,0
15812,1
15813,0
15814,0
15815,0
15816,0
15817,0
15818,1
15819,0
15820,0
15821,1
15822,0
15823,1
15824,0
15825,1
15826,1
15827,1
15828,1
15829,1
15830,0
15831,0
15832,0
15833,1
15834,0
15835,1
15836,0
15837,1
15838,1
15839,1
15840,1
15841,1
15842,0
15843,1
15844,0
15845,0
15846,0
15847,0
15848,0
15849,0
15850,0
15851,1
15852,0
15853,0
15854,0
15855,1
15856,1
15857,1
15858,0
15859,0
15860,0
15861,0
15862,0
15863,1
15864,1
15865,1
15866,1
15867,0
15868,0
15869,0
15870,1
15871,0
15872,1
15873,1
15874,0
15875,1
15876,1
15877,1
15878,1
15879,1
15880,0
15881,0
15882,1
15883,1
15884,0
15885,1
15886,1
15887,1
15888,1
15889,1
15890,0
15891,0
15892,1
15893,1
15894,1
15895,0
15896,0
15897,1
15898,0
15899,1
15900,0
15901,0
15902,0
15903,0
15904,1
15905,1
15906,1
15907,1
15908,0
15909,1
15910,0
15911,0
15912,1
15913,1
15914,0
15915,0
15916,0
15917,0
15918,0
15919,0
15920,0
15921,1
15922,0
15923,0
15924,0
15925,0
15926,0
15927,1
15928,1
15929,1
15930,1
15931,0
15932,1
15933,1
15934,0
15935,0
15936,1
15937,1
15938,0
15939,0
15940,0
15941,1
15942,0
15943,1
15944,1
15945,1
15946,1
15947,1
15948,1
15949,1
15950,1
15951,1
15952,1
15953,0
15954,1
15955,0
15956,1
15957,0
15958,1
15959,0
15960,0
15961,1
15962,1
15963,1
15964,1
15965,1
15966,1
15967,1
15968,0
15969,1
15970,0
15971,1
15972,1
15973,1
15974,1
15975,0
15976,1
15977,0
15978,1
15979,0
15980,0
15981,1
15982,1
15983,1
15984,0
15985,1
15986,0
15987,0
15988,1
15989,0
15990,0
15991,1
15992,0
15993,0
15994,1
15995,0
15996,1
15997,1
15998,1
15999,1
16000,0
16001,1
16002,1
16003,1
16004,1
16005,1
16006,1
16007,1
16008,0
16009,0
16010,0
16011,0
16012,1
16013,0
16014,0
16015,1
16016,1
16017,1
16018,0
16019,0
16020,1
16021,1
16022,0
16023,0
16024,0
16025,1
16026,1
16027,1
16028,0
16029,0
16030,0
16031,1
16032,1
16033,0
16034,0
16035,0
16036,1
16037,1
16038,1
16039,0
16040,1
16041,0
16042,0
16043,0
16044,1
16045,0
16046,1
16047,0
16048,0
16049,1
16050,0
16051,0
16052,1
16053,1
16054,1
16055,0
16056,0
16057,1
16058,1
16059,0
16060,0
16061,1
16062,0
16063,1
16064,0
16065,0
16066,0
16067,1
16068,0
16069,1
16070,1
16071,1
16072,0
16073,1
16074,0
16075,0
16076,0
16077,1
16078,1
16079,0
16080,1
16081,0
16082,0
16083,0
16084,1
16085,0
16086,1
16087,1
16088,0
16089,0
16090,1
16091,1
16092,1
16093,0
16094,1
16095,1
16096,0
16097,1
16098,0
16099,0
16100,0
16101,0
16102,0
16103,0
16104,0
16105,0
16106,0
16107,1
16108,0
16109,1
16110,0
16111,0
16112,1
16113,0
16114,0
16115,0
16116,0
16117,0
16118,0
16119,1
16120,0
16121,1
16122,1
16123,1
16124,0
16125,1
16126,0
16127,0
16128,1
16129,1
16130,0
16131,1
16132,0
16133,1
16134,1
16135,0
16136,1
16137,1
16138,1
16139,1
16140,0
16141,1
16142,1
16143,1
16144,0
16145,1
16146,0
16147,1
16148,1
16149,0
16150,0
16151,1
16152,1
16153,1
16154,1
16155,1
16156,0
16157,1
16158,1
16159,1
16160,1
16161,1
16162,0
16163,1
16164,0
16165,0
16166,1
16167,1
16168,1
16169,0
16170,0
16171,0
16172,1
16173,0
16174,0
16175,1
16176,0
16177,0
16178,1
16179,1
16180,0
16181,0
16182,0
16183,0
16184,0
16185,1
16186,0
16187,0
16188,1
16189,1
16190,0
16191,1
16192,0
16193,1
16194,1
16195,0
16196,0
16197,0
16198,0
16199,0
16200,0
16201,0
16202,1
16203,1
16204,1
16205,0
16206,0
16207,1
16208,0
16209,0
16210,1
16211,0
16212,1
16213,0
16214,1
16215,1
16216,0
16217,0
16218,1
16219,0
16220,0
16221,1
16222,0
16223,1
16224,0
16225,0
16226,0
16227,1
16228,0
16229,0
16230,0
16231,0
16232,0
16233,0
16234,1
16235,1
16236,0
16237,1
16238,0
16239,0
16240,0
16241,1
16242,0
16243,1
16244,1
16245,0
16246,0
16247,0
16248,1
16249,1
16250,0
16251,0
16252,1
16253,0
16254,1
16255,1
16256,0
16257,0
16258,0
16259,0
16260,0
16261,0
16262,0
16263,1
16264,1
16265,1
16266,0
16267,1
16268,0
16269,1
16270,1
16271,0
16272,1
16273,1
16274,0
16275,1
16276,0
16277,0
16278,0
16279,0
16280,0
16281,0
16282,1
16283,0
16284,1
16285,0
16286,1
16287,1
16288,0
16289,0
16290,1
16291,1
16292,1
16293,1
16294,0
16295,0
16296,0
16297,1
16298,0
16299,0
16300,1
16301,1
16302,1
16303,1
16304,0
16305,1
16306,0
16307,1
16308,0
16309,0
16310,0
16311,0
16312,1
16313,1
16314,0
16315,0
16316,0
16317,1
16318,1
16319,1
16320,1
16321,0
16322,0
16323,0
16324,1
16325,0
16326,0
16327,0
16328,1
16329,1
16330,1
16331,0
16332,0
16333,1
16334,0
16335,0
16336,1
16337,0
16338,0
16339,0
16340,1
16341,0
16342,0
16343,0
16344,1
16345,1
16346,0
16347,1
16348,1
16349,0
16350,0
16351,1
16352,0
16353,0
16354,1
16355,0
16356,0
16357,1
16358,0
16359,1
16360,0
16361,1
16362,1
16363,1
16364,0
16365,1
16366,1
16367,1
16368,0
16369,1
16370,1
16371,1
16372,1
16373,0
16374,0
16375,0
16376,0
16377,0
16378,0
16379,0
16380,0
16381,1
16382,1
16383,0
16384,0
16385,1
16386,0
16387,0
16388,1
16389,0
16390,1
16391,1
16392,0
16393,0
16394,0
16395,0
16396,1
16397,0
16398,1
16399,1
16400,0
16401,1
16402,0
16403,1
16404,1
16405,1
16406,0
16407,1
16408,1
16409,1
16410,0
16411,0
16412,0
16413,0
16414,1
16415,1
16416,1
16417,1
16418,0
16419,0
16420,1
16421,1
16422,1
16423,0
16424,1
16425,1
16426,1
16427,0
16428,0
16429,0
16430,1
16431,0
16432,0
16433,0
16434,0
16435,1
16436,0
16437,0
16438,0
16439,0
16440,0
16441,0
16442,1
16443,1
16444,0
16445,0
16446,1
16447,1
16448,0
16449,0
16450,1
16451,1
16452,1
16453,0
16454,0
16455,0
16456,1
16457,1
16458,1
16459,1
16460,1
16461,1
16462,0
16463,1
16464,1
16465,0
16466,0
16467,0
16468,1
16469,1
16470,0
16471,0
16472,1
16473,0
16474,1
16475,0
16476,1
16477,1
16478,0
16479,0
16480,1
16481,0
16482,1
16483,0
16484,1
16485,0
16486,1
16487,1
16488,0
16489,0
16490,1
16491,1
16492,0
16493,0
16494,1
16495,1
16496,1
16497,1
16498,1
16499,0
16500,0
16501,1
16502,1
16503,0
16504,1
16505,1
16506,1
16507,0
16508,1
16509,1
16510,0
16511,1
16512,0
16513,0
16514,1
16515,0
16516,1
16517,1
16518,0
16519,1
16520,1
16521,1
16522,0
16523,1
16524,0
16525,1
16526,0
16527,1
16528,0
16529,0
16530,1
16531,0
16532,0
16533,0
16534,1
16535,1
16536,0
16537,1
16538,1
16539,0
16540,1
16541,0
16542,1
16543,0
16544,0
16545,0
16546,0
16547,0
16548,0
16549,0
16550,0
16551,1
16552,1
16553,1
16554,0
16555,1
16556,1
16557,0
16558,1
16559,0
16560,0
16561,0
16562,1
16563,1
16564,0
16565,0
16566,1
16567,0
16568,0
16569,0
16570,0
16571,0
16572,0
16573,1
16574,1
16575,1
16576,0
16577,0
16578,1
16579,1
16580,0
16581,1
16582,1
16583,0
16584,0
16585,0
16586,0
16587,0
16588,1
16589,0
16590,0
16591,1
16592,1
16593,1
16594,0
16595,0
16596,0
16597,0
16598,0
16599,0
16600,0
16601,0
16602,1
16603,1
16604,0
16605,0
16606,0
16607,0
16608,0
16609,0
16610,1
16611,1
16612,0
16613,0
16614,1
16615,1
16616,0
16617,0
16618,1
16619,1
16620,0
16621,0
16622,1
16623,1
16624,1
16625,1
16626,1
16627,1
16628,0
16629,0
16630,0
16631,0
16632,0
16633,0
16634,1
16635,1
16636,1
16637,0
16638,0
16639,0
16640,0
16641,0
16642,1
16643,1
16644,1
16645,1
16646,1
16647,0
16648,0
16649,1
16650,1
16651,0
16652,0
16653,1
16654,0
16655,1
16656,1
16657,1
16658,0
16659,1
16660,0
16661,1
16662,0
16663,1
16664,1
16665,1
16666,1
16667,0
16668,1
16669,0
16670,0
16671,0
16672,1
16673,1
16674,1
16675,1
16676,0
16677,0
16678,1
16679,0
16680,0
16681,0
16682,1
16683,1
16684,1
16685,0
16686,0
16687,0
16688,1
16689,1
16690,1
16691,1
16692,1
16693,1
16694,1
16695,0
16696,0
16697,1
16698,1
16699,1
16700,1
16701,0
16702,1
16703,1
16704,1
16705,1
16706,0
16707,1
16708,0
16709,1
16710,0
16711,1
16712,1
16713,1
16714,0
16715,1
16716,0
16717,1
16718,1
16719,0
16720,1
16721,0
16722,0
16723,0
16724,0
16725,0
16726,1
16727,1
16728,1
16729,1
16730,0
16731,0
16732,0
16733,1
16734,1
16735,0
16736,1
16737,1
16738,0
16739,0
16740,1
16741,0
16742,1
16743,1
16744,1
16745,1
16746,1
16747,0
16748,1
16749,1
16750,1
16751,0
16752,1
16753,1
16754,0
16755,1
16756,0
16757,0
16758,0
16759,1
16760,0
16761,1
16762,1
16763,1
16764,0
16765,1
16766,1
16767,1
16768,1
16769,1
16770,1
16771,0
16772,1
16773,1
16774,1
16775,1
16776,0
16777,1
16778,0
16779,0
16780,1
16781,1
16782,0
16783,0
16784,1
16785,0
16786,0
16787,1
16788,0
16789,0
16790,1
16791,0
16792,1
16793,0
16794,0
16795,1
16796,0
16797,0
16798,1
16799,1
16800,0
16801,0
16802,0
16803,1
16804,0
16805,0
16806,1
16807,1
16808,0
16809,0
16810,1
16811,1
16812,0
16813,1
16814,0
16815,0
16816,1
16817,1
16818,1
16819,0
16820,1
16821,1
16822,1
16823,1
16824,1
16825,0
16826,0
16827,1
16828,1
16829,0
16830,0
16831,0
16832,1
16833,1
16834,1
16835,1
16836,1
16837,1
16838,0
16839,1
16840,1
16841,1
16842,0
16843,0
16844,0
16845,1
16846,1
16847,1
16848,1
16849,0
16850,1
16851,0
16852,1
16853,1
16854,1
16855,0
16856,1
16857,1
16858,0
16859,1
16860,1
16861,0
16862,1
16863,1
16864,0
16865,1
16866,0
16867,0
16868,0
16869,1
16870,0
16871,1
16872,0
16873,1
16874,1
16875,0
16876,1
16877,0
16878,0
16879,1
16880,0
16881,1
16882,0
16883,1
16884,1
16885,1
16886,1
16887,1
16888,0
16889,1
16890,1
16891,1
16892,0
16893,0
16894,1
16895,1
16896,1
16897,0
16898,0
16899,1
16900,0
16901,0
16902,1
16903,0
16904,1
16905,1
16906,0
16907,0
16908,0
16909,0
16910,0
16911,1
16912,1
16913,0
16914,1
16915,0
16916,1
16917,0
16918,0
16919,1
16920,0
16921,1
16922,1
16923,0
16924,1
16925,0
16926,1
16927,0
16928,1
16929,1
16930,0
16931,0
16932,1
16933,0
16934,0
16935,1
16936,0
16937,0
16938,1
16939,1
16940,0
16941,0
16942,0
16943,1
16944,0
16945,1
16946,1
16947,0
16948,0
16949,0
16950,0
16951,0
16952,1
16953,1
16954,0
16955,0
16956,1
16957,1
16958,0
16959,0
16960,0
16961,1
16962,1
16963,0
16964,0
16965,0
16966,1
16967,1
16968,0
16969,0
16970,1
16971,1
16972,1
16973,0
16974,0
16975,1
16976,0
16977,1
16978,0
16979,1
16980,0
16981,0
16982,1
16983,1
16984,0
16985,0
16986,1
16987,1
16988,1
16989,1
16990,0
16991,0
16992,0
16993,1
16994,1
16995,0
16996,1
16997,1
16998,0
16999,1
17000,0
17001,1
17002,0
17003,0
17004,1
17005,1
17006,1
17007,0
17008,0
17009,1
17010,0
17011,1
17012,1
17013,1
17014,1
17015,0
17016,1
17017,1
17018,0
17019,1
17020,0
17021,0
17022,1
17023,0
17024,1
17025,0
17026,1
17027,1
17028,0
17029,0
17030,0
17031,1
17032,0
17033,0
17034,1
17035,1
17036,1
17037,0
17038,1
17039,1
17040,0
17041,0
17042,1
17043,0
17044,0
17045,1
17046,1
17047,0
17048,1
17049,0
17050,0
17051,1
17052,1
17053,0
17054,1
17055,1
17056,1
17057,1
17058,0
17059,0
17060,1
17061,0
17062,0
17063,0
17064,1
17065,1
17066,0
17067,0
17068,1
17069,1
17070,1
17071,1
17072,1
17073,0
17074,1
17075,1
17076,0
17077,0
17078,0
17079,1
17080,1
17081,1
17082,1
17083,1
17084,1
17085,0
17086,0
17087,1
17088,0
17089,0
17090,1
17091,0
17092,1
17093,1
17094,1
17095,0
17096,1
17097,1
17098,1
17099,1
17100,0
17101,1
17102,1
17103,0
17104,0
17105,1
17106,0
17107,0
17108,0
17109,1
17110,0
17111,1
17112,0
17113,0
17114,0
17115,1
17116,1
17117,1
17118,1
17119,1
17120,1
17121,1
17122,0
17123,0
17124,0
17125,1
17126,1
17127,1
17128,1
17129,0
17130,1
17131,0
17132,0
17133,0
17134,1
17135,0
17136,1
17137,1
17138,1
17139,0
17140,1
17141,1
17142,0
17143,0
17144,1
17145,0
17146,0
17147,0
17148,0
17149,1
17150,0
17151,1
17152,0
17153,0
17154,1
17155,1
17156,1
17157,0
17158,1
17159,1
17160,1
17161,0
17162,0
17163,1
17164,0
17165,1
17166,1
17167,1
17168,0
17169,0
17170,1
17171,1
17172,0
17173,1
17174,1
17175,0
17176,1
17177,1
17178,1
17179,1
17180,0
17181,0
17182,0
17183,0
17184,0
17185,1
17186,1
17187,0
17188,0
17189,1
17190,1
17191,1
17192,0
17193,0
17194,0
17195,1
17196,1
17197,0
17198,1
17199,0
17200,0
17201,1
17202,0
17203,0
17204,0
17205,0
17206,0
17207,1
17208,0
17209,1
17210,0
17211,0
17212,1
17213,1
17214,1
17215,1
17216,0
17217,0
17218,0
17219,1
17220,0
17221,0
17222,1
17223,0
17224,0
17225,0
17226,1
17227,0
17228,0
17229,1
17230,1
17231,0
17232,0
17233,0
17234,1
17235,0
17236,0
17237,1
17238,0
17239,1
17240,1
17241,1
17242,1
17243,0
17244,1
17245,1
17246,1
17247,1
17248,1
17249,1
17250,1
17251,0
17252,1
17253,0
17254,0
17255,0
17256,0
17257,1
17258,0
17259,1
17260,0
17261,1
17262,0
17263,0
17264,0
17265,1
17266,1
17267,1
17268,0
17269,0
17270,0
17271,0
17272,1
17273,1
17274,1
17275,1
17276,0
17277,0
17278,0
17279,1
17280,1
17281,0
17282,1
17283,1
17284,1
17285,0
17286,1
17287,0
17288,1
17289,0
17290,1
17291,0
17292,0
17293,0
17294,0
17295,1
17296,0
17297,0
17298,0
17299,0
17300,0
17301,0
17302,0
17303,1
17304,0
17305,1
17306,1
17307,0
17308,0
17309,1
17310,0
17311,1
17312,1
17313,0
17314,0
17315,1
17316,0
17317,0
17318,1
17319,1
17320,0
17321,1
17322,1
17323,1
17324,0
17325,0
17326,0
17327,0
17328,0
17329,1
17330,1
17331,1
17332,0
17333,0
17334,1
17335,0
17336,0
17337,1
17338,1
17339,0
17340,1
17341,0
17342,1
17343,0
17344,1
17345,0
17346,0
17347,1
17348,0
17349,0
17350,1
17351,1
17352,0
17353,0
17354,0
17355,0
17356,1
17357,0
17358,1
17359,0
17360,1
17361,0
17362,1
17363,1
17364,1
17365,1
17366,0
17367,1
17368,1
17369,0
17370,1
17371,1
17372,1
17373,1
17374,1
17375,0
17376,1
17377,0
17378,1
17379,1
17380,0
17381,0
17382,0
17383,0
17384,1
17385,0
17386,0
17387,0
17388,0
17389,0
17390,1
17391,0
17392,1
17393,1
17394,1
17395,0
17396,1
17397,0
17398,0
17399,0
17400,0
17401,1
17402,0
17403,0
17404,0
17405,1
17406,1
17407,1
17408,1
17409,1
17410,1
17411,1
17412,0
17413,1
17414,1
17415,1
17416,1
17417,1
17418,1
17419,1
17420,1
17421,1
17422,0
17423,0
17424,0
17425,1
17426,0
17427,0
17428,0
17429,0
17430,0
17431,0
17432,1
17433,0
17434,1
17435,1
17436,1
17437,0
17438,0
17439,0
17440,1
17441,0
17442,0
17443,0
17444,0
17445,0
17446,1
17447,1
17448,1
17449,0
17450,0
17451,0
17452,0
17453,1
17454,1
17455,1
17456,0
17457,1
17458,1
17459,0
17460,1
17461,0
17462,0
17463,0
17464,0
17465,1
17466,1
17467,1
17468,0
17469,1
17470,0
17471,1
17472,0
17473,1
17474,0
17475,1
17476,1
17477,1
17478,0
17479,0
17480,0
17481,1
17482,0
17483,1
17484,1
17485,1
17486,0
17487,0
17488,1
17489,1
17490,1
17491,0
17492,0
17493,0
17494,1
17495,0
17496,1
17497,0
17498,1
17499,0
17500,0
17501,0
17502,1
17503,1
17504,0
17505,0
17506,1
17507,0
17508,1
17509,1
17510,1
17511,0
17512,0
17513,1
17514,0
17515,0
17516,0
17517,1
17518,0
17519,0
17520,0
17521,1
17522,1
17523,1
17524,1
17525,1
17526,0
17527,1
17528,1
17529,0
17530,1
17531,1
17532,0
17533,0
17534,1
17535,0
17536,1
17537,0
17538,0
17539,0
17540,1
17541,1
17542,1
17543,0
17544,0
17545,0
17546,1
17547,0
17548,1
17549,1
17550,0
17551,0
17552,0
17553,1
17554,1
17555,1
17556,0
17557,1
17558,0
17559,1
17560,0
17561,1
17562,0
17563,1
17564,0
17565,1
17566,0
17567,0
17568,1
17569,1
17570,1
17571,1
17572,1
17573,0
17574,0
17575,1
17576,0
17577,0
17578,0
17579,1
17580,1
17581,1
17582,0
17583,0
17584,1
17585,1
17586,0
17587,0
17588,1
17589,0
17590,1
17591,0
17592,0
17593,0
17594,0
17595,1
17596,1
17597,1
17598,1
17599,1
17600,0
17601,0
17602,1
17603,0
17604,0
17605,1
17606,1
17607,0
17608,1
17609,1
17610,0
17611,0
17612,0
17613,1
17614,1
17615,1
17616,0
17617,1
17618,0
17619,0
17620,1
17621,1
17622,1
17623,1
17624,1
17625,1
17626,0
17627,1
17628,1
17629,1
17630,1
17631,1
17632,1
17633,0
17634,1
17635,0
17636,1
17637,0
17638,1
17639,0
17640,0
17641,0
17642,1
17643,1
17644,1
17645,1
17646,1
17647,0
17648,1
17649,0
17650,1
17651,0
17652,1
17653,0
17654,1
17655,1
17656,0
17657,0
17658,1
17659,1
17660,0
17661,1
17662,0
17663,1
17664,1
17665,1
17666,0
17667,1
17668,0
17669,0
17670,1
17671,0
17672,1
17673,0
17674,1
17675,0
17676,0
17677,0
17678,1
17679,0
17680,0
17681,0
17682,1
17683,1
17684,1
17685,1
17686,1
17687,0
17688,0
17689,0
17690,0
17691,0
17692,0
17693,0
17694,0
17695,1
17696,1
17697,0
17698,0
17699,1
17700,0
17701,1
17702,1
17703,1
17704,1
17705,0
17706,1
17707,0
17708,1
17709,0
17710,1
17711,1
17712,1
17713,0
17714,0
17715,0
17716,1
17717,0
17718,1
17719,1
17720,1
17721,1
17722,0
17723,1
17724,0
17725,1
17726,1
17727,0
17728,0
17729,0
17730,1
17731,1
17732,0
17733,0
17734,1
17735,0
17736,1
17737,0
17738,1
17739,0
17740,0
17741,0
17742,1
17743,1
17744,0
17745,1
17746,0
17747,0
17748,0
17749,1
17750,1
17751,0
17752,0
17753,0
17754,0
17755,1
17756,0
17757,0
17758,0
17759,0
17760,1
17761,0
17762,0
17763,1
17764,1
17765,0
17766,1
17767,1
17768,0
17769,1
17770,1
17771,1
17772,1
17773,0
17774,0
17775,0
17776,0
17777,1
17778,0
17779,0
17780,0
17781,1
17782,0
17783,0
17784,0
17785,0
17786,0
17787,1
17788,0
17789,1
17790,1
17791,0
17792,0
17793,0
17794,1
17795,1
17796,1
17797,1
17798,0
17799,0
17800,1
17801,1
17802,0
17803,1
17804,0
17805,1
17806,0
17807,0
17808,1
17809,1
17810,0
17811,1
17812,0
17813,1
17814,0
17815,1
17816,1
17817,0
17818,1
17819,0
17820,1
17821,1
17822,1
17823,0
17824,0
17825,1
17826,0
17827,1
17828,1
17829,0
17830,1
17831,0
17832,1
17833,1
17834,0
17835,1
17836,1
17837,0
17838,0
17839,0
17840,0
17841,0
17842,1
17843,1
17844,0
17845,0
17846,1
17847,0
17848,1
17849,0
17850,1
17851,0
17852,1
17853,1
17854,1
17855,0
17856,0
17857,0
17858,1
17859,0
17860,0
17861,1
17862,1
17863,0
17864,0
17865,0
17866,0
17867,1
17868,0
17869,0
17870,1
17871,0
17872,1
17873,1
17874,0
17875,0
17876,0
17877,0
17878,1
17879,0
17880,0
17881,0
17882,1
17883,1
17884,0
17885,1
17886,1
17887,1
17888,1
17889,0
17890,0
17891,0
17892,0
17893,0
17894,0
17895,1
17896,0
17897,1
17898,1
17899,0
17900,1
17901,0
17902,1
17903,0
17904,1
17905,1
17906,0
17907,1
17908,1
17909,0
17910,0
17911,0
17912,0
17913,1
17914,0
17915,0
17916,1
17917,0
17918,1
17919,1
17920,0
17921,1
17922,1
17923,0
17924,0
17925,1
17926,0
17927,1
17928,1
17929,0
17930,1
17931,0
17932,1
17933,0
17934,0
17935,0
17936,0
17937,0
17938,0
17939,0
17940,0
17941,0
17942,0
17943,1
17944,1
17945,1
17946,1
17947,1
17948,1
17949,1
17950,1
17951,0
17952,1
17953,1
17954,0
17955,1
17956,0
17957,0
17958,0
17959,0
17960,0
17961,0
17962,1
17963,1
17964,0
17965,0
17966,1
17967,0
17968,1
17969,1
17970,1
17971,1
17972,0
17973,0
17974,1
17975,0
17976,1
17977,1
17978,1
17979,1
17980,1
17981,1
17982,0
17983,1
17984,1
17985,1
17986,0
17987,0
17988,1
17989,1
17990,0
17991,1
17992,0
17993,0
17994,1
17995,1
17996,0
17997,0
17998,0
17999,0
18000,0
18001,1
18002,1
18003,1
18004,1
18005,0
18006,0
18007,1
18008,1
18009,0
18010,1
18011,1
18012,0
18013,1
18014,1
18015,0
18016,1
18017,0
18018,0
18019,0
18020,1
18021,1
18022,1
18023,0
18024,0
18025,1
18026,1
18027,0
18028,0
18029,1
18030,0
18031,0
18032,0
18033,0
18034,1
18035,1
18036,0
18037,1
18038,0
18039,0
18040,1
18041,0
18042,0
18043,0
18044,0
18045,0
18046,1
18047,0
18048,0
18049,0
18050,1
18051,0
18052,0
18053,0
18054,0
18055,0
18056,0
18057,1
18058,1
18059,0
18060,0
18061,0
18062,1
18063,1
18064,1
18065,1
18066,1
18067,0
18068,1
18069,1
18070,0
18071,1
18072,0
18073,1
18074,0
18075,1
18076,0
18077,0
18078,1
18079,0
18080,0
18081,1
18082,1
18083,0
18084,0
18085,0
18086,1
18087,1
18088,1
18089,0
18090,1
18091,1
18092,0
18093,0
18094,0
18095,1
18096,0
18097,1
18098,0
18099,1
18100,0
18101,0
18102,1
18103,0
18104,1
18105,0
18106,0
18107,0
18108,0
18109,0
18110,0
18111,0
18112,0
18113,0
18114,0
18115,1
18116,1
18117,0
18118,1
18119,1
18120,0
18121,1
18122,0
18123,1
18124,1
18125,0
18126,0
18127,0
18128,0
18129,1
18130,1
18131,1
18132,0
18133,0
18134,0
18135,0
18136,1
18137,1
18138,0
18139,1
18140,0
18141,0
18142,0
18143,0
18144,1
18145,0
18146,1
18147,0
18148,1
18149,1
18150,1
18151,1
18152,0
18153,0
18154,1
18155,1
18156,0
18157,1
18158,1
18159,0
18160,1
18161,0
18162,0
18163,1
18164,1
18165,1
18166,1
18167,0
18168,0
18169,0
18170,1
18171,1
18172,0
18173,1
18174,0
18175,0
18176,0
18177,1
18178,1
18179,1
18180,1
18181,0
18182,1
18183,1
18184,0
18185,1
18186,1
18187,0
18188,1
18189,1
18190,0
18191,0
18192,1
18193,0
18194,1
18195,0
18196,1
18197,1
18198,1
18199,1
18200,1
18201,0
18202,0
18203,0
18204,0
18205,1
18206,0
18207,1
18208,0
18209,0
18210,1
18211,0
18212,1
18213,1
18214,0
18215,0
18216,0
18217,0
18218,0
18219,1
18220,0
18221,1
18222,0
18223,0
18224,1
18225,0
18226,0
18227,0
18228,0
18229,1
18230,1
18231,1
18232,0
18233,0
18234,1
18235,1
18236,0
18237,1
18238,0
18239,1
18240,0
18241,0
18242,1
18243,0
18244,1
18245,1
18246,1
18247,0
18248,1
18249,1
18250,0
18251,1
18252,1
18253,0
18254,0
18255,1
18256,1
18257,0
18258,0
18259,1
18260,1
18261,1
18262,0
18263,0
18264,0
18265,1
18266,0
18267,0
18268,1
18269,0
18270,1
18271,0
18272,1
18273,1
18274,1
18275,0
18276,1
18277,0
18278,1
18279,0
18280,1
18281,1
18282,1
18283,0
18284,0
18285,1
18286,0
18287,1
18288,0
18289,1
18290,1
18291,0
18292,0
18293,1
18294,1
18295,1
18296,0
18297,1
18298,0
18299,0
18300,0
18301,1
18302,0
18303,1
18304,0
18305,0
18306,1
18307,1
18308,0
18309,0
18310,0
18311,0
18312,1
18313,0
18314,0
18315,1
18316,1
18317,0
18318,1
18319,0
18320,1
18321,1
18322,0
18323,1
18324,1
18325,0
18326,0
18327,0
18328,1
18329,0
18330,0
18331,1
18332,0
18333,1
18334,0
18335,1
18336,0
18337,1
18338,0
18339,0
18340,1
18341,0
18342,0
18343,1
18344,1
18345,0
18346,1
18347,0
18348,0
18349,0
18350,0
18351,0
18352,1
18353,1
18354,0
18355,0
18356,1
18357,1
18358,1
18359,0
18360,1
18361,1
18362,0
18363,0
18364,0
18365,1
18366,1
18367,0
18368,1
18369,0
18370,0
18371,0
18372,0
18373,1
18374,0
18375,1
18376,1
18377,1
18378,1
18379,1
18380,1
18381,0
18382,1
18383,0
18384,0
18385,0
18386,1
18387,0
18388,0
18389,1
18390,1
18391,0
18392,0
18393,0
18394,0
18395,1
18396,0
18397,1
18398,0
18399,1
18400,0
18401,1
18402,1
18403,1
18404,1
18405,0
18406,0
18407,0
18408,0
18409,0
18410,1
18411,0
18412,1
18413,1
18414,1
18415,1
18416,1
18417,0
18418,0
18419,0
18420,0
18421,0
18422,1
18423,0
18424,1
18425,0
18426,0
18427,1
18428,0
18429,0
18430,0
18431,0
18432,0
18433,0
18434,0
18435,1
18436,0
18437,0
18438,0
18439,0
18440,1
18441,1
18442,1
18443,0
18444,0
18445,1
18446,0
18447,0
18448,1
18449,0
18450,0
18451,1
18452,0
18453,1
18454,0
18455,1
18456,0
18457,0
18458,1
18459,1
18460,0
18461,1
18462,1
18463,0
18464,0
18465,0
18466,1
18467,1
18468,1
18469,0
18470,1
18471,1
18472,1
18473,0
18474,0
18475,0
18476,0
18477,1
18478,1
18479,0
18480,0
18481,0
18482,1
18483,0
18484,0
18485,1
18486,0
18487,1
18488,1
18489,1
18490,1
18491,0
18492,0
18493,0
18494,1
18495,0
18496,0
18497,0
18498,0
18499,1
18500,1
18501,0
18502,1
18503,1
18504,1
18505,1
18506,1
18507,0
18508,0
18509,1
18510,0
18511,1
18512,1
18513,0
18514,1
18515,0
18516,0
18517,1
18518,0
18519,1
18520,1
18521,0
18522,0
18523,0
18524,1
18525,1
18526,0
18527,0
18528,0
18529,1
18530,0
18531,1
18532,1
18533,0
18534,1
18535,0
18536,1
18537,1
18538,0
18539,0
18540,0
18541,0
18542,1
18543,1
18544,1
18545,0
18546,0
18547,1
18548,1
18549,0
18550,1
18551,0
18552,1
18553,0
18554,1
18555,1
18556,0
18557,1
18558,1
18559,0
18560,1
18561,0
18562,0
18563,1
18564,0
18565,1
18566,1
18567,1
18568,1
18569,1
18570,1
18571,0
18572,0
18573,1
18574,0
18575,1
18576,1
18577,1
18578,0
18579,1
18580,0
18581,1
18582,1
18583,0
18584,0
18585,1
18586,1
18587,0
18588,0
18589,0
18590,0
18591,0
18592,1
18593,1
18594,0
18595,1
18596,0
18597,0
18598,1
18599,0
18600,0
18601,0
18602,1
18603,1
18604,1
18605,1
18606,1
18607,0
18608,0
18609,1
18610,1
18611,1
18612,0
18613,0
18614,0
18615,0
18616,1
18617,1
18618,0
18619,1
18620,1
18621,0
18622,0
18623,0
18624,0
18625,0
18626,0
18627,0
18628,0
18629,1
18630,1
18631,0
18632,0
18633,0
18634,0
18635,0
18636,1
18637,0
18638,0
18639,1
18640,1
18641,1
18642,0
18643,1
18644,1
18645,0
18646,1
18647,1
18648,1
18649,0
18650,0
18651,0
18652,1
18653,1
18654,0
18655,1
18656,1
18657,0
18658,0
18659,0
18660,1
18661,0
18662,1
18663,1
18664,1
18665,1
18666,1
18667,0
18668,0
18669,0
18670,1
18671,1
18672,1
18673,0
18674,0
18675,0
18676,1
18677,1
18678,0
18679,1
18680,0
18681,0
18682,1
18683,1
18684,0
18685,0
18686,0
18687,0
18688,1
18689,1
18690,1
18691,0
18692,0
18693,0
18694,1
18695,0
18696,1
18697,0
18698,1
18699,1
18700,0
18701,0
18702,0
18703,1
18704,0
18705,1
18706,0
18707,0
18708,0
18709,0
18710,1
18711,0
18712,0
18713,0
18714,0
18715,0
18716,0
18717,1
18718,1
18719,1
18720,0
18721,0
18722,0
18723,0
18724,1
18725,1
18726,1
18727,1
18728,1
18729,0
18730,1
18731,0
18732,1
18733,1
18734,1
18735,0
18736,0
18737,0
18738,0
18739,1
18740,0
18741,0
18742,0
18743,0
18744,0
18745,0
18746,1
18747,0
18748,0
18749,0
18750,1
18751,0
18752,1
18753,0
18754,1
18755,0
18756,1
18757,0
18758,1
18759,1
18760,1
18761,0
18762,0
18763,1
18764,1
18765,0
18766,0
18767,1
18768,0
18769,0
18770,1
18771,0
18772,0
18773,0
18774,0
18775,0
18776,1
18777,1
18778,0
18779,0
18780,0
18781,1
18782,0
18783,0
18784,1
18785,1
18786,0
18787,0
18788,0
18789,1
18790,0
18791,0
18792,1
18793,0
18794,1
18795,1
18796,1
18797,1
18798,1
18799,1
18800,0
18801,0
18802,0
18803,0
18804,1
18805,0
18806,0
18807,0
18808,0
18809,0
18810,1
18811,1
18812,0
18813,0
18814,0
18815,0
18816,0
18817,1
18818,0
18819,1
18820,0
18821,1
18822,0
18823,1
18824,1
18825,1
18826,1
18827,0
18828,0
18829,1
18830,1
18831,0
18832,0
18833,0
18834,1
18835,1
18836,0
18837,0
18838,0
18839,1
18840,1
18841,0
18842,1
18843,1
18844,0
18845,1
18846,1
18847,0
18848,0
18849,0
18850,1
18851,0
18852,1
18853,1
18854,1
18855,0
18856,1
18857,0
18858,0
18859,0
18860,0
18861,1
18862,1
18863,0
18864,1
18865,0
18866,0
18867,0
18868,1
18869,0
18870,0
18871,0
18872,0
18873,1
18874,0
18875,1
18876,0
18877,1
18878,0
18879,0
18880,0
18881,1
18882,0
18883,1
18884,0
18885,1
18886,1
18887,0
18888,0
18889,0
18890,1
18891,1
18892,1
18893,1
18894,1
18895,1
18896,1
18897,1
18898,0
18899,0
18900,1
18901,0
18902,1
18903,0
18904,0
18905,0
18906,1
18907,0
18908,1
18909,0
18910,1
18911,0
18912,0
18913,0
18914,0
18915,0
18916,0
18917,1
18918,0
18919,1
18920,0
18921,1
18922,0
18923,0
18924,1
18925,1
18926,0
18927,0
18928,0
18929,0
18930,1
18931,1
18932,1
18933,1
18934,1
18935,0
18936,1
18937,1
18938,1
18939,1
18940,1
18941,1
18942,0
18943,0
18944,1
18945,1
18946,0
18947,0
18948,1
18949,1
18950,0
18951,1
18952,1
18953,0
18954,1
18955,1
18956,0
18957,0
18958,0
18959,1
18960,1
18961,0
18962,0
18963,0
18964,0
18965,0
18966,0
18967,0
18968,1
18969,1
18970,1
18971,0
18972,0
18973,0
18974,1
18975,0
18976,1
18977,0
18978,0
18979,0
18980,1
18981,1
18982,1
18983,0
18984,0
18985,0
18986,0
18987,1
18988,1
18989,1
18990,0
18991,1
18992,0
18993,1
18994,1
18995,0
18996,1
18997,0
18998,0
18999,1
19000,0
19001,0
19002,1
19003,1
19004,1
19005,1
19006,1
19007,1
19008,0
19009,0
19010,1
19011,1
19012,1
19013,1
19014,0
19015,0
19016,0
19017,0
19018,1
19019,1
19020,0
19021,0
19022,0
19023,0
19024,1
19025,0
19026,1
19027,0
19028,0
19029,0
19030,0
19031,0
19032,1
19033,0
19034,0
19035,1
19036,1
19037,1
19038,0
19039,1
19040,0
19041,1
19042,0
19043,0
19044,0
19045,1
19046,1
19047,0
19048,0
19049,1
19050,0
19051,0
19052,0
19053,1
19054,0
19055,1
19056,0
19057,0
19058,1
19059,0
19060,1
19061,1
19062,1
19063,1
19064,0
19065,1
19066,0
19067,0
19068,1
19069,1
19070,0
19071,1
19072,0
19073,0
19074,0
19075,1
19076,0
19077,0
19078,1
19079,1
19080,1
19081,1
19082,1
19083,0
19084,1
19085,1
19086,1
19087,1
19088,1
19089,1
19090,1
19091,0
19092,1
19093,1
19094,1
19095,0
19096,1
19097,1
19098,1
19099,0
19100,1
19101,0
19102,1
19103,1
19104,0
19105,1
19106,1
19107,0
19108,1
19109,0
19110,0
19111,0
19112,1
19113,0
19114,1
19115,1
19116,1
19117,1
19118,0
19119,1
19120,0
19121,1
19122,0
19123,0
19124,1
19125,1
19126,0
19127,0
19128,0
19129,1
19130,0
19131,1
19132,1
19133,0
19134,0
19135,0
19136,1
19137,0
19138,0
19139,0
19140,0
19141,1
19142,0
19143,0
19144,1
19145,1
19146,0
19147,1
19148,0
19149,1
19150,1
19151,0
19152,0
19153,1
19154,1
19155,1
19156,0
19157,1
19158,0
19159,0
19160,0
19161,1
19162,1
19163,0
19164,0
19165,1
19166,1
19167,0
19168,0
19169,0
19170,0
19171,0
19172,1
19173,1
19174,1
19175,1
19176,0
19177,0
19178,1
19179,0
19180,0
19181,0
19182,1
19183,1
19184,0
19185,1
19186,0
19187,0
19188,1
19189,1
19190,1
19191,0
19192,1
19193,0
19194,0
19195,1
19196,1
19197,1
19198,1
19199,0
19200,0
19201,1
19202,0
19203,1
19204,0
19205,0
19206,1
19207,0
19208,0
19209,1
19210,1
19211,0
19212,0
19213,0
19214,0
19215,1
19216,1
19217,0
19218,0
19219,0
19220,0
19221,1
19222,0
19223,1
19224,0
19225,0
19226,0
19227,1
19228,0
19229,0
19230,1
19231,1
19232,1
19233,1
19234,1
19235,1
19236,0
19237,1
19238,1
19239,0
19240,1
19241,0
19242,1
19243,0
19244,1
19245,0
19246,0
19247,1
19248,0
19249,0
19250,0
19251,0
19252,1
19253,1
19254,1
19255,1
19256,0
19257,0
19258,1
19259,1
19260,1
19261,0
19262,0
19263,1
19264,0
19265,0
19266,0
19267,1
19268,0
19269,0
19270,1
19271,0
19272,0
19273,0
19274,0
19275,1
19276,0
19277,1
19278,1
19279,1
19280,1
19281,1
19282,0
19283,1
19284,1
19285,0
19286,1
19287,1
19288,1
19289,1
19290,0
19291,1
19292,1
19293,0
19294,0
19295,1
19296,0
19297,0
19298,1
19299,1
19300,0
19301,1
19302,0
19303,0
19304,0
19305,0
19306,1
19307,1
19308,0
19309,0
19310,1
19311,1
19312,1
19313,0
19314,1
19315,0
19316,1
19317,0
19318,1
19319,0
19320,0
19321,0
19322,1
19323,0
19324,0
19325,1
19326,1
19327,1
19328,0
19329,1
19330,0
19331,0
19332,1
19333,0
19334,0
19335,0
19336,1
19337,1
19338,1
19339,1
19340,0
19341,0
19342,1
19343,1
19344,0
19345,0
19346,1
19347,1
19348,0
19349,0
19350,1
19351,1
19352,0
19353,0
19354,0
19355,0
19356,1
19357,1
19358,0
19359,1
19360,0
19361,0
19362,0
19363,1
19364,0
19365,0
19366,0
19367,0
19368,0
19369,0
19370,0
19371,0
19372,1
19373,1
19374,1
19375,0
19376,0
19377,0
19378,0
19379,1
19380,0
19381,0
19382,0
19383,0
19384,0
19385,1
19386,0
19387,0
19388,1
19389,1
19390,0
19391,0
19392,1
19393,0
19394,1
19395,0
19396,0
19397,1
19398,0
19399,0
19400,0
19401,0
19402,0
19403,0
19404,0
19405,1
19406,1
19407,1
19408,0
19409,1
19410,0
19411,1
19412,1
19413,0
19414,1
19415,1
19416,0
19417,0
19418,1
19419,0
19420,0
19421,0
19422,0
19423,0
19424,0
19425,1
19426,0
19427,0
19428,1
19429,0
19430,0
19431,1
19432,1
19433,1
19434,1
19435,0
19436,0
19437,1
19438,0
19439,0
19440,0
19441,0
19442,1
19443,0
19444,0
19445,1
19446,1
19447,1
19448,0
19449,0
19450,1
19451,0
19452,0
19453,1
19454,0
19455,0
19456,0
19457,0
19458,0
19459,0
19460,0
19461,1
19462,1
19463,0
19464,0
19465,0
19466,0
19467,0
19468,0
19469,1
19470,0
19471,0
19472,0
19473,0
19474,0
19475,0
19476,1
19477,1
19478,1
19479,0
19480,1
19481,1
19482,0
19483,1
19484,1
19485,0
19486,1
19487,1
19488,1
19489,0
19490,0
19491,1
19492,0
19493,1
19494,1
19495,1
19496,0
19497,0
19498,1
19499,0
19500,1
19501,0
19502,0
19503,0
19504,1
19505,1
19506,0
19507,1
19508,1
19509,0
19510,0
19511,0
19512,0
19513,1
19514,0
19515,1
19516,0
19517,1
19518,1
19519,0
19520,0
19521,0
19522,1
19523,0
19524,1
19525,0
19526,0
19527,1
19528,0
19529,1
19530,1
19531,1
19532,0
19533,1
19534,0
19535,0
19536,0
19537,1
19538,0
19539,0
19540,1
19541,0
19542,1
19543,1
19544,1
19545,0
19546,1
19547,0
19548,0
19549,1
19550,1
19551,0
19552,1
19553,1
19554,0
19555,0
19556,1
19557,1
19558,1
19559,1
19560,1
19561,1
19562,0
19563,1
19564,1
19565,0
19566,1
19567,1
19568,1
19569,0
19570,1
19571,0
19572,0
19573,0
19574,1
19575,0
19576,0
19577,0
19578,1
19579,1
19580,1
19581,1
19582,1
19583,1
19584,0
19585,1
19586,0
19587,1
19588,0
19589,0
19590,0
19591,1
19592,1
19593,0
19594,0
19595,0
19596,1
19597,1
19598,1
19599,1
19600,1
19601,1
19602,0
19603,1
19604,1
19605,1
19606,1
19607,0
19608,1
19609,0
19610,1
19611,0
19612,0
19613,1
19614,1
19615,1
19616,0
19617,0
19618,1
19619,0
19620,1
19621,0
19622,1
19623,0
19624,1
19625,1
19626,1
19627,0
19628,0
19629,0
19630,0
19631,0
19632,0
19633,1
19634,0
19635,1
19636,0
19637,1
19638,1
19639,0
19640,1
19641,0
19642,0
19643,0
19644,1
19645,1
19646,0
19647,0
19648,1
19649,0
19650,1
19651,1
19652,0
19653,1
19654,1
19655,1
19656,0
19657,0
19658,0
19659,0
19660,0
19661,0
19662,0
19663,1
19664,1
19665,0
19666,0
19667,1
19668,1
19669,0
19670,1
19671,1
19672,0
19673,0
19674,0
19675,1
19676,1
19677,1
19678,1
19679,1
19680,0
19681,0
19682,0
19683,1
19684,1
19685,0
19686,1
19687,1
19688,1
19689,1
19690,0
19691,0
19692,0
19693,1
19694,1
19695,0
19696,1
19697,0
19698,0
19699,1
19700,1
19701,1
19702,1
19703,0
19704,0
19705,0
19706,0
19707,0
19708,0
19709,0
19710,1
19711,0
19712,1
19713,1
19714,0
19715,1
19716,0
19717,1
19718,1
19719,1
19720,0
19721,0
19722,0
19723,0
19724,1
19725,0
19726,0
19727,0
19728,0
19729,0
19730,0
19731,0
19732,1
19733,0
19734,0
19735,1
19736,0
19737,1
19738,0
19739,0
19740,1
19741,0
19742,1
19743,1
19744,0
19745,0
19746,1
19747,0
19748,0
19749,0
19750,0
19751,1
19752,1
19753,1
19754,0
19755,1
19756,1
19757,0
19758,1
19759,1
19760,0
19761,1
19762,1
19763,1
19764,1
19765,0
19766,0
19767,1
19768,0
19769,0
19770,0
19771,0
19772,0
19773,0
19774,0
19775,1
19776,1
19777,0
19778,1
19779,1
19780,1
19781,0
19782,0
19783,0
19784,0
19785,1
19786,1
19787,0
19788,1
19789,1
19790,0
19791,0
19792,1
19793,0
19794,1
19795,0
19796,1
19797,1
19798,0
19799,1
19800,1
19801,1
19802,0
19803,1
19804,0
19805,1
19806,0
19807,0
19808,0
19809,1
19810,0
19811,1
19812,1
19813,0
19814,1
19815,1
19816,1
19817,0
19818,1
19819,0
19820,0
19821,0
19822,1
19823,1
19824,1
19825,0
19826,1
19827,0
19828,0
19829,1
19830,0
19831,0
19832,0
19833,1
19834,0
19835,0
19836,0
19837,1
19838,1
19839,0
19840,0
19841,0
19842,0
19843,1
19844,0
19845,1
19846,1
19847,0
19848,0
19849,0
19850,0
19851,1
19852,0
19853,0
19854,1
19855,1
19856,1
19857,1
19858,0
19859,0
19860,0
19861,1
19862,1
19863,1
19864,1
19865,0
19866,1
19867,1
19868,1
19869,1
19870,0
19871,0
19872,1
19873,0
19874,0
19875,0
19876,1
19877,1
19878,1
19879,0
19880,0
19881,1
19882,0
19883,1
19884,1
19885,0
19886,1
19887,0
19888,0
19889,1
19890,0
19891,1
19892,0
19893,1
19894,0
19895,0
19896,0
19897,0
19898,1
19899,0
19900,0
19901,0
19902,0
19903,0
19904,1
19905,0
19906,0
19907,1
19908,0
19909,1
19910,0
19911,0
19912,1
19913,0
19914,1
19915,1
19916,0
19917,1
19918,1
19919,1
19920,0
19921,0
19922,1
19923,0
19924,1
19925,0
19926,1
19927,1
19928,1
19929,0
19930,1
19931,0
19932,1
19933,0
19934,0
19935,1
19936,0
19937,0
19938,1
19939,1
19940,1
19941,1
19942,0
19943,1
19944,1
19945,0
19946,1
19947,0
19948,1
19949,0
19950,0
19951,1
19952,0
19953,0
19954,0
19955,1
19956,1
19957,1
19958,0
19959,0
19960,1
19961,1
19962,1
19963,0
19964,0
19965,0
19966,1
19967,0
19968,0
19969,1
19970,1
19971,1
19972,1
19973,1
19974,1
19975,1
19976,0
19977,1
19978,1
19979,1
19980,1
19981,1
19982,1
19983,0
19984,1
19985,1
19986,0
19987,0
19988,1
19989,0
19990,0
19991,0
19992,0
19993,0
19994,1
19995,0
19996,0
19997,0
19998,1
19999,0
20000,0
20001,1
20002,1
20003,1
20004,0
20005,0
20006,0
20007,0
20008,0
20009,0
20010,1
20011,1
20012,0
20013,0
20014,0
20015,0
20016,0
20017,0
20018,1
20019,0
20020,1
20021,0
20022,1
20023,0
20024,0
20025,0
20026,0
20027,1
20028,1
20029,1
20030,0
20031,0
20032,0
20033,1
20034,0
20035,1
20036,0
20037,0
20038,0
20039,0
20040,1
20041,0
20042,1
20043,0
20044,0
20045,1
20046,1
20047,1
20048,1
20049,0
20050,1
20051,1
20052,1
20053,1
20054,1
20055,0
20056,0
20057,1
20058,0
20059,0
20060,1
20061,1
20062,1
20063,0
20064,0
20065,0
20066,0
20067,0
20068,0
20069,1
20070,0
20071,1
20072,0
20073,0
20074,0
20075,1
20076,0
20077,0
20078,1
20079,1
20080,1
20081,0
20082,0
20083,1
20084,1
20085,1
20086,0
20087,0
20088,1
20089,1
20090,0
20091,0
20092,1
20093,0
20094,1
20095,1
20096,1
20097,0
20098,0
20099,0
20100,1
20101,0
20102,1
20103,1
20104,0
20105,1
20106,1
20107,1
20108,1
20109,0
20110,1
20111,0
20112,0
20113,0
20114,1
20115,1
20116,0
20117,0
20118,0
20119,1
20120,1
20121,0
20122,0
20123,0
20124,1
20125,0
20126,1
20127,0
20128,1
20129,0
20130,0
20131,1
20132,0
20133,1
20134,0
20135,1
20136,0
20137,1
20138,1
20139,0
20140,0
20141,0
20142,1
20143,0
20144,1
20145,0
20146,0
20147,1
20148,0
20149,0
20150,1
20151,0
20152,0
20153,1
20154,1
20155,0
20156,1
20157,0
20158,0
20159,0
20160,0
20161,0
20162,0
20163,1
20164,0
20165,1
20166,1
20167,1
20168,1
20169,1
20170,0
20171,0
20172,0
20173,1
20174,1
20175,0
20176,1
20177,0
20178,1
20179,0
20180,1
20181,0
20182,0
20183,1
20184,1
20185,1
20186,1
20187,0
20188,1
20189,1
20190,0
20191,0
20192,0
20193,0
20194,1
20195,0
20196,0
20197,1
20198,0
20199,1
20200,1
20201,0
20202,1
20203,0
20204,1
20205,0
20206,0
20207,1
20208,0
20209,1
20210,0
20211,1
20212,0
20213,1
20214,1
20215,0
20216,0
20217,0
20218,1
20219,1
20220,1
20221,1
20222,0
20223,0
20224,0
20225,1
20226,0
20227,1
20228,0
20229,0
20230,0
20231,0
20232,0
20233,1
20234,1
20235,0
20236,0
20237,1
20238,0
20239,0
20240,0
20241,1
20242,1
20243,1
20244,0
20245,0
20246,0
20247,0
20248,1
20249,0
20250,0
20251,1
20252,0
20253,0
20254,1
20255,1
20256,1
20257,1
20258,1
20259,1
20260,1
20261,0
20262,1
20263,0
20264,0
20265,1
20266,1
20267,0
20268,1
20269,1
20270,1
20271,1
20272,0
20273,1
20274,0
20275,0
20276,1
20277,0
20278,1
20279,1
20280,0
20281,1
20282,1
20283,0
20284,0
20285,0
20286,0
20287,0
20288,0
20289,1
20290,0
20291,1
20292,0
20293,1
20294,0
20295,0
20296,1
20297,1
20298,1
20299,0
20300,0
20301,0
20302,0
20303,1
20304,1
20305,0
20306,0
20307,1
20308,0
20309,0
20310,0
20311,1
20312,1
20313,0
20314,0
20315,1
20316,1
20317,0
20318,0
20319,1
20320,1
20321,0
20322,1
20323,1
20324,0
20325,0
20326,1
20327,1
20328,0
20329,1
20330,0
20331,0
20332,1
20333,0
20334,0
20335,0
20336,1
20337,0
20338,1
20339,1
20340,1
20341,0
20342,0
20343,0
20344,1
20345,1
20346,0
20347,1
20348,1
20349,0
20350,0
20351,0
20352,1
20353,0
20354,0
20355,0
20356,0
20357,0
20358,1
20359,1
20360,0
20361,0
20362,1
20363,1
20364,1
20365,0
20366,0
20367,1
20368,0
20369,1
20370,0
20371,0
20372,0
20373,0
20374,0
20375,1
20376,0
20377,0
20378,1
20379,0
20380,0
20381,1
20382,0
20383,1
20384,0
20385,1
20386,0
20387,1
20388,1
20389,0
20390,0
20391,0
20392,1
20393,1
20394,1
20395,0
20396,0
20397,1
20398,1
20399,0
20400,1
20401,0
20402,0
20403,1
20404,1
20405,1
20406,0
20407,0
20408,1
20409,1
20410,0
20411,1
20412,1
20413,1
20414,0
20415,0
20416,0
20417,0
20418,0
20419,1
20420,1
20421,0
20422,0
20423,1
20424,0
20425,0
20426,1
20427,1
20428,0
20429,1
20430,1
20431,1
20432,1
20433,1
20434,0
20435,0
20436,1
20437,0
20438,0
20439,0
20440,0
20441,1
20442,0
20443,0
20444,1
20445,0
20446,1
20447,0
20448,0
20449,1
20450,0
20451,0
20452,0
20453,0
20454,1
20455,1
20456,0
20457,1
20458,1
20459,0
20460,0
20461,1
20462,0
20463,1
20464,1
20465,0
20466,0
20467,1
20468,0
20469,1
20470,1
20471,0
20472,1
20473,0
20474,0
20475,0
20476,0
20477,1
20478,1
20479,0
20480,1
20481,0
20482,1
20483,1
20484,1
20485,0
20486,0
20487,0
20488,1
20489,0
20490,0
20491,1
20492,1
20493,0
20494,0
20495,0
20496,1
20497,0
20498,1
20499,0
20500,0
20501,1
20502,1
20503,0
20504,0
20505,0
20506,0
20507,0
20508,1
20509,0
20510,0
20511,1
20512,1
20513,0
20514,1
20515,1
20516,0
20517,1
20518,1
20519,1
20520,0
20521,1
20522,1
20523,0
20524,0
20525,1
20526,0
20527,0
20528,1
20529,1
20530,1
20531,1
20532,0
20533,0
20534,1
20535,0
20536,1
20537,0
20538,1
20539,0
20540,1
20541,0
20542,1
20543,1
20544,0
20545,0
20546,0
20547,0
20548,0
20549,1
20550,1
20551,0
20552,1
20553,1
20554,1
20555,0
20556,1
20557,1
20558,0
20559,1
20560,1
20561,1
20562,0
20563,1
20564,1
20565,1
20566,0
20567,0
20568,1
20569,0
20570,0
20571,0
20572,0
20573,0
20574,1
20575,1
20576,1
20577,1
20578,1
20579,1
20580,0
20581,0
20582,0
20583,0
20584,0
20585,1
20586,0
20587,0
20588,0
20589,0
20590,1
20591,0
20592,0
20593,1
20594,1
20595,0
20596,0
20597,0
20598,0
20599,1
20600,1
20601,0
20602,1
20603,1
20604,0
20605,0
20606,1
20607,1
20608,1
20609,0
20610,1
20611,1
20612,1
20613,1
20614,0
20615,0
20616,1
20617,0
20618,1
20619,0
20620,1
20621,0
20622,1
20623,0
20624,0
20625,1
20626,0
20627,0
20628,1
20629,1
20630,1
20631,1
20632,1
20633,0
20634,1
20635,0
20636,1
20637,1
20638,1
20639,0
20640,1
20641,0
20642,0
20643,0
20644,1
20645,1
20646,0
20647,0
20648,1
20649,1
20650,1
20651,0
20652,0
20653,0
20654,1
20655,1
20656,0
20657,0
20658,1
20659,1
20660,0
20661,0
20662,1
20663,1
20664,0
20665,1
20666,1
20667,0
20668,0
20669,0
20670,1
20671,1
20672,1
20673,1
20674,0
20675,0
20676,0
20677,0
20678,1
20679,1
20680,0
20681,0
20682,1
20683,1
20684,1
20685,0
20686,0
20687,0
20688,0
20689,1
20690,1
20691,1
20692,0
20693,0
20694,1
20695,1
20696,0
20697,0
20698,0
20699,1
20700,0
20701,1
20702,1
20703,0
20704,0
20705,1
20706,0
20707,0
20708,1
20709,0
20710,1
20711,1
20712,1
20713,0
20714,1
20715,0
20716,0
20717,1
20718,1
20719,0
20720,0
20721,1
20722,0
20723,0
20724,1
20725,1
20726,1
20727,0
20728,1
20729,0
20730,0
20731,0
20732,1
20733,0
20734,0
20735,0
20736,1
20737,1
20738,1
20739,1
20740,0
20741,0
20742,1
20743,0
20744,0
20745,1
20746,1
20747,0
20748,0
20749,0
20750,1
20751,1
20752,1
20753,1
20754,1
20755,0
20756,1
20757,0
20758,0
20759,0
20760,0
20761,0
20762,0
20763,1
20764,0
20765,1
20766,0
20767,0
20768,1
20769,0
20770,1
20771,1
20772,0
20773,0
20774,1
20775,1
20776,1
20777,0
20778,0
20779,0
20780,1
20781,1
20782,0
20783,1
20784,0
20785,0
20786,1
20787,1
20788,0
20789,0
20790,1
20791,1
20792,0
20793,1
20794,1
20795,0
20796,1
20797,1
20798,1
20799,1
20800,1
20801,0
20802,1
20803,0
20804,1
20805,1
20806,1
20807,0
20808,1
20809,1
20810,1
20811,1
20812,0
20813,1
20814,0
20815,0
20816,1
20817,0
20818,0
20819,0
20820,0
20821,0
20822,0
20823,1
20824,0
20825,0
20826,0
20827,1
20828,1
20829,1
20830,0
20831,1
20832,1
20833,0
20834,1
20835,1
20836,1
20837,1
20838,1
20839,1
20840,0
20841,1
20842,0
20843,0
20844,1
20845,0
20846,1
20847,1
20848,1
20849,0
20850,1
20851,0
20852,0
20853,0
20854,0
20855,1
20856,0
20857,1
20858,0
20859,1
20860,1
20861,1
20862,1
20863,0
20864,0
20865,1
20866,0
20867,1
20868,0
20869,1
20870,1
20871,0
20872,1
20873,1
20874,0
20875,1
20876,0
20877,0
20878,0
20879,0
20880,0
20881,1
20882,0
20883,1
20884,1
20885,1
20886,1
20887,0
20888,1
20889,0
20890,0
20891,0
20892,1
20893,1
20894,0
20895,1
20896,1
20897,0
20898,1
20899,1
20900,1
20901,1
20902,0
20903,1
20904,0
20905,0
20906,1
20907,1
20908,0
20909,0
20910,1
20911,1
20912,0
20913,1
20914,1
20915,1
20916,0
20917,0
20918,1
20919,1
20920,1
20921,0
20922,1
20923,0
20924,0
20925,1
20926,0
20927,1
20928,0
20929,0
20930,1
20931,1
20932,0
20933,0
20934,0
20935,0
20936,1
20937,1
20938,0
20939,0
20940,0
20941,1
20942,0
20943,0
20944,1
20945,0
20946,0
20947,1
20948,1
20949,1
20950,1
20951,0
20952,1
20953,0
20954,1
20955,0
20956,1
20957,1
20958,0
20959,0
20960,0
20961,0
20962,0
20963,0
20964,0
20965,0
20966,1
20967,0
20968,1
20969,0
20970,1
20971,1
20972,0
20973,1
20974,0
20975,0
20976,1
20977,0
20978,1
20979,1
20980,0
20981,1
20982,0
20983,0
20984,0
20985,0
20986,1
20987,1
20988,0
20989,1
20990,0
20991,1
20992,0
20993,1
20994,0
20995,1
20996,1
20997,0
20998,1
20999,0
21000,0
21001,1
21002,0
21003,0
21004,1
21005,0
21006,0
21007,1
21008,1
21009,0
21010,1
21011,1
21012,0
21013,0
21014,0
21015,0
21016,0
21017,0
21018,0
21019,1
21020,1
21021,1
21022,0
21023,1
21024,0
21025,1
21026,1
21027,1
21028,1
21029,1
21030,1
21031,1
21032,0
21033,0
21034,0
21035,0
21036,1
21037,0
21038,1
21039,1
21040,1
21041,0
21042,0
21043,0
21044,1
21045,1
21046,1
21047,1
21048,1
21049,1
21050,0
21051,1
21052,0
21053,0
21054,1
21055,1
21056,1
21057,0
21058,0
21059,0
21060,1
21061,0
21062,1
21063,1
21064,0
21065,0
21066,1
21067,1
21068,1
21069,1
21070,1
21071,0
21072,1
21073,0
21074,1
21075,1
21076,1
21077,0
21078,1
21079,0
21080,0
21081,1
21082,1
21083,1
21084,1
21085,0
21086,1
21087,1
21088,1
21089,1
21090,1
21091,0
21092,1
21093,0
21094,1
21095,1
21096,0
21097,1
21098,0
21099,1
21100,1
21101,0
21102,1
21103,0
21104,1
21105,0
21106,1
21107,0
21108,0
21109,1
21110,1
21111,0
21112,0
21113,0
21114,0
21115,0
21116,1
21117,1
21118,0
21119,1
21120,1
21121,1
21122,1
21123,0
21124,0
21125,0
21126,0
21127,1
21128,1
21129,0
21130,0
21131,0
21132,1
21133,1
21134,1
21135,0
21136,0
21137,0
21138,1
21139,0
21140,0
21141,1
21142,0
21143,1
21144,0
21145,1
21146,1
21147,0
21148,0
21149,0
21150,1
21151,0
21152,0
21153,0
21154,0
21155,1
21156,1
21157,1
21158,0
21159,1
21160,1
21161,1
21162,1
21163,0
21164,0
21165,1
21166,1
21167,0
21168,1
21169,0
21170,0
21171,1
21172,0
21173,1
21174,1
21175,1
21176,0
21177,0
21178,1
21179,0
21180,0
21181,0
21182,1
21183,1
21184,0
21185,1
21186,0
21187,0
21188,1
21189,0
21190,1
21191,0
21192,1
21193,1
21194,1
21195,0
21196,0
21197,0
21198,1
21199,1
21200,1
21201,1
21202,0
21203,0
21204,1
21205,0
21206,1
21207,0
21208,1
21209,1
21210,0
21211,0
21212,0
21213,1
21214,1
21215,1
21216,1
21217,0
21218,1
21219,0
21220,0
21221,0
21222,1
21223,0
21224,1
21225,1
21226,0
21227,0
21228,1
21229,0
21230,0
21231,1
21232,1
21233,0
21234,0
21235,0
21236,1
21237,0
21238,0
21239,1
21240,1
21241,0
21242,1
21243,1
21244,1
21245,0
21246,1
21247,0
21248,1
21249,0
21250,0
21251,0
21252,0
21253,1
21254,0
21255,0
21256,1
21257,1
21258,0
21259,0
21260,1
21261,0
21262,0
21263,1
21264,0
21265,1
21266,0
21267,1
21268,0
21269,1
21270,1
21271,0
21272,0
21273,1
21274,1
21275,1
21276,0
21277,0
21278,1
21279,1
21280,1
21281,0
21282,1
21283,1
21284,1
21285,1
21286,0
21287,0
21288,0
21289,0
21290,0
21291,0
21292,0
21293,1
21294,0
21295,1
21296,0
21297,1
21298,1
21299,1
21300,1
21301,0
21302,0
21303,1
21304,1
21305,0
21306,0
21307,0
21308,1
21309,0
21310,1
21311,1
21312,1
21313,0
21314,0
21315,1
21316,0
21317,1
21318,0
21319,0
21320,0
21321,1
21322,1
21323,1
21324,0
21325,0
21326,0
21327,1
21328,0
21329,1
21330,0
21331,0
21332,0
21333,1
21334,0
21335,1
21336,0
21337,1
21338,1
21339,1
21340,1
21341,1
21342,1
21343,1
21344,0
21345,0
21346,1
21347,0
21348,1
21349,1
21350,0
21351,1
21352,0
21353,1
21354,1
21355,0
21356,0
21357,1
21358,1
21359,1
21360,0
21361,1
21362,0
21363,0
21364,0
21365,1
21366,1
21367,1
21368,1
21369,1
21370,1
21371,0
21372,1
21373,0
21374,0
21375,1
21376,0
21377,0
21378,0
21379,1
21380,0
21381,1
21382,0
21383,0
21384,0
21385,1
21386,1
21387,0
21388,0
21389,1
21390,0
21391,0
21392,1
21393,0
21394,0
21395,0
21396,0
21397,1
21398,1
21399,0
21400,0
21401,1
21402,1
21403,0
21404,1
21405,1
21406,1
21407,0
21408,0
21409,1
21410,1
21411,0
21412,0
21413,0
21414,0
21415,1
21416,1
21417,1
21418,1
21419,1
21420,1
21421,1
21422,0
21423,0
21424,0
21425,1
21426,1
21427,0
21428,0
21429,0
21430,1
21431,0
21432,0
21433,1
21434,1
21435,0
21436,1
21437,1
21438,1
21439,0
21440,1
21441,0
21442,0
21443,0
21444,1
21445,1
21446,0
21447,0
21448,1
21449,0
21450,1
21451,1
21452,1
21453,1
21454,0
21455,1
21456,1
21457,1
21458,0
21459,0
21460,0
21461,1
21462,1
21463,1
21464,1
21465,0
21466,0
21467,0
21468,1
21469,0
21470,1
21471,1
21472,1
21473,0
21474,1
21475,0
21476,0
21477,1
21478,0
21479,1
21480,1
21481,1
21482,1
21483,1
21484,0
21485,0
21486,1
21487,0
21488,1
21489,1
21490,0
21491,0
21492,1
21493,0
21494,1
21495,1
21496,0
21497,1
21498,0
21499,1
21500,1
21501,1
21502,0
21503,1
21504,0
21505,1
21506,0
21507,1
21508,0
21509,1
21510,0
21511,0
21512,0
21513,1
21514,0
21515,1
21516,1
21517,0
21518,1
21519,0
21520,1
21521,0
21522,1
21523,0
21524,1
21525,0
21526,0
21527,1
21528,0
21529,1
21530,0
21531,0
21532,1
21533,0
21534,0
21535,1
21536,1
21537,0
21538,0
21539,1
21540,1
21541,1
21542,0
21543,1
21544,1
21545,0
21546,1
21547,1
21548,0
21549,0
21550,1
21551,0
21552,0
21553,1
21554,1
21555,1
21556,1
21557,0
21558,0
21559,1
21560,1
21561,0
21562,0
21563,0
21564,0
21565,1
21566,1
21567,1
21568,0
21569,0
21570,1
21571,1
21572,0
21573,0
21574,0
21575,0
21576,0
21577,0
21578,1
21579,1
21580,1
21581,0
21582,1
21583,0
21584,1
21585,0
21586,1
21587,1
21588,1
21589,0
21590,1
21591,0
21592,1
21593,1
21594,0
21595,0
21596,1
21597,0
21598,1
21599,0
21600,0
21601,0
21602,0
21603,0
21604,0
21605,1
21606,0
21607,1
21608,1
21609,1
21610,0
21611,1
21612,0
21613,0
21614,0
21615,1
21616,0
21617,1
21618,0
21619,0
21620,1
21621,0
21622,0
21623,0
21624,1
21625,0
21626,1
21627,1
21628,0
21629,0
21630,1
21631,1
21632,1
21633,1
21634,0
21635,1
21636,1
21637,0
21638,1
21639,1
21640,0
21641,1
21642,1
21643,1
21644,1
21645,0
21646,1
21647,1
21648,0
21649,0
21650,0
21651,0
21652,0
21653,0
21654,0
21655,0
21656,1
21657,0
21658,0
21659,1
21660,1
21661,1
21662,1
21663,0
21664,1
21665,0
21666,1
21667,1
21668,0
21669,1
21670,1
21671,0
21672,1
21673,0
21674,1
21675,0
21676,0
21677,1
21678,0
21679,1
21680,1
21681,1
21682,1
21683,0
21684,0
21685,1
21686,0
21687,1
21688,1
21689,1
21690,1
21691,0
21692,0
21693,1
21694,0
21695,1
21696,1
21697,0
21698,0
21699,1
21700,1
21701,0
21702,1
21703,0
21704,1
21705,0
21706,0
21707,0
21708,1
21709,1
21710,0
21711,1
21712,0
21713,0
21714,0
21715,1
21716,0
21717,0
21718,1
21719,1
21720,0
21721,1
21722,0
21723,1
21724,1
21725,0
21726,1
21727,0
21728,1
21729,1
21730,0
21731,0
21732,1
21733,0
21734,0
21735,1
21736,0
21737,1
21738,1
21739,0
21740,0
21741,0
21742,0
21743,1
21744,0
21745,1
21746,0
21747,1
21748,0
21749,0
21750,1
21751,1
21752,0
21753,0
21754,1
21755,1
21756,1
21757,0
21758,1
21759,0
21760,0
21761,0
21762,0
21763,1
21764,1
21765,0
21766,1
21767,1
21768,1
21769,0
21770,0
21771,0
21772,0
21773,1
21774,1
21775,1
21776,1
21777,0
21778,0
21779,1
21780,0
21781,0
21782,0
21783,0
21784,0
21785,0
21786,1
21787,0
21788,0
21789,1
21790,1
21791,1
21792,1
21793,0
21794,1
21795,0
21796,1
21797,1
21798,1
21799,1
21800,0
21801,1
21802,1
21803,0
21804,1
21805,0
21806,1
21807,0
21808,0
21809,1
21810,1
21811,0
21812,1
21813,0
21814,0
21815,0
21816,1
21817,1
21818,1
21819,1
21820,1
21821,0
21822,1
21823,0
21824,0
21825,0
21826,1
21827,0
21828,0
21829,1
21830,1
21831,0
21832,1
21833,1
21834,1
21835,0
21836,1
21837,0
21838,0
21839,0
21840,0
21841,0
21842,0
21843,1
21844,0
21845,0
21846,1
21847,0
21848,0
21849,0
21850,0
21851,1
21852,1
21853,1
21854,0
21855,1
21856,1
21857,1
21858,0
21859,0
21860,0
21861,0
21862,1
21863,0
21864,0
21865,0
21866,0
21867,1
21868,1
21869,1
21870,0
21871,1
21872,1
21873,0
21874,0
21875,0
21876,0
21877,0
21878,1
21879,0
21880,1
21881,0
21882,1
21883,0
21884,1
21885,1
21886,1
21887,1
21888,1
21889,0
21890,1
21891,1
21892,1
21893,0
21894,1
21895,1
21896,1
21897,0
21898,0
21899,0
21900,1
21901,1
21902,0
21903,1
21904,1
21905,0
21906,0
21907,1
21908,1
21909,0
21910,1
21911,1
21912,0
21913,0
21914,0
21915,0
21916,0
21917,0
21918,0
21919,0
21920,1
21921,0
21922,1
21923,1
21924,0
21925,1
21926,1
21927,1
21928,0
21929,0
21930,0
21931,0
21932,1
21933,1
21934,1
21935,1
21936,1
21937,0
21938,1
21939,1
21940,1
21941,1
21942,1
21943,0
21944,0
21945,0
21946,1
21947,0
21948,0
21949,0
21950,0
21951,1
21952,0
21953,0
21954,1
21955,1
21956,0
21957,1
21958,1
21959,1
21960,0
21961,1
21962,1
21963,0
21964,1
21965,0
21966,0
21967,0
21968,0
21969,1
21970,0
21971,0
21972,0
21973,1
21974,1
21975,1
21976,1
21977,1
21978,1
21979,1
21980,0
21981,1
21982,1
21983,1
21984,0
21985,1
21986,0
21987,1
21988,1
21989,0
21990,0
21991,1
21992,1
21993,1
21994,1
21995,0
21996,0
21997,0
21998,0
21999,1
22000,1
22001,0
22002,0
22003,0
22004,0
22005,0
22006,1
22007,1
22008,0
22009,0
22010,0
22011,1
22012,0
22013,1
22014,1
22015,0
22016,1
22017,1
22018,0
22019,0
22020,0
22021,0
22022,1
22023,1
22024,1
22025,0
22026,1
22027,0
22028,0
22029,1
22030,1
22031,1
22032,0
22033,1
22034,0
22035,1
22036,0
22037,0
22038,1
22039,0
22040,1
22041,1
22042,1
22043,1
22044,0
22045,1
22046,1
22047,0
22048,1
22049,0
22050,1
22051,1
22052,1
22053,0
22054,0
22055,0
22056,0
22057,1
22058,1
22059,0
22060,1
22061,0
22062,1
22063,1
22064,0
22065,0
22066,0
22067,1
22068,0
22069,0
22070,0
22071,0
22072,0
22073,0
22074,1
22075,1
22076,0
22077,1
22078,1
22079,1
22080,1
22081,1
22082,1
22083,0
22084,0
22085,1
22086,0
22087,0
22088,1
22089,0
22090,0
22091,0
22092,0
22093,1
22094,1
22095,1
22096,0
22097,0
22098,0
22099,0
22100,1
22101,1
22102,0
22103,0
22104,1
22105,0
22106,0
22107,0
22108,0
22109,1
22110,0
22111,0
22112,0
22113,0
22114,0
22115,1
22116,0
22117,1
22118,0
22119,0
22120,1
22121,1
22122,1
22123,1
22124,1
22125,0
22126,1
22127,0
22128,0
22129,0
22130,1
22131,1
22132,0
22133,1
22134,1
22135,1
22136,0
22137,1
22138,0
22139,1
22140,1
22141,0
22142,1
22143,1
22144,1
22145,1
22146,0
22147,0
22148,1
22149,0
22150,1
22151,0
22152,1
22153,1
22154,0
22155,0
22156,1
22157,0
22158,0
22159,0
22160,0
22161,1
22162,0
22163,1
22164,1
22165,1
22166,0
22167,1
22168,0
22169,0
22170,1
22171,0
22172,1
22173,1
22174,0
22175,0
22176,1
22177,0
22178,1
22179,0
22180,1
22181,1
22182,1
22183,1
22184,0
22185,0
22186,1
22187,0
22188,1
22189,0
22190,0
22191,0
22192,1
22193,1
22194,1
22195,0
22196,1
22197,0
22198,0
22199,1
22200,1
22201,1
22202,0
22203,0
22204,1
22205,0
22206,1
22207,1
22208,1
22209,1
22210,0
22211,1
22212,0
22213,0
22214,1
22215,0
22216,0
22217,1
22218,1
22219,1
22220,1
22221,0
22222,1
22223,1
22224,1
22225,0
22226,1
22227,0
22228,0
22229,0
22230,0
22231,1
22232,0
22233,0
22234,1
22235,1
22236,1
22237,1
22238,0
22239,1
22240,1
22241,1
22242,0
22243,0
22244,0
22245,1
22246,0
22247,1
22248,1
22249,0
22250,1
22251,1
22252,0
22253,0
22254,1
22255,1
22256,1
22257,0
22258,1
22259,1
22260,1
22261,1
22262,0
22263,1
22264,0
22265,1
22266,0
22267,1
22268,0
22269,0
22270,0
22271,1
22272,0
22273,0
22274,1
22275,1
22276,1
22277,1
22278,1
22279,0
22280,0
22281,1
22282,1
22283,0
22284,1
22285,0
22286,1
22287,0
22288,1
22289,0
22290,1
22291,1
22292,0
22293,1
22294,1
22295,1
22296,1
22297,0
22298,0
22299,1
22300,1
22301,1
22302,0
22303,0
22304,0
22305,0
22306,1
22307,0
22308,1
22309,0
22310,0
22311,1
22312,1
22313,1
22314,1
22315,0
22316,0
22317,0
22318,0
22319,0
22320,0
22321,0
22322,1
22323,1
22324,1
22325,1
22326,0
22327,0
22328,1
22329,0
22330,1
22331,1
22332,1
22333,1
22334,0
22335,0
22336,0
22337,1
22338,0
22339,0
22340,0
22341,1
22342,1
22343,0
22344,1
22345,1
22346,0
22347,0
22348,1
22349,1
22350,1
22351,0
22352,0
22353,0
22354,0
22355,0
22356,1
22357,1
22358,0
22359,0
22360,0
22361,1
22362,0
22363,0
22364,1
22365,1
22366,1
22367,1
22368,1
22369,0
22370,0
22371,1
22372,0
22373,0
22374,1
22375,0
22376,0
22377,0
22378,1
22379,1
22380,0
22381,0
22382,1
22383,1
22384,1
22385,1
22386,1
22387,1
22388,1
22389,0
22390,0
22391,1
22392,0
22393,1
22394,0
22395,1
22396,1
22397,1
22398,1
22399,1
22400,1
22401,1
22402,0
22403,0
22404,1
22405,1
22406,0
22407,0
22408,0
22409,0
22410,1
22411,0
22412,1
22413,0
22414,0
22415,1
22416,0
22417,0
22418,0
22419,0
22420,0
22421,0
22422,0
22423,1
22424,0
22425,1
22426,0
22427,0
22428,1
22429,1
22430,0
22431,1
22432,0
22433,1
22434,0
22435,1
22436,0
22437,0
22438,0
22439,0
22440,1
22441,1
22442,0
22443,0
22444,0
22445,1
22446,1
22447,1
22448,1
22449,0
22450,1
22451,1
22452,0
22453,0
22454,0
22455,0
22456,1
22457,1
22458,0
22459,0
22460,1
22461,1
22462,1
22463,1
22464,1
22465,0
22466,0
22467,1
22468,1
22469,1
22470,0
22471,0
22472,0
22473,0
22474,0
22475,0
22476,0
22477,0
22478,1
22479,0
22480,1
22481,0
22482,1
22483,1
22484,0
22485,0
22486,1
22487,0
22488,1
22489,1
22490,1
22491,1
22492,0
22493,1
22494,1
22495,0
22496,1
22497,1
22498,1
22499,1
22500,1
22501,1
22502,1
22503,1
22504,1
22505,1
22506,0
22507,1
22508,1
22509,1
22510,0
22511,1
22512,1
22513,1
22514,0
22515,0
22516,1
22517,1
22518,0
22519,1
22520,1
22521,0
22522,1
22523,0
22524,1
22525,1
22526,1
22527,0
22528,0
22529,1
22530,1
22531,1
22532,1
22533,1
22534,1
22535,1
22536,0
22537,0
22538,0
22539,1
22540,1
22541,1
22542,0
22543,0
22544,1
22545,0
22546,1
22547,0
22548,0
22549,1
22550,0
22551,1
22552,0
22553,1
22554,1
22555,0
22556,0
22557,1
22558,1
22559,0
22560,1
22561,1
22562,0
22563,0
22564,1
22565,0
22566,0
22567,0
22568,1
22569,0
22570,0
22571,1
22572,1
22573,1
22574,0
22575,1
22576,1
22577,0
22578,0
22579,0
22580,0
22581,1
22582,1
22583,0
22584,0
22585,0
22586,1
22587,1
22588,1
22589,0
22590,0
22591,0
22592,0
22593,1
22594,0
22595,1
22596,1
22597,1
22598,0
22599,0
22600,1
22601,0
22602,1
22603,1
22604,1
22605,1
22606,0
22607,0
22608,1
22609,1
22610,1
22611,1
22612,1
22613,0
22614,0
22615,1
22616,0
22617,0
22618,0
22619,0
22620,1
22621,0
22622,0
22623,0
22624,1
22625,0
22626,1
22627,1
22628,0
22629,0
22630,1
22631,0
22632,0
22633,0
22634,0
22635,1
22636,1
22637,1
22638,0
22639,1
22640,0
22641,1
22642,0
22643,0
22644,1
22645,0
22646,1
22647,0
22648,1
22649,0
22650,1
22651,1
22652,1
22653,0
22654,0
22655,0
22656,0
22657,0
22658,0
22659,1
22660,1
22661,1
22662,1
22663,0
22664,0
22665,0
22666,1
22667,0
22668,0
22669,0
22670,1
22671,1
22672,1
22673,0
22674,1
22675,1
22676,1
22677,0
22678,1
22679,1
22680,1
22681,1
22682,1
22683,1
22684,1
22685,1
22686,1
22687,1
22688,1
22689,1
22690,0
22691,0
22692,0
22693,1
22694,0
22695,0
22696,0
22697,1
22698,0
22699,1
22700,1
22701,0
22702,0
22703,1
22704,0
22705,0
22706,1
22707,1
22708,1
22709,0
22710,0
22711,0
22712,0
22713,1
22714,1
22715,0
22716,0
22717,1
22718,0
22719,0
22720,0
22721,0
22722,0
22723,1
22724,0
22725,0
22726,0
22727,0
22728,1
22729,0
22730,0
22731,1
22732,1
22733,0
22734,1
22735,1
22736,1
22737,1
22738,0
22739,1
22740,1
22741,0
22742,1
22743,1
22744,1
22745,1
22746,0
22747,0
22748,1
22749,1
22750,0
22751,0
22752,0
22753,1
22754,1
22755,1
22756,0
22757,0
22758,0
22759,0
22760,1
22761,1
22762,1
22763,1
22764,0
22765,1
22766,1
22767,0
22768,1
22769,0
22770,0
22771,1
22772,1
22773,1
22774,1
22775,1
22776,0
22777,1
22778,1
22779,0
22780,0
22781,0
22782,0
22783,0
22784,0
22785,1
22786,0
22787,1
22788,0
22789,0
22790,1
22791,0
22792,0
22793,1
22794,1
22795,0
22796,0
22797,1
22798,1
22799,1
22800,1
22801,0
22802,1
22803,1
22804,0
22805,1
22806,1
22807,0
22808,0
22809,0
22810,1
22811,1
22812,0
22813,0
22814,1
22815,0
22816,1
22817,0
22818,1
22819,0
22820,1
22821,1
22822,0
22823,1
22824,0
22825,1
22826,1
22827,0
22828,0
22829,0
22830,0
22831,0
22832,0
22833,0
22834,0
22835,1
22836,1
22837,1
22838,0
22839,1
22840,1
22841,1
22842,0
22843,1
22844,0
22845,0
22846,1
22847,1
22848,0
22849,1
22850,0
22851,0
22852,0
22853,0
22854,1
22855,1
22856,1
22857,0
22858,1
22859,0
22860,0
22861,0
22862,0
22863,1
22864,1
22865,0
22866,1
22867,0
22868,1
22869,0
22870,1
22871,0
22872,0
22873,1
22874,1
22875,1
22876,1
22877,1
22878,1
22879,1
22880,1
22881,1
22882,1
22883,1
22884,1
22885,0
22886,0
22887,0
22888,0
22889,0
22890,1
22891,0
22892,0
22893,0
22894,0
22895,0
22896,1
22897,1
22898,0
22899,0
22900,0
22901,0
22902,0
22903,0
22904,0
22905,1
22906,1
22907,0
22908,1
22909,0
22910,1
22911,1
22912,0
22913,0
22914,1
22915,0
22916,0
22917,0
22918,0
22919,0
22920,1
22921,1
22922,1
22923,0
22924,0
22925,0
22926,1
22927,1
22928,0
22929,1
22930,1
22931,1
22932,0
22933,1
22934,0
22935,0
22936,1
22937,0
22938,0
22939,0
22940,1
22941,1
22942,0
22943,0
22944,1
22945,0
22946,1
22947,0
22948,0
22949,0
22950,0
22951,0
22952,1
22953,0
22954,1
22955,1
22956,1
22957,0
22958,1
22959,1
22960,1
22961,0
22962,0
22963,0
22964,1
22965,1
22966,1
22967,0
22968,0
22969,1
22970,0
22971,0
22972,0
22973,1
22974,1
22975,0
22976,0
22977,0
22978,0
22979,1
22980,1
22981,0
22982,1
22983,1
22984,0
22985,0
22986,1
22987,0
22988,0
22989,0
22990,1
22991,0
22992,1
22993,0
22994,1
22995,1
22996,1
22997,1
22998,0
22999,1
23000,0
23001,1
23002,0
23003,1
23004,1
23005,1
23006,0
23007,1
23008,1
23009,1
23010,0
23011,1
23012,1
23013,0
23014,0
23015,0
23016,0
23017,1
23018,0
23019,1
23020,0
23021,1
23022,1
23023,0
23024,0
23025,0
23026,1
23027,0
23028,0
23029,0
23030,1
23031,0
23032,0
23033,0
23034,1
23035,0
23036,0
23037,0
23038,0
23039,0
23040,0
23041,0
23042,0
23043,0
23044,0
23045,1
23046,0
23047,1
23048,1
23049,1
23050,0
23051,1
23052,1
23053,1
23054,0
23055,1
23056,0
23057,1
23058,1
23059,0
23060,0
23061,1
23062,1
23063,0
23064,1
23065,0
23066,0
23067,0
23068,0
23069,1
23070,1
23071,0
23072,0
23073,1
23074,0
23075,1
23076,0
23077,0
23078,0
23079,0
23080,0
23081,0
23082,0
23083,0
23084,0
23085,0
23086,0
23087,1
23088,0
23089,0
23090,0
23091,1
23092,1
23093,1
23094,1
23095,1
23096,0
23097,1
23098,1
23099,1
23100,1
23101,0
23102,0
23103,1
23104,0
23105,0
23106,1
23107,0
23108,1
23109,1
23110,0
23111,0
23112,1
23113,1
23114,0
23115,0
23116,0
23117,0
23118,0
23119,1
23120,1
23121,1
23122,1
23123,1
23124,1
23125,0
23126,0
23127,0
23128,0
23129,1
23130,0
23131,1
23132,0
23133,1
23134,0
23135,1
23136,0
23137,1
23138,1
23139,0
23140,0
23141,0
23142,0
23143,1
23144,0
23145,1
23146,0
23147,0
23148,0
23149,1
23150,1
23151,0
23152,1
23153,0
23154,0
23155,1
23156,1
23157,1
23158,1
23159,1
23160,1
23161,0
23162,0
23163,1
23164,1
23165,0
23166,1
23167,0
23168,0
23169,1
23170,1
23171,1
23172,1
23173,0
23174,1
23175,0
23176,1
23177,1
23178,0
23179,1
23180,1
23181,0
23182,0
23183,0
23184,0
23185,1
23186,1
23187,1
23188,1
23189,1
23190,1
23191,0
23192,1
23193,1
23194,1
23195,0
23196,0
23197,1
23198,1
23199,0
23200,1
23201,0
23202,0
23203,0
23204,0
23205,0
23206,0
23207,1
23208,1
23209,0
23210,0
23211,0
23212,1
23213,0
23214,1
23215,1
23216,0
23217,1
23218,1
23219,1
23220,0
23221,1
23222,1
23223,1
23224,0
23225,0
23226,0
23227,0
23228,1
23229,0
23230,1
23231,1
23232,0
23233,0
23234,1
23235,1
23236,1
23237,0
23238,1
23239,1
23240,1
23241,1
23242,0
23243,0
23244,0
23245,1
23246,0
23247,1
23248,0
23249,0
23250,0
23251,0
23252,0
23253,1
23254,1
23255,1
23256,0
23257,0
23258,1
23259,1
23260,0
23261,0
23262,1
23263,1
23264,0
23265,1
23266,1
23267,0
23268,1
23269,1
23270,1
23271,0
23272,1
23273,1
23274,1
23275,1
23276,1
23277,1
23278,0
23279,0
23280,0
23281,0
23282,1
23283,1
23284,1
23285,0
23286,0
23287,1
23288,1
23289,1
23290,0
23291,1
23292,1
23293,0
23294,0
23295,0
23296,0
23297,1
23298,1
23299,1
23300,1
23301,0
23302,0
23303,1
23304,1
23305,0
23306,1
23307,0
23308,1
23309,1
23310,0
23311,1
23312,0
23313,1
23314,0
23315,0
23316,0
23317,0
23318,0
23319,0
23320,1
23321,1
23322,0
23323,0
23324,0
23325,1
23326,0
23327,0
23328,0
23329,0
23330,0
23331,0
23332,1
23333,1
23334,1
23335,0
23336,0
23337,0
23338,1
23339,0
23340,1
23341,0
23342,0
23343,0
23344,1
23345,1
23346,0
23347,1
23348,1
23349,1
23350,0
23351,0
23352,1
23353,0
23354,1
23355,0
23356,0
23357,0
23358,0
23359,0
23360,0
23361,0
23362,0
23363,1
23364,1
23365,1
23366,1
23367,1
23368,1
23369,0
23370,1
23371,0
23372,1
23373,0
23374,0
23375,1
23376,1
23377,0
23378,0
23379,1
23380,0
23381,1
23382,0
23383,0
23384,1
23385,1
23386,0
23387,0
23388,1
23389,0
23390,1
23391,1
23392,0
23393,1
23394,1
23395,0
23396,0
23397,0
23398,1
23399,0
23400,1
23401,0
23402,0
23403,1
23404,0
23405,0
23406,1
23407,0
23408,1
23409,1
23410,0
23411,1
23412,1
23413,0
23414,0
23415,1
23416,1
23417,1
23418,1
23419,1
23420,0
23421,0
23422,0
23423,0
23424,0
23425,0
23426,1
23427,1
23428,1
23429,1
23430,1
23431,1
23432,0
23433,0
23434,1
23435,1
23436,1
23437,1
23438,0
23439,0
23440,1
23441,1
23442,0
23443,1
23444,1
23445,1
23446,0
23447,1
23448,0
23449,0
23450,1
23451,1
23452,0
23453,1
23454,1
23455,1
23456,1
23457,1
23458,0
23459,0
23460,1
23461,1
23462,1
23463,0
23464,0
23465,0
23466,0
23467,0
23468,1
23469,0
23470,1
23471,1
23472,1
23473,1
23474,1
23475,0
23476,1
23477,1
23478,0
23479,0
23480,0
23481,1
23482,0
23483,0
23484,0
23485,1
23486,0
23487,0
23488,0
23489,1
23490,0
23491,1
23492,0
23493,1
23494,0
23495,1
23496,1
23497,0
23498,0
23499,1
23500,1
23501,1
23502,0
23503,1
23504,0
23505,1
23506,0
23507,1
23508,0
23509,1
23510,0
23511,0
23512,0
23513,1
23514,1
23515,0
23516,1
23517,0
23518,0
23519,1
23520,1
23521,0
23522,1
23523,0
23524,1
23525,0
23526,0
23527,0
23528,1
23529,1
23530,0
23531,1
23532,0
23533,0
23534,0
23535,1
23536,0
23537,0
23538,1
23539,0
23540,1
23541,0
23542,0
23543,1
23544,1
23545,0
23546,0
23547,1
23548,0
23549,0
23550,0
23551,1
23552,1
23553,1
23554,0
23555,0
23556,0
23557,0
23558,1
23559,1
23560,0
23561,0
23562,0
23563,1
23564,1
23565,0
23566,1
23567,1
23568,0
23569,1
23570,0
23571,0
23572,1
23573,1
23574,1
23575,0
23576,0
23577,1
23578,0
23579,0
23580,0
23581,1
23582,1
23583,1
23584,0
23585,0
23586,0
23587,0
23588,0
23589,0
23590,1
23591,0
23592,0
23593,0
23594,0
23595,1
23596,1
23597,1
23598,0
23599,0
23600,1
23601,0
23602,0
23603,1
23604,0
23605,1
23606,0
23607,0
23608,1
23609,1
23610,0
23611,1
23612,1
23613,0
23614,1
23615,1
23616,1
23617,0
23618,0
23619,1
23620,0
23621,0
23622,0
23623,0
23624,0
23625,0
23626,0
23627,0
23628,1
23629,1
23630,0
23631,0
23632,1
23633,0
23634,0
23635,1
23636,1
23637,0
23638,0
23639,0
23640,1
23641,0
23642,0
23643,0
23644,0
23645,0
23646,1
23647,1
23648,1
23649,0
23650,0
23651,0
23652,1
23653,1
23654,1
23655,0
23656,0
23657,1
23658,0
23659,1
23660,0
23661,0
23662,1
23663,0
23664,0
23665,0
23666,1
23667,0
23668,0
23669,1
23670,0
23671,0
23672,1
23673,1
23674,1
23675,0
23676,1
23677,1
23678,1
23679,0
23680,0
23681,0
23682,1
23683,1
23684,1
23685,1
23686,1
23687,0
23688,1
23689,1
23690,0
23691,0
23692,1
23693,0
23694,1
23695,1
23696,1
23697,0
23698,0
23699,0
23700,1
23701,1
23702,0
23703,0
23704,1
23705,0
23706,0
23707,1
23708,1
23709,0
23710,0
23711,0
23712,1
23713,1
23714,1
23715,0
23716,1
23717,0
23718,0
23719,0
23720,1
23721,1
23722,1
23723,1
23724,1
23725,0
23726,1
23727,0
23728,0
23729,0
23730,1
23731,1
23732,0
23733,0
23734,1
23735,0
23736,0
23737,0
23738,1
23739,1
23740,0
23741,1
23742,0
23743,1
23744,1
23745,0
23746,1
23747,0
23748,1
23749,1
23750,1
23751,0
23752,0
23753,1
23754,1
23755,0
23756,0
23757,1
23758,0
23759,1
23760,0
23761,1
23762,1
23763,1
23764,0
23765,0
23766,0
23767,1
23768,0
23769,0
23770,1
23771,0
23772,1
23773,1
23774,0
23775,1
23776,1
23777,1
23778,1
23779,1
23780,1
23781,1
23782,1
23783,1
23784,1
23785,0
23786,1
23787,0
23788,1
23789,1
23790,1
23791,1
23792,1
23793,0
23794,0
23795,0
23796,1
23797,0
23798,1
23799,1
23800,1
23801,1
23802,1
23803,1
23804,0
23805,1
23806,1
23807,0
23808,1
23809,1
23810,0
23811,0
23812,1
23813,1
23814,1
23815,1
23816,0
23817,1
23818,0
23819,1
23820,0
23821,0
23822,1
23823,0
23824,0
23825,1
23826,0
23827,1
23828,0
23829,0
23830,0
23831,1
23832,1
23833,1
23834,1
23835,0
23836,0
23837,0
23838,1
23839,1
23840,1
23841,0
23842,1
23843,1
23844,0
23845,1
23846,1
23847,0
23848,1
23849,1
23850,1
23851,1
23852,1
23853,1
23854,0
23855,1
23856,0
23857,1
23858,1
23859,1
23860,1
23861,0
23862,1
23863,1
23864,0
23865,0
23866,1
23867,1
23868,0
23869,1
23870,1
23871,1
23872,1
23873,0
23874,1
23875,1
23876,1
23877,0
23878,0
23879,0
23880,0
23881,0
23882,1
23883,0
23884,1
23885,0
23886,1
23887,0
23888,0
23889,1
23890,0
23891,0
23892,1
23893,1
23894,1
23895,1
23896,1
23897,1
23898,1
23899,0
23900,0
23901,0
23902,1
23903,1
23904,0
23905,1
23906,0
23907,1
23908,0
23909,1
23910,0
23911,1
23912,0
23913,1
23914,0
23915,1
23916,1
23917,1
23918,1
23919,1
23920,0
23921,1
23922,1
23923,1
23924,1
23925,0
23926,1
23927,0
23928,0
23929,1
23930,0
23931,1
23932,0
23933,0
23934,0
23935,0
23936,1
23937,0
23938,0
23939,0
23940,1
23941,1
23942,0
23943,1
23944,0
23945,0
23946,1
23947,1
23948,0
23949,1
23950,0
23951,1
23952,1
23953,0
23954,0
23955,0
23956,1
23957,1
23958,1
23959,0
23960,0
23961,0
23962,1
23963,1
23964,1
23965,1
23966,0
23967,0
23968,1
23969,1
23970,0
23971,0
23972,0
23973,0
23974,0
23975,0
23976,0
23977,1
23978,0
23979,1
23980,0
23981,1
23982,0
23983,0
23984,0
23985,0
23986,1
23987,0
23988,1
23989,1
23990,1
23991,1
23992,0
23993,0
23994,1
23995,1
23996,1
23997,1
23998,0
23999,0
24000,1
24001,1
24002,1
24003,1
24004,0
24005,1
24006,0
24007,1
24008,0
24009,1
24010,1
24011,0
24012,0
24013,0
24014,0
24015,1
24016,1
24017,0
24018,1
24019,1
24020,0
24021,1
24022,1
24023,0
24024,1
24025,0
24026,0
24027,0
24028,0
24029,1
24030,1
24031,1
24032,1
24033,0
24034,1
24035,0
24036,0
24037,0
24038,1
24039,1
24040,0
24041,1
24042,0
24043,1
24044,1
24045,0
24046,1
24047,1
24048,1
24049,1
24050,0
24051,1
24052,0
24053,0
24054,0
24055,1
24056,0
24057,0
24058,0
24059,1
24060,1
24061,0
24062,1
24063,1
24064,0
24065,0
24066,0
24067,1
24068,0
24069,1
24070,1
24071,0
24072,1
24073,1
24074,1
24075,0
24076,0
24077,0
24078,0
24079,0
24080,0
24081,0
24082,0
24083,0
24084,1
24085,1
24086,0
24087,1
24088,1
24089,1
24090,0
24091,1
24092,0
24093,1
24094,0
24095,1
24096,0
24097,0
24098,0
24099,1
24100,1
24101,1
24102,1
24103,0
24104,0
24105,0
24106,1
24107,1
24108,0
24109,0
24110,1
24111,0
24112,0
24113,0
24114,1
24115,0
24116,0
24117,1
24118,1
24119,1
24120,1
24121,1
24122,0
24123,0
24124,1
24125,0
24126,1
24127,1
24128,0
24129,1
24130,0
24131,1
24132,1
24133,1
24134,1
24135,1
24136,0
24137,0
24138,0
24139,1
24140,1
24141,0
24142,0
24143,1
24144,0
24145,0
24146,0
24147,0
24148,0
24149,0
24150,0
24151,1
24152,0
24153,1
24154,1
24155,0
24156,0
24157,1
24158,0
24159,1
24160,0
24161,1
24162,0
24163,0
24164,0
24165,0
24166,1
24167,1
24168,1
24169,1
24170,0
24171,1
24172,0
24173,0
24174,0
24175,1
24176,0
24177,0
24178,1
24179,1
24180,1
24181,1
24182,1
24183,0
24184,0
24185,0
24186,1
24187,0
24188,0
24189,1
24190,0
24191,0
24192,1
24193,0
24194,1
24195,1
24196,0
24197,1
24198,1
24199,0
24200,1
24201,1
24202,0
24203,0
24204,1
24205,0
24206,1
24207,0
24208,1
24209,0
24210,0
24211,1
24212,1
24213,0
24214,0
24215,0
24216,1
24217,1
24218,0
24219,0
24220,1
24221,0
24222,1
24223,1
24224,0
24225,1
24226,1
24227,1
24228,1
24229,1
24230,1
24231,0
24232,0
24233,0
24234,0
24235,1
24236,0
24237,1
24238,1
24239,0
24240,0
24241,0
24242,0
24243,1
24244,1
24245,0
24246,0
24247,0
24248,0
24249,0
24250,0
24251,0
24252,1
24253,0
24254,1
24255,0
24256,0
24257,0
24258,1
24259,1
24260,0
24261,0
24262,1
24263,1
24264,0
24265,0
24266,1
24267,1
24268,0
24269,1
24270,0
24271,0
24272,1
24273,0
24274,0
24275,1
24276,1
24277,1
24278,0
24279,0
24280,0
24281,0
24282,0
24283,0
24284,0
24285,0
24286,1
24287,1
24288,1
24289,0
24290,1
24291,0
24292,1
24293,0
24294,1
24295,0
24296,0
24297,0
24298,1
24299,0
24300,1
24301,1
24302,1
24303,0
24304,0
24305,1
24306,0
24307,0
24308,1
24309,0
24310,0
24311,1
24312,0
24313,1
24314,1
24315,1
24316,0
24317,1
24318,0
24319,0
24320,1
24321,0
24322,1
24323,0
24324,0
24325,0
24326,0
24327,1
24328,0
24329,0
24330,1
24331,1
24332,1
24333,0
24334,0
24335,0
24336,0
24337,0
24338,0
24339,1
24340,0
24341,1
24342,0
24343,1
24344,0
24345,1
24346,1
24347,0
24348,0
24349,0
24350,0
24351,1
24352,1
24353,1
24354,1
24355,1
24356,0
24357,0
24358,1
24359,1
24360,0
24361,0
24362,0
24363,0
24364,1
24365,0
24366,1
24367,1
24368,1
24369,0
24370,0
24371,1
24372,1
24373,0
24374,1
24375,0
24376,1
24377,0
24378,0
24379,1
24380,1
24381,0
24382,0
24383,1
24384,1
24385,1
24386,0
24387,1
24388,1
24389,0
24390,1
24391,0
24392,1
24393,1
24394,0
24395,1
24396,1
24397,0
24398,0
24399,0
24400,0
24401,0
24402,1
24403,1
24404,0
24405,1
24406,0
24407,0
24408,0
24409,1
24410,0
24411,0
24412,0
24413,1
24414,0
24415,1
24416,1
24417,1
24418,0
24419,0
24420,0
24421,0
24422,0
24423,0
24424,0
24425,0
24426,0
24427,0
24428,0
24429,1
24430,0
24431,1
24432,0
24433,0
24434,0
24435,0
24436,1
24437,1
24438,1
24439,1
24440,1
24441,0
24442,1
24443,1
24444,1
24445,1
24446,0
24447,1
24448,0
24449,0
24450,1
24451,1
24452,1
24453,1
24454,1
24455,0
24456,1
24457,0
24458,0
24459,0
24460,0
24461,0
24462,0
24463,0
24464,0
24465,1
24466,1
24467,1
24468,1
24469,0
24470,1
24471,1
24472,0
24473,1
24474,0
24475,0
24476,1
24477,1
24478,1
24479,0
24480,0
24481,0
24482,0
24483,0
24484,0
24485,1
24486,0
24487,0
24488,1
24489,0
24490,1
24491,1
24492,1
24493,0
24494,1
24495,0
24496,1
24497,1
24498,0
24499,0
24500,1
24501,0
24502,0
24503,0
24504,1
24505,0
24506,1
24507,1
24508,1
24509,0
24510,0
24511,0
24512,1
24513,1
24514,0
24515,1
24516,1
24517,1
24518,1
24519,1
24520,0
24521,0
24522,1
24523,0
24524,0
24525,1
24526,0
24527,1
24528,0
24529,0
24530,0
24531,1
24532,0
24533,0
24534,1
24535,0
24536,0
24537,0
24538,0
24539,1
24540,0
24541,0
24542,1
24543,0
24544,0
24545,1
24546,1
24547,0
24548,0
24549,0
24550,1
24551,1
24552,0
24553,1
24554,1
24555,0
24556,0
24557,1
24558,1
24559,1
24560,1
24561,0
24562,0
24563,0
24564,0
24565,1
24566,0
24567,0
24568,1
24569,1
24570,0
24571,0
24572,0
24573,1
24574,0
24575,0
24576,0
24577,0
24578,1
24579,1
24580,0
24581,0
24582,1
24583,0
24584,1
24585,1
24586,1
24587,0
24588,1
24589,0
24590,1
24591,0
24592,1
24593,0
24594,0
24595,1
24596,1
24597,0
24598,0
24599,1
24600,0
24601,1
24602,0
24603,0
24604,0
24605,0
24606,1
24607,1
24608,0
24609,0
24610,0
24611,0
24612,1
24613,1
24614,0
24615,1
24616,1
24617,1
24618,0
24619,0
24620,0
24621,0
24622,1
24623,1
24624,1
24625,0
24626,0
24627,1
24628,0
24629,1
24630,1
24631,1
24632,0
24633,1
24634,1
24635,1
24636,0
24637,0
24638,1
24639,1
24640,1
24641,1
24642,1
24643,0
24644,1
24645,0
24646,0
24647,0
24648,1
24649,1
24650,0
24651,0
24652,1
24653,1
24654,0
24655,0
24656,0
24657,0
24658,1
24659,1
24660,1
24661,0
24662,0
24663,0
24664,0
24665,0
24666,1
24667,0
24668,0
24669,0
24670,1
24671,0
24672,0
24673,1
24674,1
24675,0
24676,1
24677,1
24678,0
24679,0
24680,0
24681,1
24682,1
24683,0
24684,0
24685,0
24686,0
24687,0
24688,1
24689,1
24690,0
24691,0
24692,0
24693,1
24694,1
24695,0
24696,0
24697,0
24698,0
24699,0
24700,0
24701,0
24702,0
24703,0
24704,0
24705,0
24706,0
24707,1
24708,0
24709,1
24710,1
24711,0
24712,1
24713,1
24714,0
24715,1
24716,0
24717,1
24718,1
24719,0
24720,1
24721,0
24722,0
24723,0
24724,1
24725,1
24726,1
24727,0
24728,1
24729,0
24730,0
24731,0
24732,1
24733,1
24734,1
24735,0
24736,1
24737,1
24738,0
24739,1
24740,1
24741,1
24742,1
24743,1
24744,0
24745,1
24746,1
24747,1
24748,0
24749,1
24750,0
24751,1
24752,1
24753,0
24754,0
24755,1
24756,0
24757,1
24758,0
24759,0
24760,0
24761,1
24762,0
24763,1
24764,0
24765,0
24766,1
24767,0
24768,1
24769,1
24770,0
24771,1
24772,1
24773,0
24774,1
24775,0
24776,0
24777,0
24778,1
24779,0
24780,0
24781,1
24782,1
24783,0
24784,0
24785,1
24786,0
24787,1
24788,1
24789,1
24790,0
24791,0
24792,0
24793,0
24794,1
24795,1
24796,1
24797,0
24798,0
24799,1
24800,0
24801,0
24802,0
24803,0
24804,0
24805,1
24806,1
24807,1
24808,1
24809,1
24810,1
24811,1
24812,1
24813,0
24814,1
24815,0
24816,0
24817,0
24818,1
24819,1
24820,1
24821,1
24822,1
24823,0
24824,1
24825,1
24826,1
24827,0
24828,1
24829,0
24830,1
24831,1
24832,0
24833,0
24834,1
24835,1
24836,1
24837,1
24838,0
24839,0
24840,1
24841,0
24842,0
24843,1
24844,1
24845,0
24846,1
24847,0
24848,0
24849,0
24850,1
24851,0
24852,1
24853,0
24854,1
24855,1
24856,1
24857,1
24858,0
24859,1
24860,0
24861,0
24862,0
24863,0
24864,1
24865,0
24866,1
24867,0
24868,0
24869,0
24870,0
24871,1
24872,0
24873,1
24874,1
24875,1
24876,1
24877,0
24878,1
24879,0
24880,1
24881,1
24882,0
24883,0
24884,1
24885,0
24886,0
24887,0
24888,0
24889,0
24890,1
24891,1
24892,1
24893,1
24894,0
24895,1
24896,0
24897,0
24898,0
24899,1
24900,1
24901,1
24902,1
24903,1
24904,0
24905,0
24906,0
24907,1
24908,0
24909,1
24910,1
24911,1
24912,0
24913,0
24914,0
24915,0
24916,1
24917,0
24918,1
24919,0
24920,0
24921,1
24922,1
24923,0
24924,0
24925,1
24926,1
24927,1
24928,0
24929,0
24930,1
24931,1
24932,1
24933,1
24934,1
24935,1
24936,0
24937,0
24938,1
24939,1
24940,0
24941,0
24942,0
24943,1
24944,1
24945,1
24946,0
24947,0
24948,0
24949,1
24950,0
24951,1
24952,0
24953,1
24954,1
24955,0
24956,0
24957,0
24958,1
24959,0
24960,0
24961,0
24962,1
24963,0
24964,1
24965,1
24966,1
24967,1
24968,0
24969,0
24970,1
24971,0
24972,0
24973,0
24974,0
24975,0
24976,0
24977,1
24978,0
24979,0
24980,1
24981,1
24982,0
24983,0
24984,1
24985,1
24986,1
24987,1
24988,0
24989,0
24990,0
24991,1
24992,1
24993,1
24994,0
24995,0
24996,0
24997,0
24998,1
24999,1
25000,1
25001,1
25002,0
25003,1
25004,1
25005,0
25006,0
25007,0
25008,0
25009,0
25010,0
25011,1
25012,1
25013,0
25014,0
25015,1
25016,1
25017,1
25018,0
25019,1
25020,0
25021,1
25022,1
25023,0
25024,0
25025,1
25026,0
25027,0
25028,1
25029,1
25030,0
25031,0
25032,1
25033,1
25034,0
25035,0
25036,1
25037,0
25038,0
25039,0
25040,1
25041,0
25042,1
25043,0
25044,0
25045,0
25046,0
25047,1
25048,0
25049,1
25050,1
25051,1
25052,1
25053,0
25054,1
25055,0
25056,0
25057,0
25058,0
25059,0
25060,0
25061,1
25062,1
25063,0
25064,1
25065,0
25066,0
25067,1
25068,1
25069,1
25070,0
25071,1
25072,0
25073,0
25074,1
25075,1
25076,1
25077,0
25078,1
25079,0
25080,1
25081,1
25082,0
25083,0
25084,1
25085,1
25086,0
25087,1
25088,0
25089,1
25090,1
25091,1
25092,0
25093,1
25094,0
25095,0
25096,0
25097,1
25098,0
25099,1
25100,0
25101,0
25102,1
25103,0
25104,0
25105,0
25106,1
25107,0
25108,0
25109,0
25110,0
25111,1
25112,1
25113,0
25114,1
25115,0
25116,0
25117,0
25118,1
25119,1
25120,0
25121,1
25122,0
25123,0
25124,1
25125,1
25126,0
25127,0
25128,0
25129,0
25130,0
25131,1
25132,0
25133,0
25134,1
25135,0
25136,1
25137,0
25138,0
25139,0
25140,0
25141,0
25142,1
25143,1
25144,1
25145,0
25146,0
25147,0
25148,1
25149,0
25150,1
25151,1
25152,1
25153,0
25154,0
25155,1
25156,1
25157,1
25158,1
25159,0
25160,1
25161,1
25162,0
25163,1
25164,1
25165,0
25166,1
25167,0
25168,0
25169,1
25170,0
25171,1
25172,1
25173,1
25174,0
25175,0
25176,0
25177,0
25178,0
25179,1
25180,1
25181,0
25182,0
25183,1
25184,0
25185,0
25186,0
25187,1
25188,0
25189,1
25190,0
25191,0
25192,1
25193,0
25194,0
25195,1
25196,0
25197,1
25198,1
25199,0
25200,1
25201,1
25202,1
25203,0
25204,1
25205,0
25206,0
25207,1
25208,1
25209,0
25210,1
25211,1
25212,0
25213,0
25214,1
25215,0
25216,0
25217,1
25218,1
25219,0
25220,0
25221,0
25222,1
25223,1
25224,1
25225,1
25226,0
25227,1
25228,1
25229,0
25230,1
25231,0
25232,0
25233,1
25234,1
25235,1
25236,1
25237,1
25238,0
25239,1
25240,1
25241,0
25242,1
25243,1
25244,0
25245,0
25246,1
25247,1
25248,1
25249,0
25250,0
25251,0
25252,1
25253,0
25254,0
25255,1
25256,0
25257,0
25258,1
25259,1
25260,0
25261,1
25262,0
25263,1
25264,1
25265,1
25266,1
25267,1
25268,0
25269,1
25270,1
25271,0
25272,0
25273,1
25274,0
25275,1
25276,1
25277,0
25278,1
25279,1
25280,1
25281,1
25282,0
25283,0
25284,1
25285,1
25286,0
25287,0
25288,0
25289,1
25290,1
25291,0
25292,0
25293,0
25294,1
25295,0
25296,0
25297,0
25298,1
25299,1
25300,0
25301,1
25302,0
25303,1
25304,1
25305,1
25306,1
25307,0
25308,1
25309,1
25310,0
25311,1
25312,0
25313,1
25314,0
25315,0
25316,0
25317,0
25318,1
25319,0
25320,1
25321,1
25322,1
25323,0
25324,1
25325,0
25326,1
25327,1
25328,1
25329,1
25330,1
25331,0
25332,0
25333,1
25334,0
25335,0
25336,1
25337,0
25338,0
25339,0
25340,1
25341,1
25342,0
25343,1
25344,0
25345,1
25346,1
25347,1
25348,0
25349,0
25350,0
25351,0
25352,0
25353,0
25354,1
25355,0
25356,1
25357,1
25358,0
25359,1
25360,1
25361,0
25362,0
25363,1
25364,1
25365,1
25366,0
25367,1
25368,0
25369,1
25370,0
25371,0
25372,1
25373,0
25374,1
25375,1
25376,1
25377,0
25378,1
25379,0
25380,1
25381,1
25382,1
25383,1
25384,0
25385,0
25386,0
25387,1
25388,1
25389,1
25390,1
25391,1
25392,0
25393,0
25394,1
25395,0
25396,0
25397,1
25398,1
25399,0
25400,1
25401,1
25402,0
25403,0
25404,0
25405,0
25406,1
25407,0
25408,0
25409,1
25410,1
25411,1
25412,0
25413,0
25414,1
25415,0
25416,1
25417,1
25418,1
25419,1
25420,1
25421,1
25422,1
25423,0
25424,1
25425,1
25426,0
25427,0
25428,0
25429,1
25430,1
25431,0
25432,0
25433,1
25434,0
25435,1
25436,1
25437,1
25438,0
25439,1
25440,1
25441,1
25442,1
25443,1
25444,1
25445,0
25446,0
25447,1
25448,1
25449,1
25450,0
25451,1
25452,1
25453,0
25454,1
25455,1
25456,0
25457,1
25458,0
25459,0
25460,1
25461,1
25462,1
25463,1
25464,1
25465,1
25466,1
25467,1
25468,1
25469,0
25470,0
25471,1
25472,1
25473,1
25474,0
25475,0
25476,0
25477,0
25478,1
25479,0
25480,1
25481,1
25482,0
25483,0
25484,1
25485,1
25486,1
25487,1
25488,0
25489,1
25490,1
25491,1
25492,0
25493,0
25494,0
25495,1
25496,0
25497,0
25498,1
25499,1
25500,0
25501,1
25502,0
25503,1
25504,0
25505,0
25506,1
25507,1
25508,1
25509,1
25510,0
25511,0
25512,0
25513,0
25514,1
25515,1
25516,0
25517,0
25518,1
25519,1
25520,0
25521,0
25522,0
25523,0
25524,1
25525,0
25526,1
25527,1
25528,1
25529,1
25530,0
25531,1
25532,1
25533,0
25534,0
25535,1
25536,0
25537,0
25538,1
25539,1
25540,1
25541,0
25542,0
25543,1
25544,0
25545,1
25546,0
25547,1
25548,1
25549,0
25550,0
25551,1
25552,1
25553,0
25554,1
25555,1
25556,0
25557,1
25558,0
25559,1
25560,1
25561,0
25562,1
25563,1
25564,0
25565,1
25566,0
25567,0
25568,1
25569,0
25570,0
25571,1
25572,0
25573,0
25574,0
25575,1
25576,0
25577,0
25578,0
25579,1
25580,1
25581,1
25582,0
25583,1
25584,1
25585,1
25586,1
25587,0
25588,0
25589,0
25590,0
25591,1
25592,0
25593,0
25594,0
25595,0
25596,0
25597,1
25598,0
25599,0
25600,0
25601,0
25602,0
25603,1
25604,0
25605,0
25606,0
25607,1
25608,1
25609,0
25610,1
25611,0
25612,0
25613,0
25614,1
25615,1
25616,0
25617,1
25618,0
25619,0
25620,0
25621,0
25622,0
25623,1
25624,1
25625,0
25626,1
25627,0
25628,1
25629,1
25630,0
25631,0
25632,0
25633,0
25634,0
25635,0
25636,1
25637,1
25638,1
25639,1
25640,0
25641,1
25642,1
25643,0
25644,1
25645,0
25646,1
25647,0
25648,1
25649,0
25650,1
25651,0
25652,1
25653,1
25654,1
25655,0
25656,1
25657,1
25658,0
25659,1
25660,0
25661,1
25662,1
25663,0
25664,0
25665,1
25666,1
25667,1
25668,1
25669,0
25670,1
25671,0
25672,0
25673,1
25674,1
25675,1
25676,1
25677,0
25678,0
25679,0
25680,0
25681,0
25682,1
25683,0
25684,1
25685,1
25686,0
25687,1
25688,0
25689,0
25690,1
25691,0
25692,1
25693,1
25694,0
25695,1
25696,1
25697,0
25698,1
25699,1
25700,1
25701,1
25702,1
25703,0
25704,0
25705,1
25706,0
25707,1
25708,0
25709,1
25710,1
25711,1
25712,1
25713,0
25714,1
25715,1
25716,1
25717,1
25718,0
25719,0
25720,1
25721,0
25722,1
25723,1
25724,1
25725,1
25726,0
25727,0
25728,1
25729,0
25730,1
25731,0
25732,0
25733,0
25734,0
25735,0
25736,1
25737,0
25738,0
25739,0
25740,1
25741,0
25742,1
25743,0
25744,0
25745,1
25746,1
25747,0
25748,0
25749,1
25750,1
25751,1
25752,0
25753,1
25754,0
25755,1
25756,1
25757,0
25758,0
25759,1
25760,0
25761,1
25762,0
25763,1
25764,1
25765,0
25766,0
25767,1
25768,0
25769,0
25770,1
25771,1
25772,0
25773,1
25774,1
25775,0
25776,1
25777,0
25778,0
25779,0
25780,0
25781,0
25782,1
25783,1
25784,1
25785,0
25786,1
25787,0
25788,0
25789,1
25790,0
25791,1
25792,0
25793,0
25794,1
25795,1
25796,1
25797,1
25798,1
25799,1
25800,1
25801,0
25802,1
25803,1
25804,1
25805,0
25806,0
25807,0
25808,0
25809,1
25810,0
25811,0
25812,1
25813,0
25814,1
25815,0
25816,0
25817,0
25818,1
25819,1
25820,0
25821,0
25822,0
25823,1
25824,1
25825,0
25826,0
25827,0
25828,1
25829,1
25830,1
25831,1
25832,0
25833,1
25834,1
25835,1
25836,0
25837,0
25838,0
25839,1
25840,1
25841,0
25842,0
25843,1
25844,0
25845,1
25846,0
25847,0
25848,0
25849,1
25850,0
25851,0
25852,1
25853,0
25854,0
25855,1
25856,0
25857,1
25858,1
25859,0
25860,1
25861,1
25862,0
25863,1
25864,1
25865,1
25866,1
25867,1
25868,0
25869,1
25870,0
25871,1
25872,1
25873,1
25874,0
25875,0
25876,1
25877,1
25878,1
25879,1
25880,0
25881,0
25882,1
25883,0
25884,1
25885,1
25886,0
25887,0
25888,1
25889,1
25890,0
25891,1
25892,1
25893,1
25894,1
25895,0
25896,1
25897,1
25898,1
25899,1
25900,1
25901,1
25902,1
25903,1
25904,1
25905,1
25906,0
25907,1
25908,0
25909,1
25910,1
25911,1
25912,1
25913,0
25914,0
25915,0
25916,0
25917,1
25918,0
25919,0
25920,1
25921,1
25922,0
25923,1
25924,1
25925,0
25926,1
25927,1
25928,1
25929,1
25930,1
25931,0
25932,0
25933,1
25934,0
25935,1
25936,0
25937,0
25938,1
25939,0
25940,1
25941,0
25942,1
25943,0
25944,1
25945,1
25946,1
25947,1
25948,1
25949,1
25950,1
25951,1
25952,1
25953,0
25954,0
25955,1
25956,1
25957,1
25958,0
25959,1
25960,0
25961,0
25962,0
25963,1
25964,0
25965,1
25966,1
25967,0
25968,1
25969,1
25970,1
25971,0
25972,1
25973,0
25974,0
25975,1
25976,1
25977,1
25978,1
25979,1
25980,1
25981,0
25982,1
25983,1
25984,0
25985,0
25986,0
25987,0
25988,0
25989,1
25990,1
25991,1
25992,0
25993,0
25994,1
25995,1
25996,1
25997,0
25998,1
25999,1
26000,1
26001,0
26002,1
26003,1
26004,1
26005,0
26006,1
26007,1
26008,1
26009,1
26010,0
26011,1
26012,1
26013,1
26014,1
26015,0
26016,1
26017,1
26018,1
26019,0
26020,0
26021,1
26022,1
26023,0
26024,0
26025,0
26026,0
26027,0
26028,1
26029,1
26030,0
26031,1
26032,1
26033,0
26034,1
26035,1
26036,0
26037,0
26038,0
26039,0
26040,1
26041,1
26042,1
26043,0
26044,0
26045,0
26046,1
26047,0
26048,1
26049,0
26050,0
26051,1
26052,0
26053,1
26054,0
26055,1
26056,1
26057,0
26058,1
26059,0
26060,0
26061,1
26062,0
26063,1
26064,1
26065,0
26066,0
26067,0
26068,0
26069,1
26070,1
26071,0
26072,1
26073,1
26074,0
26075,0
26076,1
26077,0
26078,1
26079,0
26080,0
26081,0
26082,1
26083,1
26084,0
26085,0
26086,0
26087,1
26088,0
26089,1
26090,0
26091,1
26092,0
26093,1
26094,0
26095,0
26096,0
26097,0
26098,0
26099,1
26100,0
26101,0
26102,1
26103,1
26104,1
26105,1
26106,0
26107,1
26108,1
26109,0
26110,0
26111,1
26112,1
26113,0
26114,0
26115,0
26116,1
26117,1
26118,0
26119,0
26120,1
26121,0
26122,0
26123,1
26124,0
26125,1
26126,0
26127,0
26128,0
26129,0
26130,1
26131,0
26132,0
26133,1
26134,1
26135,1
26136,1
26137,1
26138,0
26139,1
26140,1
26141,0
26142,1
26143,0
26144,1
26145,1
26146,1
26147,1
26148,1
26149,1
26150,0
26151,1
26152,1
26153,1
26154,0
26155,0
26156,1
26157,1
26158,1
26159,1
26160,0
26161,0
26162,1
26163,1
26164,0
26165,0
26166,1
26167,1
26168,1
26169,0
26170,0
26171,0
26172,1
26173,1
26174,0
26175,0
26176,0
26177,1
26178,1
26179,0
26180,0
26181,0
26182,0
26183,1
26184,0
26185,1
26186,1
26187,0
26188,0
26189,0
26190,1
26191,1
26192,0
26193,0
26194,0
26195,1
26196,0
26197,0
26198,0
26199,0
26200,0
26201,0
26202,0
26203,0
26204,1
26205,1
26206,0
26207,0
26208,1
26209,0
26210,0
26211,1
26212,1
26213,1
26214,1
26215,0
26216,0
26217,0
26218,1
26219,0
26220,0
26221,1
26222,0
26223,0
26224,1
26225,1
26226,1
26227,1
26228,1
26229,1
26230,0
26231,1
26232,1
26233,1
26234,0
26235,0
26236,0
26237,1
26238,1
26239,1
26240,1
26241,1
26242,0
26243,0
26244,1
26245,1
26246,0
26247,1
26248,0
26249,0
26250,1
26251,1
26252,1
26253,0
26254,1
26255,0
26256,1
26257,1
26258,0
26259,1
26260,0
26261,0
26262,1
26263,0
26264,1
26265,0
26266,0
26267,0
26268,1
26269,0
26270,0
26271,1
26272,0
26273,0
26274,1
26275,1
26276,0
26277,0
26278,1
26279,1
26280,1
26281,1
26282,1
26283,1
26284,1
26285,0
26286,0
26287,1
26288,0
26289,1
26290,0
26291,1
26292,0
26293,1
26294,0
26295,0
26296,0
26297,1
26298,0
26299,1
26300,1
26301,0
26302,1
26303,0
26304,1
26305,1
26306,0
26307,0
26308,0
26309,0
26310,1
26311,0
26312,1
26313,1
26314,0
26315,0
26316,1
26317,1
26318,1
26319,0
26320,1
26321,1
26322,1
26323,1
26324,1
26325,0
26326,0
26327,1
26328,1
26329,1
26330,0
26331,0
26332,1
26333,0
26334,1
26335,0
26336,0
26337,0
26338,0
26339,0
26340,1
26341,0
26342,0
26343,1
26344,0
26345,0
26346,1
26347,0
26348,1
26349,1
26350,0
26351,1
26352,0
26353,1
26354,1
26355,1
26356,0
26357,0
26358,0
26359,0
26360,1
26361,1
26362,0
26363,1
26364,0
26365,1
26366,0
26367,1
26368,0
26369,0
26370,1
26371,0
26372,1
26373,1
26374,0
26375,0
26376,0
26377,0
26378,0
26379,0
26380,0
26381,1
26382,0
26383,1
26384,1
26385,0
26386,0
26387,0
26388,0
26389,1
26390,0
26391,0
26392,1
26393,1
26394,0
26395,1
26396,0
26397,0
26398,0
26399,0
26400,0
26401,0
26402,1
26403,1
26404,1
26405,0
26406,0
26407,0
26408,1
26409,1
26410,0
26411,1
26412,1
26413,1
26414,0
26415,1
26416,1
26417,1
26418,0
26419,0
26420,0
26421,0
26422,0
26423,0
26424,1
26425,0
26426,0
26427,0
26428,0
26429,0
26430,1
26431,1
26432,1
26433,1
26434,0
26435,1
26436,0
26437,0
26438,0
26439,0
26440,1
26441,1
26442,0
26443,1
26444,1
26445,1
26446,1
26447,1
26448,1
26449,1
26450,1
26451,1
26452,0
26453,1
26454,0
26455,0
26456,0
26457,0
26458,0
26459,0
26460,1
26461,1
26462,0
26463,1
26464,1
26465,1
26466,0
26467,1
26468,0
26469,1
26470,0
26471,1
26472,1
26473,0
26474,1
26475,0
26476,1
26477,0
26478,0
26479,1
26480,0
26481,1
26482,0
26483,1
26484,0
26485,1
26486,0
26487,1
26488,1
26489,0
26490,1
26491,1
26492,1
26493,0
26494,1
26495,0
26496,1
26497,0
26498,1
26499,1
26500,0
26501,0
26502,1
26503,1
26504,1
26505,1
26506,1
26507,1
26508,1
26509,1
26510,1
26511,1
26512,0
26513,0
26514,0
26515,1
26516,0
26517,0
26518,0
26519,0
26520,1
26521,1
26522,1
26523,1
26524,0
26525,0
26526,0
26527,0
26528,1
26529,1
26530,1
26531,1
26532,1
26533,0
26534,0
26535,1
26536,1
26537,0
26538,1
26539,1
26540,1
26541,0
26542,1
26543,0
26544,0
26545,0
26546,1
26547,0
26548,0
26549,0
26550,1
26551,1
26552,1
26553,0
26554,1
26555,0
26556,0
26557,0
26558,0
26559,1
26560,1
26561,0
26562,0
26563,0
26564,0
26565,0
26566,1
26567,0
26568,1
26569,1
26570,0
26571,1
26572,1
26573,0
26574,1
26575,1
26576,0
26577,0
26578,0
26579,1
26580,0
26581,0
26582,1
26583,0
26584,1
26585,0
26586,0
26587,1
26588,0
26589,0
26590,1
26591,1
26592,0
26593,0
26594,0
26595,0
26596,1
26597,1
26598,0
26599,0
26600,1
26601,0
26602,1
26603,0
26604,1
26605,0
26606,1
26607,0
26608,1
26609,0
26610,1
26611,1
26612,0
26613,1
26614,1
26615,0
26616,0
26617,0
26618,0
26619,1
26620,1
26621,1
26622,0
26623,0
26624,1
26625,1
26626,0
26627,0
26628,1
26629,0
26630,0
26631,1
26632,1
26633,0
26634,1
26635,1
26636,1
26637,1
26638,1
26639,1
26640,1
26641,0
26642,1
26643,1
26644,1
26645,0
26646,0
26647,0
26648,1
26649,0
26650,0
26651,0
26652,1
26653,0
26654,0
26655,0
26656,1
26657,0
26658,1
26659,0
26660,0
26661,1
26662,0
26663,1
26664,0
26665,1
26666,0
26667,1
26668,1
26669,0
26670,0
26671,0
26672,0
26673,1
26674,0
26675,0
26676,0
26677,1
26678,0
26679,0
26680,0
26681,1
26682,0
26683,1
26684,1
26685,1
26686,0
26687,1
26688,0
26689,1
26690,1
26691,0
26692,1
26693,0
26694,0
26695,1
26696,1
26697,0
26698,0
26699,1
26700,1
26701,0
26702,0
26703,1
26704,0
26705,0
26706,1
26707,1
26708,0
26709,0
26710,1
26711,0
26712,0
26713,0
26714,1
26715,1
26716,1
26717,1
26718,0
26719,0
26720,1
26721,1
26722,1
26723,0
26724,0
26725,1
26726,1
26727,0
26728,1
26729,0
26730,0
26731,0
26732,1
26733,0
26734,1
26735,1
26736,0
26737,1
26738,0
26739,0
26740,1
26741,0
26742,0
26743,0
26744,0
26745,0
26746,0
26747,0
26748,1
26749,0
26750,1
26751,0
26752,0
26753,1
26754,0
26755,0
26756,0
26757,0
26758,1
26759,0
26760,1
26761,1
26762,1
26763,1
26764,1
26765,0
26766,0
26767,1
26768,1
26769,1
26770,1
26771,0
26772,1
26773,0
26774,0
26775,0
26776,0
26777,0
26778,1
26779,1
26780,1
26781,0
26782,1
26783,1
26784,1
26785,1
26786,1
26787,1
26788,0
26789,1
26790,1
26791,0
26792,1
26793,0
26794,1
26795,1
26796,1
26797,1
26798,0
26799,1
26800,1
26801,0
26802,0
26803,1
26804,0
26805,0
26806,1
26807,0
26808,1
26809,1
26810,1
26811,1
26812,1
26813,0
26814,1
26815,0
26816,1
26817,1
26818,0
26819,1
26820,1
26821,0
26822,0
26823,0
26824,1
26825,1
26826,1
26827,0
26828,1
26829,0
26830,1
26831,0
26832,1
26833,1
26834,0
26835,1
26836,1
26837,1
26838,1
26839,1
26840,1
26841,1
26842,0
26843,1
26844,0
26845,1
26846,1
26847,1
26848,0
26849,0
26850,0
26851,0
26852,0
26853,1
26854,0
26855,1
26856,0
26857,1
26858,1
26859,1
26860,0
26861,0
26862,0
26863,0
26864,1
26865,1
26866,1
26867,1
26868,1
26869,0
26870,0
26871,1
26872,0
26873,0
26874,1
26875,0
26876,0
26877,1
26878,0
26879,0
26880,0
26881,0
26882,1
26883,1
26884,1
26885,0
26886,1
26887,1
26888,1
26889,0
26890,1
26891,1
26892,1
26893,0
26894,0
26895,1
26896,1
26897,0
26898,0
26899,0
26900,1
26901,0
26902,0
26903,1
26904,0
26905,1
26906,1
26907,0
26908,1
26909,1
26910,0
26911,1
26912,1
26913,0
26914,0
26915,1
26916,1
26917,0
26918,0
26919,1
26920,0
26921,1
26922,1
26923,1
26924,1
26925,0
26926,0
26927,1
26928,1
26929,1
26930,1
26931,1
26932,1
26933,1
26934,1
26935,0
26936,1
26937,1
26938,0
26939,1
26940,1
26941,1
26942,1
26943,1
26944,0
26945,0
26946,1
26947,1
26948,0
26949,1
26950,1
26951,0
26952,1
26953,1
26954,1
26955,1
26956,0
26957,0
26958,1
26959,0
26960,1
26961,1
26962,1
26963,1
26964,1
26965,1
26966,1
26967,0
26968,1
26969,1
26970,0
26971,0
26972,0
26973,0
26974,0
26975,1
26976,1
26977,0
26978,0
26979,0
26980,1
26981,0
26982,1
26983,1
26984,1
26985,0
26986,0
26987,1
26988,1
26989,1
26990,1
26991,0
26992,0
26993,1
26994,1
26995,1
26996,0
26997,1
26998,0
26999,1
27000,1
27001,1
27002,0
27003,0
27004,1
27005,1
27006,0
27007,1
27008,1
27009,0
27010,1
27011,1
27012,0
27013,0
27014,0
27015,1
27016,1
27017,1
27018,1
27019,1
27020,0
27021,0
27022,0
27023,1
27024,1
27025,1
27026,0
27027,0
27028,1
27029,0
27030,1
27031,1
27032,0
27033,0
27034,0
27035,0
27036,0
27037,1
27038,0
27039,0
27040,1
27041,1
27042,1
27043,0
27044,0
27045,1
27046,0
27047,0
27048,1
27049,1
27050,1
27051,1
27052,1
27053,1
27054,1
27055,1
27056,1
27057,0
27058,0
27059,1
27060,0
27061,0
27062,0
27063,1
27064,1
27065,1
27066,1
27067,0
27068,0
27069,1
27070,0
27071,0
27072,0
27073,0
27074,0
27075,0
27076,0
27077,1
27078,1
27079,1
27080,0
27081,1
27082,0
27083,0
27084,0
27085,0
27086,0
27087,0
27088,1
27089,1
27090,1
27091,0
27092,1
27093,0
27094,0
27095,0
27096,1
27097,1
27098,1
27099,1
27100,0
27101,0
27102,0
27103,0
27104,1
27105,0
27106,0
27107,1
27108,0
27109,0
27110,1
27111,0
27112,1
27113,1
27114,1
27115,0
27116,1
27117,1
27118,0
27119,0
27120,0
27121,0
27122,0
27123,0
27124,0
27125,1
27126,1
27127,0
27128,0
27129,1
27130,1
27131,1
27132,1
27133,1
27134,0
27135,0
27136,1
27137,0
27138,0
27139,1
27140,1
27141,1
27142,0
27143,1
27144,1
27145,1
27146,0
27147,0
27148,1
27149,1
27150,0
27151,0
27152,0
27153,1
27154,0
27155,1
27156,1
27157,1
27158,0
27159,0
27160,0
27161,0
27162,1
27163,1
27164,0
27165,0
27166,1
27167,1
27168,1
27169,1
27170,1
27171,0
27172,1
27173,0
27174,1
27175,1
27176,0
27177,0
27178,1
27179,0
27180,0
27181,1
27182,1
27183,1
27184,0
27185,1
27186,1
27187,0
27188,1
27189,1
27190,0
27191,0
27192,0
27193,1
27194,1
27195,0
27196,0
27197,0
27198,0
27199,1
27200,1
27201,1
27202,1
27203,1
27204,0
27205,1
27206,0
27207,1
27208,1
27209,0
27210,0
27211,0
27212,0
27213,0
27214,0
27215,1
27216,1
27217,0
27218,0
27219,1
27220,1
27221,1
27222,1
27223,0
27224,1
27225,1
27226,1
27227,0
27228,1
27229,0
27230,1
27231,1
27232,1
27233,1
27234,1
27235,1
27236,0
27237,1
27238,0
27239,1
27240,0
27241,0
27242,1
27243,0
27244,1
27245,1
27246,1
27247,1
27248,1
27249,1
27250,1
27251,1
27252,0
27253,1
27254,1
27255,0
27256,0
27257,1
27258,0
27259,0
27260,1
27261,0
27262,1
27263,0
27264,0
27265,1
27266,1
27267,1
27268,0
27269,1
27270,1
27271,0
27272,0
27273,0
27274,0
27275,1
27276,1
27277,1
27278,1
27279,1
27280,1
27281,0
27282,1
27283,0
27284,1
27285,1
27286,1
27287,0
27288,0
27289,1
27290,1
27291,0
27292,0
27293,0
27294,1
27295,0
27296,1
27297,0
27298,1
27299,0
27300,1
27301,0
27302,1
27303,0
27304,1
27305,0
27306,0
27307,0
27308,1
27309,1
27310,0
27311,0
27312,0
27313,1
27314,0
27315,0
27316,1
27317,0
27318,1
27319,0
27320,0
27321,1
27322,1
27323,1
27324,1
27325,1
27326,0
27327,0
27328,0
27329,1
27330,0
27331,1
27332,1
27333,0
27334,0
27335,1
27336,0
27337,0
27338,0
27339,1
27340,0
27341,1
27342,1
27343,0
27344,1
27345,0
27346,0
27347,0
27348,1
27349,1
27350,1
27351,1
27352,1
27353,1
27354,1
27355,1
27356,0
27357,1
27358,0
27359,0
27360,0
27361,1
27362,1
27363,0
27364,0
27365,1
27366,0
27367,0
27368,1
27369,1
27370,1
27371,0
27372,1
27373,1
27374,0
27375,0
27376,1
27377,0
27378,0
27379,1
27380,1
27381,0
27382,0
27383,0
27384,0
27385,1
27386,1
27387,1
27388,0
27389,1
27390,0
27391,1
27392,1
27393,0
27394,0
27395,0
27396,1
27397,1
27398,0
27399,0
27400,0
27401,0
27402,1
27403,1
27404,0
27405,1
27406,1
27407,1
27408,1
27409,0
27410,0
27411,0
27412,0
27413,0
27414,0
27415,1
27416,1
27417,0
27418,0
27419,1
27420,1
27421,0
27422,1
27423,1
27424,1
27425,1
27426,1
27427,0
27428,0
27429,1
27430,1
27431,0
27432,1
27433,0
27434,0
27435,1
27436,0
27437,0
27438,1
27439,0
27440,0
27441,0
27442,1
27443,0
27444,1
27445,0
27446,1
27447,0
27448,1
27449,0
27450,0
27451,0
27452,0
27453,1
27454,0
27455,1
27456,0
27457,0
27458,1
27459,1
27460,0
27461,1
27462,1
27463,1
27464,0
27465,1
27466,1
27467,0
27468,0
27469,0
27470,0
27471,1
27472,1
27473,1
27474,0
27475,0
27476,1
27477,1
27478,1
27479,0
27480,0
27481,0
27482,1
27483,0
27484,0
27485,1
27486,0
27487,1
27488,0
27489,0
27490,1
27491,0
27492,1
27493,0
27494,0
27495,1
27496,0
27497,0
27498,0
27499,1
27500,1
27501,0
27502,1
27503,1
27504,0
27505,1
27506,0
27507,1
27508,1
27509,1
27510,0
27511,0
27512,0
27513,1
27514,1
27515,0
27516,0
27517,1
27518,1
27519,1
27520,1
27521,1
27522,1
27523,0
27524,1
27525,1
27526,0
27527,0
27528,1
27529,0
27530,1
27531,0
27532,1
27533,0
27534,0
27535,0
27536,1
27537,0
27538,1
27539,1
27540,1
27541,0
27542,0
27543,1
27544,0
27545,1
27546,0
27547,1
27548,1
27549,0
27550,1
27551,0
27552,1
27553,0
27554,0
27555,1
27556,0
27557,0
27558,0
27559,0
27560,1
27561,1
27562,1
27563,0
27564,0
27565,1
27566,0
27567,1
27568,1
27569,1
27570,1
27571,1
27572,0
27573,1
27574,1
27575,0
27576,0
27577,1
27578,1
27579,0
27580,1
27581,0
27582,1
27583,0
27584,1
27585,0
27586,1
27587,0
27588,0
27589,0
27590,1
27591,1
27592,1
27593,0
27594,1
27595,0
27596,1
27597,0
27598,0
27599,1
27600,1
27601,1
27602,0
27603,1
27604,0
27605,0
27606,0
27607,0
27608,1
27609,0
27610,0
27611,0
27612,1
27613,0
27614,0
27615,0
27616,1
27617,0
27618,1
27619,0
27620,0
27621,1
27622,1
27623,1
27624,0
27625,0
27626,1
27627,1
27628,0
27629,0
27630,0
27631,1
27632,0
27633,1
27634,0
27635,0
27636,1
27637,0
27638,1
27639,0
27640,1
27641,1
27642,0
27643,0
27644,1
27645,1
27646,0
27647,1
27648,0
27649,1
27650,1
27651,0
27652,1
27653,1
27654,1
27655,0
27656,0
27657,0
27658,1
27659,1
27660,0
27661,1
27662,0
27663,1
27664,0
27665,0
27666,0
27667,0
27668,1
27669,1
27670,0
27671,1
27672,1
27673,0
27674,0
27675,0
27676,1
27677,1
27678,1
27679,1
27680,0
27681,1
27682,0
27683,1
27684,0
27685,0
27686,1
27687,0
27688,1
27689,1
27690,1
27691,0
27692,0
27693,0
27694,0
27695,0
27696,1
27697,1
27698,1
27699,0
27700,1
27701,1
27702,0
27703,1
27704,0
27705,1
27706,1
27707,1
27708,0
27709,1
27710,0
27711,0
27712,1
27713,1
27714,1
27715,1
27716,0
27717,1
27718,1
27719,0
27720,0
27721,0
27722,1
27723,1
27724,0
27725,1
27726,1
27727,1
27728,1
27729,0
27730,0
27731,1
27732,0
27733,1
27734,0
27735,0
27736,0
27737,1
27738,0
27739,1
27740,0
27741,1
27742,0
27743,0
27744,1
27745,0
27746,0
27747,1
27748,0
27749,0
27750,0
27751,0
27752,0
27753,0
27754,1
27755,0
27756,0
27757,0
27758,1
27759,0
27760,0
27761,1
27762,0
27763,0
27764,0
27765,1
27766,0
27767,1
27768,1
27769,1
27770,1
27771,0
27772,1
27773,0
27774,1
27775,1
27776,0
27777,1
27778,0
27779,0
27780,1
27781,1
27782,1
27783,1
27784,1
27785,0
27786,1
27787,0
27788,0
27789,1
27790,0
27791,0
27792,1
27793,1
27794,1
27795,0
27796,1
27797,0
27798,1
27799,1
27800,0
27801,1
27802,0
27803,0
27804,1
27805,0
27806,1
27807,0
27808,1
27809,0
27810,0
27811,1
27812,1
27813,0
27814,1
27815,0
27816,0
27817,1
27818,1
27819,0
27820,1
27821,0
27822,0
27823,0
27824,0
27825,1
27826,0
27827,0
27828,1
27829,1
27830,0
27831,1
27832,0
27833,0
27834,0
27835,0
27836,1
27837,0
27838,1
27839,0
27840,0
27841,1
27842,1
27843,0
27844,0
27845,0
27846,1
27847,1
27848,1
27849,0
27850,0
27851,0
27852,1
27853,0
27854,1
27855,0
27856,1
27857,0
27858,0
27859,0
27860,0
27861,1
27862,0
27863,1
27864,1
27865,0
27866,1
27867,1
27868,0
27869,0
27870,1
27871,0
27872,0
27873,0
27874,0
27875,1
27876,0
27877,0
27878,1
27879,0
27880,0
27881,1
27882,1
27883,0
27884,0
27885,0
27886,0
27887,1
27888,0
27889,1
27890,0
27891,1
27892,0
27893,1
27894,0
27895,1
27896,1
27897,0
27898,1
27899,1
27900,0
27901,0
27902,0
27903,0
27904,1
27905,0
27906,0
27907,0
27908,1
27909,1
27910,0
27911,0
27912,1
27913,0
27914,0
27915,1
27916,0
27917,1
27918,0
27919,1
27920,1
27921,1
27922,1
27923,1
27924,1
27925,0
27926,1
27927,1
27928,0
27929,0
27930,0
27931,1
27932,0
27933,0
27934,1
27935,0
27936,0
27937,0
27938,1
27939,0
27940,0
27941,0
27942,0
27943,0
27944,0
27945,1
27946,0
27947,0
27948,0
27949,0
27950,0
27951,0
27952,1
27953,1
27954,0
27955,0
27956,0
27957,1
27958,1
27959,0
27960,1
27961,1
27962,0
27963,1
27964,1
27965,1
27966,1
27967,0
27968,0
27969,1
27970,0
27971,0
27972,1
27973,1
27974,1
27975,0
27976,1
27977,0
27978,0
27979,1
27980,0
27981,1
27982,1
27983,0
27984,1
27985,0
27986,0
27987,0
27988,1
27989,1
27990,0
27991,1
27992,0
27993,1
27994,1
27995,0
27996,0
27997,0
27998,1
27999,0
28000,1
28001,0
28002,1
28003,0
28004,1
28005,1
28006,0
28007,0
28008,0
28009,1
28010,1
28011,0
28012,1
28013,0
28014,0
28015,1
28016,0
28017,1
28018,1
28019,0
28020,0
28021,1
28022,0
28023,0
28024,1
28025,1
28026,0
28027,0
28028,1
28029,0
28030,0
28031,0
28032,1
28033,1
28034,1
28035,1
28036,0
28037,1
28038,1
28039,0
28040,0
28041,0
28042,0
28043,1
28044,1
28045,0
28046,0
28047,0
28048,1
28049,0
28050,1
28051,1
28052,1
28053,0
28054,1
28055,1
28056,0
28057,0
28058,1
28059,1
28060,1
28061,0
28062,0
28063,0
28064,0
28065,0
28066,1
28067,1
28068,0
28069,0
28070,1
28071,0
28072,0
28073,1
28074,1
28075,0
28076,0
28077,0
28078,0
28079,1
28080,1
28081,1
28082,1
28083,1
28084,0
28085,0
28086,1
28087,0
28088,1
28089,1
28090,1
28091,1
28092,0
28093,1
28094,0
28095,1
28096,1
28097,1
28098,1
28099,0
28100,0
28101,0
28102,1
28103,1
28104,0
28105,1
28106,1
28107,0
28108,1
28109,1
28110,0
28111,0
28112,1
28113,1
28114,0
28115,1
28116,0
28117,1
28118,1
28119,0
28120,0
28121,0
28122,0
28123,1
28124,0
28125,0
28126,1
28127,0
28128,1
28129,0
28130,0
28131,0
28132,1
28133,1
28134,0
28135,0
28136,0
28137,1
28138,0
28139,0
28140,0
28141,0
28142,1
28143,0
28144,1
28145,1
28146,1
28147,0
28148,0
28149,1
28150,1
28151,0
28152,0
28153,0
28154,1
28155,0
28156,1
28157,0
28158,0
28159,1
28160,1
28161,0
28162,1
28163,0
28164,1
28165,1
28166,1
28167,1
28168,1
28169,0
28170,0
28171,1
28172,0
28173,0
28174,0
28175,1
28176,1
28177,1
28178,0
28179,1
28180,1
28181,0
28182,0
28183,1
28184,0
28185,1
28186,1
28187,0
28188,1
28189,1
28190,1
28191,1
28192,0
28193,1
28194,0
28195,1
28196,0
28197,1
28198,1
28199,0
28200,1
28201,0
28202,1
28203,0
28204,1
28205,1
28206,1
28207,1
28208,0
28209,0
28210,1
28211,1
28212,0
28213,0
28214,0
28215,1
28216,1
28217,0
28218,0
28219,1
28220,1
28221,0
28222,0
28223,1
28224,1
28225,1
28226,1
28227,1
28228,1
28229,0
28230,0
28231,0
28232,1
28233,1
28234,1
28235,0
28236,0
28237,1
28238,1
28239,1
28240,0
28241,1
28242,1
28243,1
28244,1
28245,1
28246,0
28247,0
28248,1
28249,0
28250,1
28251,0
28252,1
28253,1
28254,1
28255,1
28256,0
28257,0
28258,1
28259,0
28260,1
28261,1
28262,1
28263,1
28264,0
28265,0
28266,1
28267,1
28268,1
28269,1
28270,1
28271,1
28272,1
28273,0
28274,1
28275,0
28276,1
28277,1
28278,1
28279,0
28280,0
28281,1
28282,1
28283,1
28284,1
28285,0
28286,1
28287,1
28288,0
28289,1
28290,0
28291,1
28292,1
28293,0
28294,0
28295,1
28296,0
28297,1
28298,0
28299,1
28300,0
28301,1
28302,1
28303,1
28304,0
28305,0
28306,0
28307,0
28308,0
28309,0
28310,0
28311,0
28312,1
28313,1
28314,1
28315,1
28316,0
28317,1
28318,1
28319,1
28320,0
28321,0
28322,0
28323,0
28324,1
28325,1
28326,1
28327,1
28328,1
28329,1
28330,0
28331,0
28332,0
28333,0
28334,0
28335,1
28336,1
28337,0
28338,0
28339,1
28340,0
28341,0
28342,0
28343,1
28344,0
28345,0
28346,1
28347,1
28348,0
28349,0
28350,0
28351,1
28352,1
28353,0
28354,1
28355,0
28356,0
28357,1
28358,0
28359,0
28360,1
28361,1
28362,1
28363,1
28364,0
28365,0
28366,1
28367,1
28368,0
28369,1
28370,0
28371,1
28372,0
28373,0
28374,0
28375,0
28376,1
28377,1
28378,1
28379,1
28380,1
28381,1
28382,0
28383,0
28384,0
28385,1
28386,0
28387,0
28388,1
28389,0
28390,1
28391,1
28392,0
28393,0
28394,0
28395,0
28396,1
28397,0
28398,0
28399,0
28400,0
28401,1
28402,1
28403,1
28404,0
28405,0
28406,0
28407,0
28408,0
28409,0
28410,1
28411,0
28412,1
28413,0
28414,0
28415,0
28416,1
28417,0
28418,1
28419,1
28420,1
28421,0
28422,1
28423,0
28424,1
28425,0
28426,1
28427,1
28428,0
28429,0
28430,1
28431,0
28432,1
28433,1
28434,1
28435,0
28436,1
28437,1
28438,0
28439,0
28440,1
28441,0
28442,0
28443,0
28444,1
28445,0
28446,0
28447,1
28448,0
28449,1
28450,1
28451,0
28452,0
28453,0
28454,0
28455,0
28456,1
28457,1
28458,0
28459,1
28460,1
28461,0
28462,1
28463,0
28464,1
28465,1
28466,1
28467,1
28468,1
28469,0
28470,1
28471,0
28472,0
28473,0
28474,1
28475,0
28476,0
28477,0
28478,0
28479,1
28480,1
28481,0
28482,1
28483,1
28484,1
28485,1
28486,1
28487,0
28488,0
28489,1
28490,0
28491,0
28492,1
28493,0
28494,1
28495,1
28496,1
28497,1
28498,0
28499,1
28500,0
28501,0
28502,0
28503,1
28504,1
28505,0
28506,0
28507,0
28508,1
28509,1
28510,0
28511,1
28512,0
28513,0
28514,1
28515,0
28516,1
28517,1
28518,0
28519,0
28520,0
28521,1
28522,1
28523,1
28524,0
28525,1
28526,0
28527,0
28528,1
28529,0
28530,0
28531,0
28532,0
28533,0
28534,1
28535,0
28536,1
28537,0
28538,0
28539,0
28540,0
28541,1
28542,1
28543,0
28544,1
28545,0
28546,1
28547,0
28548,1
28549,0
28550,1
28551,1
28552,1
28553,0
28554,1
28555,0
28556,0
28557,0
28558,1
28559,0
28560,0
28561,0
28562,1
28563,0
28564,0
28565,0
28566,0
28567,1
28568,0
28569,0
28570,0
28571,1
28572,1
28573,0
28574,1
28575,1
28576,1
28577,0
28578,1
28579,0
28580,0
28581,0
28582,0
28583,0
28584,0
28585,0
28586,0
28587,1
28588,1
28589,0
28590,1
28591,1
28592,1
28593,1
28594,0
28595,0
28596,1
28597,0
28598,1
28599,0
28600,1
28601,1
28602,0
28603,0
28604,0
28605,0
28606,0
28607,0
28608,1
28609,0
28610,0
28611,1
28612,1
28613,0
28614,1
28615,0
28616,1
28617,1
28618,0
28619,1
28620,0
28621,1
28622,1
28623,1
28624,1
28625,1
28626,1
28627,1
28628,1
28629,0
28630,0
28631,1
28632,1
28633,0
28634,1
28635,1
28636,0
28637,0
28638,0
28639,0
28640,1
28641,0
28642,0
28643,0
28644,1
28645,1
28646,0
28647,0
28648,0
28649,1
28650,0
28651,0
28652,1
28653,0
28654,1
28655,1
28656,1
28657,1
28658,1
28659,1
28660,0
28661,1
28662,1
28663,0
28664,1
28665,1
28666,0
28667,1
28668,0
28669,1
28670,1
28671,1
28672,1
28673,1
28674,0
28675,1
28676,0
28677,1
28678,1
28679,1
28680,0
28681,1
28682,1
28683,0
28684,0
28685,1
28686,0
28687,1
28688,1
28689,0
28690,0
28691,1
28692,1
28693,1
28694,0
28695,0
28696,0
28697,0
28698,1
28699,1
28700,0
28701,0
28702,1
28703,1
28704,0
28705,1
28706,0
28707,1
28708,0
28709,0
28710,1
28711,0
28712,1
28713,1
28714,1
28715,1
28716,0
28717,0
28718,1
28719,0
28720,1
28721,1
28722,0
28723,1
28724,1
28725,0
28726,1
28727,0
28728,1
28729,1
28730,1
28731,0
28732,1
28733,0
28734,0
28735,1
28736,1
28737,1
28738,1
28739,0
28740,1
28741,1
28742,0
28743,0
28744,1
28745,0
28746,1
28747,0
28748,0
28749,1
28750,1
28751,0
28752,0
28753,0
28754,1
28755,0
28756,1
28757,1
28758,0
28759,1
28760,1
28761,0
28762,0
28763,0
28764,0
28765,0
28766,0
28767,1
28768,0
28769,1
28770,1
28771,1
28772,1
28773,1
28774,0
28775,1
28776,0
28777,1
28778,0
28779,1
28780,0
28781,0
28782,1
28783,1
28784,0
28785,1
28786,0
28787,0
28788,1
28789,0
28790,1
28791,1
28792,0
28793,1
28794,1
28795,1
28796,1
28797,1
28798,1
28799,1
28800,1
28801,0
28802,1
28803,1
28804,0
28805,1
28806,0
28807,1
28808,0
28809,1
28810,1
28811,1
28812,0
28813,0
28814,1
28815,1
28816,0
28817,0
28818,0
28819,0
28820,1
28821,1
28822,1
28823,1
28824,0
28825,1
28826,1
28827,0
28828,1
28829,0
28830,1
28831,1
28832,0
28833,0
28834,0
28835,0
28836,0
28837,0
28838,1
28839,0
28840,0
28841,1
28842,1
28843,1
28844,1
28845,0
28846,1
28847,1
28848,0
28849,0
28850,1
28851,0
28852,1
28853,1
28854,0
28855,0
28856,1
28857,0
28858,0
28859,1
28860,1
28861,1
28862,0
28863,0
28864,1
28865,1
28866,0
28867,0
28868,0
28869,1
28870,0
28871,0
28872,1
28873,0
28874,0
28875,0
28876,1
28877,1
28878,0
28879,0
28880,0
28881,0
28882,0
28883,1
28884,0
28885,0
28886,1
28887,0
28888,0
28889,0
28890,0
28891,0
28892,1
28893,1
28894,1
28895,1
28896,1
28897,0
28898,0
28899,0
28900,0
28901,1
28902,1
28903,1
28904,0
28905,0
28906,0
28907,0
28908,0
28909,1
28910,0
28911,0
28912,0
28913,0
28914,0
28915,0
28916,1
28917,0
28918,1
28919,1
28920,0
28921,0
28922,0
28923,0
28924,1
28925,0
28926,0
28927,0
28928,1
28929,0
28930,1
28931,1
28932,0
28933,1
28934,1
28935,0
28936,0
28937,0
28938,1
28939,0
28940,0
28941,1
28942,1
28943,1
28944,1
28945,0
28946,1
28947,0
28948,0
28949,0
28950,1
28951,0
28952,0
28953,1
28954,0
28955,0
28956,1
28957,0
28958,1
28959,0
28960,0
28961,0
28962,1
28963,1
28964,0
28965,0
28966,0
28967,1
28968,1
28969,1
28970,0
28971,1
28972,0
28973,0
28974,1
28975,0
28976,0
28977,0
28978,1
28979,1
28980,1
28981,0
28982,0
28983,1
28984,0
28985,1
28986,0
28987,0
28988,1
28989,0
28990,1
28991,0
28992,0
28993,0
28994,1
28995,1
28996,0
28997,0
28998,0
28999,1
29000,1
29001,1
29002,1
29003,1
29004,0
29005,1
29006,1
29007,0
29008,1
29009,0
29010,0
29011,0
29012,0
29013,1
29014,0
29015,0
29016,1
29017,0
29018,0
29019,0
29020,0
29021,1
29022,1
29023,1
29024,0
29025,1
29026,0
29027,1
29028,0
29029,0
29030,1
29031,0
29032,1
29033,0
29034,1
29035,1
29036,0
29037,1
29038,1
29039,1
29040,0
29041,1
29042,1
29043,1
29044,1
29045,1
29046,0
29047,1
29048,0
29049,0
29050,0
29051,0
29052,0
29053,1
29054,1
29055,0
29056,1
29057,0
29058,1
29059,0
29060,0
29061,1
29062,1
29063,0
29064,0
29065,1
29066,1
29067,0
29068,1
29069,0
29070,0
29071,1
29072,0
29073,1
29074,1
29075,1
29076,0
29077,1
29078,1
29079,0
29080,1
29081,0
29082,0
29083,0
29084,1
29085,0
29086,1
29087,0
29088,1
29089,0
29090,1
29091,1
29092,0
29093,0
29094,0
29095,0
29096,0
29097,0
29098,1
29099,1
29100,1
29101,0
29102,1
29103,1
29104,0
29105,1
29106,0
29107,0
29108,1
29109,0
29110,0
29111,0
29112,0
29113,1
29114,0
29115,1
29116,0
29117,0
29118,1
29119,1
29120,1
29121,0
29122,0
29123,1
29124,0
29125,1
29126,1
29127,0
29128,0
29129,0
29130,0
29131,1
29132,0
29133,1
29134,1
29135,0
29136,0
29137,1
29138,1
29139,0
29140,0
29141,1
29142,0
29143,0
29144,0
29145,0
29146,1
29147,0
29148,0
29149,0
29150,0
29151,0
29152,0
29153,1
29154,1
29155,0
29156,1
29157,0
29158,0
29159,1
29160,1
29161,0
29162,1
29163,1
29164,1
29165,0
29166,0
29167,0
29168,1
29169,0
29170,0
29171,1
29172,0
29173,1
29174,1
29175,0
29176,0
29177,0
29178,1
29179,0
29180,1
29181,1
29182,0
29183,0
29184,0
29185,0
29186,0
29187,0
29188,1
29189,0
29190,0
29191,0
29192,1
29193,0
29194,0
29195,0
29196,0
29197,0
29198,0
29199,0
29200,0
29201,0
29202,0
29203,1
29204,0
29205,0
29206,0
29207,1
29208,1
29209,1
29210,1
29211,1
29212,0
29213,1
29214,1
29215,0
29216,0
29217,1
29218,1
29219,0
29220,0
29221,0
29222,0
29223,1
29224,0
29225,0
29226,1
29227,0
29228,0
29229,0
29230,1
29231,0
29232,1
29233,0
29234,1
29235,1
29236,1
29237,1
29238,0
29239,1
29240,0
29241,0
29242,0
29243,0
29244,0
29245,1
29246,0
29247,1
29248,0
29249,1
29250,1
29251,1
29252,1
29253,1
29254,0
29255,0
29256,1
29257,0
29258,0
29259,1
29260,0
29261,1
29262,1
29263,0
29264,1
29265,1
29266,1
29267,1
29268,0
29269,0
29270,1
29271,0
29272,1
29273,0
29274,1
29275,0
29276,1
29277,0
29278,1
29279,1
29280,0
29281,1
29282,0
29283,1
29284,1
29285,0
29286,0
29287,0
29288,1
29289,1
29290,1
29291,1
29292,0
29293,0
29294,0
29295,0
29296,1
29297,0
29298,0
29299,1
29300,0
29301,0
29302,1
29303,0
29304,1
29305,1
29306,1
29307,0
29308,0
29309,0
29310,1
29311,1
29312,1
29313,1
29314,1
29315,0
29316,0
29317,0
29318,0
29319,0
29320,1
29321,0
29322,0
29323,0
29324,1
29325,1
29326,1
29327,0
29328,1
29329,0
29330,0
29331,0
29332,0
29333,1
29334,0
29335,0
29336,1
29337,1
29338,0
29339,1
29340,0
29341,0
29342,0
29343,1
29344,0
29345,1
29346,1
29347,1
29348,1
29349,0
29350,0
29351,1
29352,1
29353,0
29354,0
29355,0
29356,0
29357,1
29358,0
29359,0
29360,1
29361,0
29362,1
29363,1
29364,1
29365,1
29366,0
29367,1
29368,0
29369,1
29370,0
29371,1
29372,0
29373,0
29374,0
29375,0
29376,1
29377,1
29378,0
29379,1
29380,0
29381,1
29382,0
29383,0
29384,1
29385,0
29386,0
29387,1
29388,1
29389,1
29390,1
29391,0
29392,1
29393,0
29394,0
29395,0
29396,0
29397,0
29398,0
29399,1
29400,1
29401,1
29402,1
29403,1
29404,1
29405,1
29406,0
29407,1
29408,0
29409,0
29410,1
29411,1
29412,1
29413,0
29414,1
29415,1
29416,0
29417,1
29418,1
29419,0
29420,0
29421,0
29422,0
29423,1
29424,0
29425,1
29426,0
29427,1
29428,1
29429,1
29430,1
29431,0
29432,1
29433,0
29434,1
29435,1
29436,0
29437,1
29438,1
29439,1
29440,1
29441,1
29442,1
29443,0
29444,1
29445,0
29446,1
29447,0
29448,1
29449,1
29450,0
29451,1
29452,0
29453,1
29454,1
29455,1
29456,0
29457,0
29458,0
29459,1
29460,1
29461,0
29462,0
29463,1
29464,1
29465,0
29466,1
29467,0
29468,0
29469,0
29470,0
29471,0
29472,1
29473,0
29474,1
29475,0
29476,0
29477,1
29478,1
29479,1
29480,1
29481,0
29482,1
29483,0
29484,0
29485,0
29486,1
29487,1
29488,1
29489,0
29490,0
29491,0
29492,0
29493,1
29494,0
29495,0
29496,0
29497,1
29498,1
29499,0
29500,1
29501,0
29502,1
29503,0
29504,0
29505,0
29506,0
29507,0
29508,0
29509,1
29510,1
29511,1
29512,0
29513,1
29514,0
29515,0
29516,0
29517,1
29518,0
29519,0
29520,0
29521,0
29522,1
29523,1
29524,1
29525,0
29526,0
29527,1
29528,0
29529,1
29530,0
29531,0
29532,1
29533,1
29534,0
29535,1
29536,0
29537,0
29538,0
29539,0
29540,0
29541,1
29542,1
29543,0
29544,1
29545,1
29546,1
29547,0
29548,0
29549,0
29550,1
29551,1
29552,1
29553,0
29554,0
29555,0
29556,1
29557,0
29558,0
29559,0
29560,0
29561,1
29562,0
29563,1
29564,0
29565,0
29566,0
29567,1
29568,1
29569,1
29570,0
29571,0
29572,1
29573,1
29574,0
29575,0
29576,1
29577,0
29578,1
29579,0
29580,0
29581,1
29582,0
29583,0
29584,0
29585,0
29586,1
29587,1
29588,1
29589,1
29590,1
29591,1
29592,1
29593,0
29594,1
29595,1
29596,1
29597,0
29598,0
29599,1
29600,0
29601,1
29602,1
29603,1
29604,0
29605,1
29606,1
29607,0
29608,0
29609,1
29610,0
29611,1
29612,1
29613,0
29614,0
29615,1
29616,0
29617,0
29618,0
29619,0
29620,0
29621,1
29622,0
29623,0
29624,1
29625,0
29626,1
29627,0
29628,1
29629,1
29630,0
29631,0
29632,1
29633,1
29634,0
29635,0
29636,0
29637,1
29638,1
29639,1
29640,1
29641,0
29642,0
29643,1
29644,0
29645,1
29646,1
29647,0
29648,1
29649,0
29650,1
29651,0
29652,0
29653,0
29654,1
29655,1
29656,1
29657,0
29658,0
29659,1
29660,1
29661,1
29662,1
29663,0
29664,1
29665,0
29666,1
29667,0
29668,0
29669,0
29670,0
29671,0
29672,0
29673,0
29674,1
29675,0
29676,1
29677,1
29678,0
29679,1
29680,1
29681,1
29682,0
29683,1
29684,1
29685,0
29686,1
29687,1
29688,0
29689,1
29690,1
29691,0
29692,1
29693,0
29694,0
29695,0
29696,0
29697,0
29698,0
29699,1
29700,1
29701,1
29702,0
29703,0
29704,1
29705,1
29706,0
29707,0
29708,1
29709,1
29710,1
29711,0
29712,1
29713,1
29714,0
29715,1
29716,0
29717,1
29718,0
29719,0
29720,1
29721,0
29722,0
29723,0
29724,1
29725,0
29726,1
29727,0
29728,1
29729,0
29730,0
29731,1
29732,0
29733,1
29734,1
29735,1
29736,1
29737,1
29738,0
29739,0
29740,1
29741,1
29742,1
29743,1
29744,0
29745,1
29746,0
29747,1
29748,0
29749,1
29750,1
29751,1
29752,0
29753,1
29754,1
29755,1
29756,1
29757,1
29758,1
29759,0
29760,1
29761,0
29762,0
29763,0
29764,0
29765,0
29766,0
29767,1
29768,0
29769,0
29770,0
29771,0
29772,1
29773,1
29774,1
29775,0
29776,1
29777,1
29778,1
29779,1
29780,1
29781,0
29782,1
29783,0
29784,1
29785,1
29786,0
29787,1
29788,0
29789,0
29790,1
29791,0
29792,0
29793,0
29794,1
29795,1
29796,1
29797,0
29798,0
29799,1
29800,0
29801,1
29802,0
29803,0
29804,1
29805,0
29806,0
29807,0
29808,0
29809,1
29810,1
29811,1
29812,0
29813,1
29814,0
29815,1
29816,0
29817,0
29818,1
29819,1
29820,1
29821,0
29822,0
29823,1
29824,0
29825,0
29826,1
29827,0
29828,1
29829,0
29830,1
29831,1
29832,1
29833,1
29834,0
29835,0
29836,0
29837,0
29838,1
29839,0
29840,1
29841,1
29842,0
29843,1
29844,0
29845,1
29846,0
29847,1
29848,1
29849,1
29850,1
29851,0
29852,1
29853,1
29854,0
29855,1
29856,1
29857,1
29858,1
29859,0
29860,0
29861,1
29862,0
29863,0
29864,0
29865,0
29866,0
29867,1
29868,0
29869,0
29870,0
29871,1
29872,1
29873,0
29874,1
29875,1
29876,0
29877,0
29878,0
29879,0
29880,0
29881,1
29882,0
29883,1
29884,1
29885,0
29886,0
29887,0
29888,0
29889,1
29890,0
29891,1
29892,0
29893,0
29894,1
29895,1
29896,1
29897,0
29898,1
29899,1
29900,0
29901,1
29902,0
29903,1
29904,1
29905,0
29906,0
29907,1
29908,0
29909,0
29910,1
29911,1
29912,0
29913,0
29914,0
29915,1
29916,1
29917,1
29918,0
29919,0
29920,1
29921,0
29922,1
29923,1
29924,1
29925,1
29926,0
29927,1
29928,1
29929,0
29930,0
29931,1
29932,0
29933,0
29934,1
29935,1
29936,1
29937,1
29938,1
29939,1
29940,1
29941,0
29942,1
29943,1
29944,1
29945,1
29946,0
29947,1
29948,0
29949,1
29950,1
29951,0
29952,1
29953,1
29954,1
29955,0
29956,1
29957,1
29958,1
29959,1
29960,1
29961,0
29962,1
29963,0
29964,1
29965,1
29966,1
29967,1
29968,1
29969,0
29970,1
29971,0
29972,1
29973,1
29974,0
29975,0
29976,1
29977,0
29978,0
29979,0
29980,0
29981,0
29982,0
29983,1
29984,0
29985,1
29986,0
29987,0
29988,0
29989,0
29990,1
29991,1
29992,0
29993,1
29994,1
29995,1
29996,0
29997,1
29998,1
29999,0
30000,0
30001,1
30002,1
30003,0
30004,1
30005,1
30006,1
30007,1
30008,0
30009,0
30010,1
30011,1
30012,1
30013,0
30014,1
30015,1
30016,1
30017,0
30018,1
30019,0
30020,0
30021,0
30022,1
30023,0
30024,0
30025,0
30026,0
30027,1
30028,0
30029,1
30030,1
30031,0
30032,1
30033,1
30034,1
30035,0
30036,0
30037,0
30038,1
30039,1
30040,0
30041,1
30042,0
30043,1
30044,0
30045,0
30046,0
30047,0
30048,0
30049,1
30050,0
30051,1
30052,0
30053,0
30054,1
30055,1
30056,1
30057,0
30058,1
30059,1
30060,0
30061,0
30062,1
30063,0
30064,0
30065,0
30066,1
30067,1
30068,0
30069,0
30070,1
30071,1
30072,0
30073,0
30074,0
30075,1
30076,1
30077,0
30078,0
30079,0
30080,1
30081,1
30082,0
30083,0
30084,0
30085,1
30086,0
30087,1
30088,0
30089,1
30090,0
30091,0
30092,0
30093,0
30094,1
30095,0
30096,0
30097,1
30098,0
30099,0
30100,0
30101,1
30102,0
30103,1
30104,1
30105,0
30106,0
30107,0
30108,0
30109,0
30110,1
30111,1
30112,0
30113,0
30114,0
30115,0
30116,0
30117,1
30118,1
30119,0
30120,0
30121,0
30122,1
30123,0
30124,0
30125,1
30126,0
30127,1
30128,1
30129,1
30130,1
30131,0
30132,1
30133,1
30134,1
30135,1
30136,0
30137,1
30138,1
30139,0
30140,1
30141,0
30142,1
30143,1
30144,1
30145,1
30146,1
30147,1
30148,1
30149,0
30150,0
30151,0
30152,0
30153,0
30154,0
30155,0
30156,0
30157,0
30158,0
30159,0
30160,1
30161,1
30162,1
30163,0
30164,0
30165,1
30166,0
30167,1
30168,0
30169,1
30170,1
30171,0
30172,1
30173,0
30174,1
30175,0
30176,0
30177,1
30178,0
30179,1
30180,1
30181,1
30182,1
30183,1
30184,1
30185,0
30186,1
30187,0
30188,1
30189,1
30190,1
30191,0
30192,1
30193,1
30194,1
30195,0
30196,0
30197,1
30198,1
30199,0
30200,1
30201,0
30202,0
30203,0
30204,1
30205,1
30206,1
30207,0
30208,1
30209,1
30210,1
30211,1
30212,1
30213,1
30214,1
30215,0
30216,0
30217,1
30218,1
30219,0
30220,0
30221,1
30222,0
30223,0
30224,0
30225,1
30226,0
30227,0
30228,0
30229,1
30230,1
30231,1
30232,0
30233,0
30234,1
30235,1
30236,1
30237,0
30238,0
30239,0
30240,1
30241,1
30242,0
30243,0
30244,0
30245,1
30246,0
30247,1
30248,1
30249,1
30250,0
30251,0
30252,0
30253,0
30254,0
30255,0
30256,1
30257,0
30258,1
30259,0
30260,0
30261,1
30262,1
30263,1
30264,1
30265,1
30266,0
30267,0
30268,1
30269,0
30270,1
30271,1
30272,1
30273,1
30274,1
30275,1
30276,0
30277,0
30278,1
30279,1
30280,0
30281,0
30282,0
30283,1
30284,0
30285,1
30286,1
30287,1
30288,1
30289,0
30290,1
30291,1
30292,0
30293,1
30294,0
30295,1
30296,0
30297,1
30298,0
30299,1
30300,0
30301,1
30302,0
30303,0
30304,0
30305,0
30306,1
30307,1
30308,0
30309,0
30310,0
30311,1
30312,0
30313,0
30314,1
30315,0
30316,1
30317,1
30318,0
30319,0
30320,0
30321,0
30322,1
30323,0
30324,1
30325,1
30326,0
30327,1
30328,1
30329,1
30330,1
30331,0
30332,1
30333,1
30334,0
30335,1
30336,0
30337,0
30338,1
30339,0
30340,0
30341,0
30342,0
30343,0
30344,0
30345,1
30346,0
30347,1
30348,0
30349,1
30350,0
30351,1
30352,0
30353,0
30354,1
30355,1
30356,1
30357,1
30358,0
30359,0
30360,0
30361,0
30362,1
30363,1
30364,1
30365,0
30366,0
30367,0
30368,0
30369,0
30370,0
30371,0
30372,0
30373,0
30374,1
30375,1
30376,0
30377,0
30378,0
30379,0
30380,1
30381,1
30382,1
30383,0
30384,0
30385,0
30386,1
30387,0
30388,0
30389,0
30390,0
30391,1
30392,0
30393,0
30394,0
30395,1
30396,1
30397,0
30398,1
30399,0
30400,1
30401,1
30402,0
30403,0
30404,0
30405,0
30406,0
30407,1
30408,1
30409,1
30410,1
30411,1
30412,0
30413,1
30414,0
30415,0
30416,0
30417,1
30418,1
30419,1
30420,1
30421,1
30422,0
30423,1
30424,0
30425,1
30426,0
30427,0
30428,1
30429,1
30430,0
30431,0
30432,0
30433,0
30434,1
30435,0
30436,0
30437,0
30438,1
30439,0
30440,1
30441,1
30442,1
30443,0
30444,1
30445,0
30446,0
30447,1
30448,0
30449,1
30450,1
30451,1
30452,1
30453,0
30454,1
30455,0
30456,0
30457,1
30458,0
30459,1
30460,1
30461,1
30462,1
30463,1
30464,0
30465,1
30466,1
30467,0
30468,0
30469,0
30470,0
30471,0
30472,0
30473,0
30474,0
30475,0
30476,1
30477,1
30478,0
30479,1
30480,0
30481,1
30482,0
30483,1
30484,0
30485,1
30486,1
30487,0
30488,0
30489,1
30490,1
30491,0
30492,1
30493,0
30494,1
30495,1
30496,1
30497,1
30498,1
30499,0
30500,1
30501,0
30502,0
30503,1
30504,1
30505,1
30506,1
30507,0
30508,1
30509,1
30510,1
30511,1
30512,0
30513,0
30514,1
30515,0
30516,1
30517,1
30518,1
30519,1
30520,0
30521,1
30522,1
30523,0
30524,0
30525,0
30526,0
30527,1
30528,1
30529,1
30530,0
30531,0
30532,1
30533,0
30534,1
30535,0
30536,1
30537,0
30538,1
30539,0
30540,1
30541,0
30542,1
30543,1
30544,0
30545,1
30546,1
30547,0
30548,0
30549,0
30550,0
30551,0
30552,0
30553,0
30554,1
30555,1
30556,0
30557,0
30558,0
30559,1
30560,0
30561,0
30562,1
30563,1
30564,0
30565,0
30566,0
30567,1
30568,0
30569,0
30570,1
30571,0
30572,0
30573,1
30574,0
30575,0
30576,1
30577,1
30578,0
30579,1
30580,1
30581,0
30582,0
30583,1
30584,0
30585,0
30586,1
30587,1
30588,1
30589,0
30590,1
30591,0
30592,1
30593,1
30594,0
30595,0
30596,0
30597,1
30598,0
30599,1
30600,1
30601,0
30602,1
30603,1
30604,1
30605,1
30606,1
30607,1
30608,0
30609,0
30610,0
30611,0
30612,0
30613,0
30614,0
30615,0
30616,0
30617,0
30618,0
30619,1
30620,0
30621,1
30622,0
30623,1
30624,1
30625,0
30626,1
30627,1
30628,1
30629,1
30630,1
30631,0
30632,1
30633,1
30634,0
30635,1
30636,1
30637,1
30638,1
30639,0
30640,1
30641,1
30642,0
30643,0
30644,0
30645,1
30646,1
30647,1
30648,1
30649,1
30650,1
30651,1
30652,0
30653,1
30654,1
30655,1
30656,0
30657,1
30658,0
30659,1
30660,0
30661,1
30662,1
30663,1
30664,1
30665,1
30666,0
30667,1
30668,0
30669,1
30670,0
30671,0
30672,1
30673,0
30674,0
30675,1
30676,1
30677,1
30678,1
30679,0
30680,1
30681,1
30682,1
30683,1
30684,0
30685,0
30686,0
30687,1
30688,1
30689,1
30690,1
30691,1
30692,1
30693,1
30694,0
30695,1
30696,0
30697,0
30698,0
30699,1
30700,1
30701,1
30702,1
30703,0
30704,1
30705,0
30706,0
30707,1
30708,1
30709,1
30710,0
30711,1
30712,0
30713,0
30714,0
30715,1
30716,1
30717,0
30718,0
30719,0
30720,0
30721,0
30722,0
30723,1
30724,1
30725,0
30726,1
30727,0
30728,1
30729,0
30730,0
30731,1
30732,1
30733,0
30734,0
30735,1
30736,0
30737,0
30738,1
30739,0
30740,0
30741,1
30742,1
30743,1
30744,0
30745,1
30746,1
30747,0
30748,1
30749,1
30750,1
30751,0
30752,0
30753,1
30754,1
30755,1
30756,1
30757,0
30758,1
30759,1
30760,1
30761,0
30762,0
30763,0
30764,1
30765,0
30766,1
30767,1
30768,1
30769,0
30770,1
30771,0
30772,1
30773,1
30774,0
30775,1
30776,0
30777,0
30778,0
30779,0
30780,0
30781,1
30782,1
30783,1
30784,0
30785,0
30786,1
30787,1
30788,0
30789,0
30790,1
30791,1
30792,1
30793,0
30794,1
30795,0
30796,0
30797,1
30798,0
30799,1
30800,1
30801,1
30802,0
30803,1
30804,1
30805,1
30806,1
30807,1
30808,1
30809,0
30810,0
30811,0
30812,1
30813,0
30814,0
30815,0
30816,1
30817,1
30818,1
30819,0
30820,1
30821,0
30822,1
30823,1
30824,0
30825,0
30826,1
30827,0
30828,1
30829,1
30830,0
30831,0
30832,0
30833,1
30834,0
30835,1
30836,1
30837,1
30838,0
30839,1
30840,0
30841,1
30842,0
30843,0
30844,0
30845,1
30846,1
30847,0
30848,0
30849,1
30850,1
30851,1
30852,0
30853,0
30854,1
30855,0
30856,1
30857,1
30858,1
30859,0
30860,1
30861,0
30862,0
30863,0
30864,1
30865,1
30866,0
30867,1
30868,1
30869,0
30870,1
30871,0
30872,0
30873,0
30874,0
30875,1
30876,1
30877,1
30878,1
30879,1
30880,1
30881,1
30882,0
30883,1
30884,1
30885,1
30886,0
30887,0
30888,1
30889,0
30890,0
30891,0
30892,1
30893,0
30894,1
30895,0
30896,0
30897,1
30898,1
30899,1
30900,0
30901,0
30902,0
30903,0
30904,0
30905,0
30906,0
30907,0
30908,0
30909,0
30910,0
30911,1
30912,0
30913,0
30914,0
30915,1
30916,1
30917,1
30918,0
30919,0
30920,1
30921,0
30922,0
30923,1
30924,1
30925,1
30926,1
30927,0
30928,0
30929,0
30930,0
30931,0
30932,0
30933,0
30934,1
30935,1
30936,0
30937,0
30938,0
30939,0
30940,0
30941,1
30942,0
30943,0
30944,1
30945,1
30946,0
30947,0
30948,0
30949,1
30950,0
30951,1
30952,0
30953,1
30954,1
30955,0
30956,1
30957,1
30958,0
30959,0
30960,0
30961,1
30962,1
30963,0
30964,0
30965,1
30966,1
30967,0
30968,0
30969,1
30970,0
30971,1
30972,0
30973,0
30974,1
30975,0
30976,0
30977,1
30978,1
30979,0
30980,1
30981,1
30982,0
30983,0
30984,0
30985,1
30986,1
30987,1
30988,1
30989,1
30990,1
30991,0
30992,0
30993,1
30994,0
30995,0
30996,0
30997,1
30998,1
30999,1
31000,0
31001,1
31002,1
31003,1
31004,1
31005,0
31006,0
31007,0
31008,1
31009,1
31010,0
31011,1
31012,1
31013,1
31014,1
31015,1
31016,1
31017,1
31018,0
31019,0
31020,1
31021,0
31022,0
31023,1
31024,1
31025,0
31026,0
31027,0
31028,1
31029,0
31030,0
31031,0
31032,0
31033,1
31034,1
31035,1
31036,1
31037,1
31038,1
31039,1
31040,1
31041,0
31042,0
31043,0
31044,1
31045,0
31046,1
31047,1
31048,1
31049,1
31050,1
31051,1
31052,1
31053,1
31054,0
31055,0
31056,1
31057,1
31058,0
31059,1
31060,0
31061,1
31062,1
31063,1
31064,0
31065,1
31066,1
31067,0
31068,0
31069,0
31070,1
31071,0
31072,0
31073,1
31074,1
31075,0
31076,1
31077,1
31078,0
31079,1
31080,1
31081,1
31082,0
31083,0
31084,1
31085,1
31086,0
31087,1
31088,0
31089,1
31090,0
31091,1
31092,0
31093,0
31094,1
31095,0
31096,1
31097,1
31098,0
31099,1
31100,1
31101,1
31102,0
31103,0
31104,1
31105,1
31106,0
31107,0
31108,0
31109,0
31110,1
31111,0
31112,0
31113,0
31114,1
31115,0
31116,1
31117,1
31118,1
31119,0
31120,1
31121,1
31122,1
31123,1
31124,1
31125,0
31126,0
31127,1
31128,1
31129,1
31130,0
31131,0
31132,1
31133,1
31134,1
31135,0
31136,0
31137,1
31138,1
31139,1
31140,0
31141,1
31142,0
31143,1
31144,0
31145,0
31146,1
31147,1
31148,1
31149,0
31150,0
31151,0
31152,0
31153,1
31154,0
31155,1
31156,1
31157,0
31158,0
31159,1
31160,1
31161,1
31162,1
31163,1
31164,1
31165,0
31166,1
31167,0
31168,1
31169,0
31170,0
31171,0
31172,0
31173,1
31174,0
31175,0
31176,1
31177,0
31178,1
31179,1
31180,1
31181,1
31182,1
31183,1
31184,1
31185,0
31186,0
31187,0
31188,1
31189,0
31190,1
31191,0
31192,0
31193,1
31194,1
31195,1
31196,0
31197,1
31198,1
31199,0
31200,1
31201,1
31202,1
31203,1
31204,0
31205,0
31206,0
31207,0
31208,0
31209,1
31210,0
31211,1
31212,0
31213,1
31214,1
31215,1
31216,0
31217,1
31218,0
31219,0
31220,1
31221,0
31222,1
31223,0
31224,0
31225,0
31226,1
31227,1
31228,1
31229,0
31230,1
31231,1
31232,1
31233,0
31234,1
31235,0
31236,1
31237,1
31238,0
31239,0
31240,0
31241,0
31242,1
31243,0
31244,1
31245,0
31246,1
31247,0
31248,0
31249,1
31250,0
31251,1
31252,1
31253,0
31254,1
31255,0
31256,0
31257,0
31258,0
31259,1
31260,1
31261,1
31262,0
31263,0
31264,1
31265,1
31266,0
31267,0
31268,0
31269,1
31270,0
31271,0
31272,1
31273,0
31274,0
31275,0
31276,0
31277,1
31278,1
31279,1
31280,1
31281,0
31282,0
31283,1
31284,1
31285,0
31286,0
31287,0
31288,1
31289,0
31290,1
31291,1
31292,1
31293,0
31294,0
31295,1
31296,1
31297,0
31298,0
31299,1
31300,0
31301,1
31302,1
31303,1
31304,0
31305,0
31306,0
31307,1
31308,1
31309,1
31310,1
31311,0
31312,1
31313,1
31314,1
31315,1
31316,1
31317,0
31318,0
31319,0
31320,1
31321,0
31322,1
31323,0
31324,0
31325,1
31326,0
31327,0
31328,0
31329,1
31330,0
31331,0
31332,0
31333,1
31334,0
31335,0
31336,0
31337,1
31338,1
31339,0
31340,0
31341,0
31342,1
31343,1
31344,1
31345,1
31346,1
31347,0
31348,0
31349,0
31350,1
31351,0
31352,0
31353,0
31354,0
31355,0
31356,0
31357,1
31358,0
31359,0
31360,1
31361,0
31362,0
31363,1
31364,0
31365,0
31366,0
31367,0
31368,1
31369,0
31370,0
31371,0
31372,0
31373,1
31374,0
31375,0
31376,0
31377,1
31378,0
31379,1
31380,0
31381,0
31382,1
31383,1
31384,0
31385,0
31386,1
31387,0
31388,1
31389,0
31390,0
31391,0
31392,0
31393,1
31394,0
31395,1
31396,1
31397,0
31398,1
31399,0
31400,1
31401,1
31402,1
31403,1
31404,0
31405,1
31406,1
31407,1
31408,0
31409,1
31410,1
31411,1
31412,1
31413,0
31414,0
31415,1
31416,1
31417,0
31418,1
31419,1
31420,0
31421,1
31422,0
31423,0
31424,1
31425,1
31426,0
31427,1
31428,0
31429,1
31430,0
31431,0
31432,0
31433,1
31434,1
31435,0
31436,1
31437,1
31438,1
31439,1
31440,1
31441,1
31442,1
31443,0
31444,0
31445,0
31446,0
31447,0
31448,1
31449,1
31450,1
31451,0
31452,1
31453,0
31454,0
31455,0
31456,0
31457,0
31458,0
31459,1
31460,1
31461,0
31462,1
31463,0
31464,0
31465,1
31466,1
31467,1
31468,1
31469,0
31470,0
31471,0
31472,1
31473,1
31474,1
31475,0
31476,1
31477,0
31478,1
31479,0
31480,0
31481,1
31482,1
31483,0
31484,1
31485,1
31486,0
31487,1
31488,1
31489,0
31490,1
31491,1
31492,0
31493,1
31494,1
31495,0
31496,1
31497,0
31498,0
31499,0
31500,1
31501,1
31502,1
31503,0
31504,1
31505,0
31506,1
31507,1
31508,0
31509,1
31510,0
31511,1
31512,0
31513,0
31514,0
31515,0
31516,0
31517,1
31518,1
31519,1
31520,1
31521,1
31522,1
31523,0
31524,1
31525,0
31526,0
31527,1
31528,1
31529,1
31530,0
31531,0
31532,1
31533,0
31534,1
31535,1
31536,1
31537,1
31538,1
31539,0
31540,0
31541,1
31542,0
31543,1
31544,1
31545,1
31546,1
31547,1
31548,1
31549,1
31550,1
31551,0
31552,1
31553,0
31554,1
31555,0
31556,0
31557,0
31558,0
31559,0
31560,1
31561,1
31562,0
31563,1
31564,1
31565,0
31566,1
31567,1
31568,0
31569,1
31570,0
31571,0
31572,0
31573,0
31574,1
31575,1
31576,1
31577,0
31578,1
31579,0
31580,0
31581,0
31582,0
31583,0
31584,0
31585,0
31586,1
31587,1
31588,1
31589,0
31590,0
31591,0
31592,1
31593,1
31594,0
31595,0
31596,1
31597,0
31598,1
31599,0
31600,0
31601,1
31602,0
31603,0
31604,1
31605,1
31606,1
31607,1
31608,1
31609,1
31610,1
31611,0
31612,0
31613,1
31614,1
31615,1
31616,0
31617,1
31618,1
31619,1
31620,0
31621,1
31622,1
31623,1
31624,0
31625,0
31626,0
31627,1
31628,1
31629,1
31630,0
31631,1
31632,0
31633,0
31634,0
31635,1
31636,1
31637,1
31638,1
31639,0
31640,1
31641,1
31642,0
31643,0
31644,1
31645,0
31646,1
31647,1
31648,0
31649,1
31650,1
31651,0
31652,0
31653,1
31654,1
31655,0
31656,1
31657,0
31658,1
31659,0
31660,0
31661,1
31662,1
31663,0
31664,0
31665,0
31666,0
31667,1
31668,1
31669,1
31670,0
31671,1
31672,0
31673,0
31674,0
31675,0
31676,1
31677,0
31678,1
31679,1
31680,0
31681,0
31682,1
31683,1
31684,0
31685,1
31686,0
31687,0
31688,1
31689,0
31690,0
31691,0
31692,1
31693,0
31694,1
31695,0
31696,1
31697,0
31698,0
31699,1
31700,1
31701,0
31702,0
31703,0
31704,0
31705,0
31706,1
31707,0
31708,0
31709,0
31710,1
31711,1
31712,0
31713,1
31714,0
31715,0
31716,1
31717,0
31718,1
31719,1
31720,1
31721,1
31722,0
31723,0
31724,1
31725,0
31726,0
31727,0
31728,0
31729,1
31730,1
31731,1
31732,1
31733,1
31734,1
31735,1
31736,0
31737,1
31738,0
31739,1
31740,0
31741,0
31742,1
31743,1
31744,0
31745,0
31746,0
31747,0
31748,0
31749,0
31750,1
31751,1
31752,1
31753,0
31754,0
31755,1
31756,0
31757,1
31758,0
31759,0
31760,1
31761,0
31762,1
31763,0
31764,0
31765,1
31766,1
31767,0
31768,0
31769,0
31770,1
31771,0
31772,1
31773,0
31774,0
31775,0
31776,1
31777,0
31778,0
31779,1
31780,1
31781,1
31782,0
31783,0
31784,0
31785,1
31786,0
31787,0
31788,1
31789,0
31790,0
31791,0
31792,1
31793,0
31794,1
31795,0
31796,0
31797,0
31798,0
31799,1
31800,0
31801,0
31802,0
31803,1
31804,0
31805,1
31806,1
31807,1
31808,1
31809,0
31810,1
31811,0
31812,0
31813,1
31814,0
31815,0
31816,1
31817,1
31818,1
31819,1
31820,0
31821,1
31822,0
31823,0
31824,1
31825,0
31826,0
31827,1
31828,1
31829,1
31830,0
31831,0
31832,1
31833,1
31834,0
31835,0
31836,1
31837,0
31838,1
31839,1
31840,0
31841,1
31842,1
31843,1
31844,0
31845,1
31846,0
31847,0
31848,1
31849,1
31850,0
31851,1
31852,0
31853,1
31854,1
31855,0
31856,0
31857,1
31858,1
31859,0
31860,0
31861,1
31862,0
31863,1
31864,0
31865,0
31866,1
31867,1
31868,1
31869,0
31870,0
31871,1
31872,0
31873,0
31874,0
31875,1
31876,1
31877,1
31878,0
31879,0
31880,1
31881,1
31882,0
31883,1
31884,1
31885,0
31886,1
31887,0
31888,0
31889,0
31890,1
31891,1
31892,0
31893,0
31894,1
31895,0
31896,1
31897,0
31898,1
31899,1
31900,0
31901,0
31902,1
31903,1
31904,1
31905,1
31906,1
31907,0
31908,1
31909,1
31910,0
31911,0
31912,0
31913,1
31914,1
31915,1
31916,0
31917,0
31918,0
31919,1
31920,1
31921,1
31922,0
31923,1
31924,1
31925,0
31926,1
31927,0
31928,0
31929,0
31930,1
31931,0
31932,1
31933,0
31934,0
31935,0
31936,1
31937,1
31938,0
31939,0
31940,0
31941,1
31942,0
31943,0
31944,0
31945,0
31946,1
31947,1
31948,0
31949,1
31950,0
31951,0
31952,0
31953,1
31954,0
31955,1
31956,1
31957,1
31958,0
31959,1
31960,1
31961,0
31962,1
31963,1
31964,0
31965,0
31966,1
31967,1
31968,0
31969,0
31970,0
31971,0
31972,0
31973,0
31974,0
31975,1
31976,0
31977,1
31978,1
31979,1
31980,0
31981,0
31982,0
31983,1
31984,1
31985,0
31986,1
31987,1
31988,1
31989,1
31990,1
31991,1
31992,1
31993,1
31994,0
31995,1
31996,1
31997,1
31998,1
31999,0
32000,0
32001,1
32002,0
32003,0
32004,1
32005,0
32006,1
32007,0
32008,0
32009,0
32010,1
32011,0
32012,1
32013,0
32014,1
32015,0
32016,1
32017,1
32018,0
32019,1
32020,1
32021,0
32022,0
32023,1
32024,1
32025,1
32026,1
32027,1
32028,1
32029,1
32030,1
32031,1
32032,0
32033,0
32034,0
32035,0
32036,0
32037,1
32038,0
32039,0
32040,0
32041,1
32042,0
32043,1
32044,0
32045,0
32046,1
32047,1
32048,1
32049,1
32050,0
32051,0
32052,0
32053,0
32054,1
32055,0
32056,0
32057,1
32058,1
32059,1
32060,1
32061,0
32062,0
32063,0
32064,0
32065,0
32066,1
32067,0
32068,0
32069,0
32070,0
32071,1
32072,0
32073,0
32074,0
32075,0
32076,1
32077,0
32078,0
32079,0
32080,1
32081,0
32082,0
32083,1
32084,1
32085,1
32086,1
32087,1
32088,0
32089,1
32090,0
32091,0
32092,0
32093,0
32094,1
32095,1
32096,1
32097,0
32098,1
32099,1
32100,1
32101,1
32102,1
32103,1
32104,0
32105,0
32106,0
32107,0
32108,0
32109,1
32110,0
32111,1
32112,1
32113,1
32114,1
32115,0
32116,1
32117,0
32118,0
32119,0
32120,0
32121,1
32122,1
32123,0
32124,0
32125,1
32126,0
32127,1
32128,0
32129,1
32130,1
32131,1
32132,1
32133,0
32134,1
32135,0
32136,1
32137,0
32138,0
32139,1
32140,1
32141,1
32142,1
32143,0
32144,0
32145,0
32146,0
32147,1
32148,1
32149,0
32150,0
32151,1
32152,1
32153,0
32154,1
32155,1
32156,1
32157,0
32158,0
32159,0
32160,1
32161,0
32162,0
32163,1
32164,0
32165,1
32166,0
32167,0
32168,0
32169,0
32170,0
32171,0
32172,0
32173,0
32174,0
32175,1
32176,0
32177,1
32178,0
32179,1
32180,1
32181,0
32182,1
32183,1
32184,1
32185,1
32186,0
32187,0
32188,0
32189,0
32190,0
32191,0
32192,1
32193,1
32194,0
32195,1
32196,0
32197,1
32198,0
32199,0
32200,1
32201,1
32202,0
32203,1
32204,1
32205,0
32206,0
32207,0
32208,0
32209,1
32210,1
32211,0
32212,1
32213,0
32214,0
32215,1
32216,1
32217,1
32218,0
32219,1
32220,1
32221,0
32222,1
32223,0
32224,1
32225,1
32226,1
32227,1
32228,0
32229,0
32230,1
32231,1
32232,0
32233,0
32234,1
32235,1
32236,1
32237,0
32238,0
32239,0
32240,0
32241,0
32242,0
32243,0
32244,1
32245,1
32246,1
32247,1
32248,1
32249,0
32250,0
32251,1
32252,0
32253,1
32254,1
32255,1
32256,1
32257,0
32258,0
32259,0
32260,1
32261,1
32262,0
32263,1
32264,1
32265,0
32266,0
32267,1
32268,1
32269,0
32270,1
32271,1
32272,1
32273,0
32274,1
32275,1
32276,1
32277,0
32278,1
32279,0
32280,1
32281,0
32282,1
32283,1
32284,0
32285,0
32286,1
32287,0
32288,1
32289,0
32290,0
32291,1
32292,0
32293,1
32294,1
32295,0
32296,0
32297,1
32298,1
32299,1
32300,1
32301,1
32302,1
32303,0
32304,1
32305,1
32306,0
32307,1
32308,0
32309,1
32310,0
32311,1
32312,0
32313,1
32314,0
32315,1
32316,1
32317,1
32318,0
32319,1
32320,1
32321,0
32322,1
32323,1
32324,0
32325,0
32326,0
32327,0
32328,1
32329,1
32330,0
32331,1
32332,1
32333,1
32334,0
32335,1
32336,1
32337,1
32338,1
32339,1
32340,1
32341,0
32342,1
32343,1
32344,0
32345,1
32346,0
32347,0
32348,1
32349,0
32350,1
32351,1
32352,1
32353,0
32354,1
32355,1
32356,0
32357,0
32358,0
32359,1
32360,0
32361,0
32362,0
32363,0
32364,1
32365,1
32366,0
32367,0
32368,1
32369,0
32370,1
32371,0
32372,1
32373,1
32374,0
32375,1
32376,1
32377,1
32378,1
32379,0
32380,1
32381,0
32382,1
32383,1
32384,0
32385,0
32386,1
32387,0
32388,1
32389,0
32390,0
32391,0
32392,1
32393,1
32394,0
32395,0
32396,1
32397,0
32398,1
32399,0
32400,1
32401,1
32402,1
32403,1
32404,0
32405,1
32406,0
32407,0
32408,1
32409,1
32410,0
32411,0
32412,1
32413,1
32414,1
32415,1
32416,0
32417,1
32418,1
32419,0
32420,0
32421,0
32422,1
32423,1
32424,0
32425,1
32426,1
32427,1
32428,0
32429,0
32430,0
32431,0
32432,1
32433,1
32434,1
32435,0
32436,0
32437,1
32438,1
32439,0
32440,0
32441,1
32442,0
32443,0
32444,1
32445,1
32446,0
32447,1
32448,1
32449,0
32450,0
32451,0
32452,1
32453,0
32454,1
32455,0
32456,0
32457,0
32458,0
32459,0
32460,0
32461,1
32462,0
32463,0
32464,0
32465,0
32466,0
32467,0
32468,0
32469,1
32470,0
32471,0
32472,0
32473,1
32474,0
32475,0
32476,0
32477,0
32478,0
32479,0
32480,0
32481,0
32482,1
32483,1
32484,0
32485,1
32486,0
32487,1
32488,0
32489,0
32490,1
32491,1
32492,1
32493,1
32494,1
32495,0
32496,0
32497,1
32498,1
32499,1
32500,1
32501,1
32502,1
32503,1
32504,0
32505,0
32506,1
32507,1
32508,1
32509,1
32510,1
32511,0
32512,1
32513,0
32514,0
32515,0
32516,1
32517,1
32518,0
32519,0
32520,1
32521,0
32522,1
32523,0
32524,0
32525,1
32526,1
32527,1
32528,1
32529,0
32530,0
32531,1
32532,1
32533,0
32534,0
32535,0
32536,0
32537,1
32538,0
32539,1
32540,0
32541,1
32542,0
32543,1
32544,1
32545,0
32546,1
32547,0
32548,0
32549,1
32550,1
32551,0
32552,0
32553,1
32554,1
32555,0
32556,0
32557,0
32558,1
32559,0
32560,1
32561,1
32562,1
32563,0
32564,0
32565,1
32566,0
32567,1
32568,1
32569,1
32570,0
32571,1
32572,1
32573,0
32574,1
32575,0
32576,1
32577,0
32578,0
32579,1
32580,0
32581,0
32582,0
32583,0
32584,0
32585,0
32586,0
32587,1
32588,1
32589,0
32590,0
32591,1
32592,0
32593,0
32594,0
32595,1
32596,0
32597,0
32598,1
32599,0
32600,1
32601,1
32602,1
32603,1
32604,1
32605,1
32606,1
32607,0
32608,1
32609,0
32610,0
32611,0
32612,1
32613,0
32614,0
32615,1
32616,0
32617,1
32618,0
32619,1
32620,1
32621,0
32622,0
32623,1
32624,1
32625,1
32626,0
32627,1
32628,1
32629,0
32630,1
32631,1
32632,0
32633,1
32634,0
32635,1
32636,0
32637,1
32638,1
32639,1
32640,1
32641,1
32642,0
32643,1
32644,0
32645,1
32646,0
32647,1
32648,1
32649,1
32650,1
32651,1
32652,1
32653,0
32654,1
32655,0
32656,1
32657,1
32658,0
32659,0
32660,0
32661,1
32662,0
32663,0
32664,1
32665,1
32666,1
32667,0
32668,1
32669,0
32670,0
32671,1
32672,1
32673,1
32674,0
32675,1
32676,1
32677,0
32678,0
32679,0
32680,0
32681,1
32682,1
32683,1
32684,0
32685,1
32686,1
32687,1
32688,1
32689,0
32690,0
32691,0
32692,0
32693,0
32694,0
32695,0
32696,1
32697,0
32698,0
32699,1
32700,1
32701,1
32702,0
32703,1
32704,0
32705,1
32706,0
32707,1
32708,0
32709,0
32710,1
32711,1
32712,1
32713,0
32714,0
32715,0
32716,0
32717,0
32718,1
32719,1
32720,1
32721,0
32722,0
32723,1
32724,1
32725,1
32726,0
32727,0
32728,0
32729,0
32730,1
32731,1
32732,0
32733,1
32734,0
32735,1
32736,1
32737,0
32738,0
32739,0
32740,1
32741,0
32742,1
32743,1
32744,1
32745,1
32746,0
32747,0
32748,0
32749,0
32750,1
32751,0
32752,1
32753,1
32754,1
32755,0
32756,0
32757,0
32758,0
32759,1
32760,1
32761,0
32762,1
32763,0
32764,1
32765,1
32766,0
32767,0
32768,0
32769,0
32770,0
32771,1
32772,0
32773,1
32774,1
32775,0
32776,0
32777,1
32778,1
32779,1
32780,0
32781,0
32782,0
32783,0
32784,0
32785,0
32786,0
32787,1
32788,0
32789,1
32790,1
32791,0
32792,0
32793,1
32794,1
32795,1
32796,0
32797,1
32798,0
32799,0
32800,0
32801,1
32802,0
32803,0
32804,1
32805,1
32806,0
32807,0
32808,0
32809,0
32810,1
32811,1
32812,1
32813,0
32814,1
32815,0
32816,0
32817,0
32818,0
32819,0
32820,1
32821,1
32822,0
32823,1
32824,0
32825,0
32826,1
32827,0
32828,1
32829,0
32830,1
32831,1
32832,0
32833,0
32834,0
32835,1
32836,0
32837,1
32838,1
32839,0
32840,0
32841,0
32842,0
32843,1
32844,0
32845,0
32846,0
32847,1
32848,1
32849,0
32850,1
32851,0
32852,0
32853,0
32854,0
32855,1
32856,1
32857,1
32858,0
32859,0
32860,0
32861,0
32862,0
32863,1
32864,1
32865,0
32866,1
32867,1
32868,1
32869,0
32870,0
32871,0
32872,0
32873,1
32874,1
32875,0
32876,1
32877,1
32878,0
32879,0
32880,1
32881,0
32882,1
32883,1
32884,1
32885,1
32886,1
32887,1
32888,0
32889,1
32890,0
32891,1
32892,1
32893,1
32894,1
32895,0
32896,0
32897,0
32898,1
32899,1
32900,0
32901,1
32902,0
32903,1
32904,0
32905,1
32906,1
32907,0
32908,0
32909,1
32910,1
32911,0
32912,0
32913,0
32914,0
32915,0
32916,0
32917,0
32918,0
32919,0
32920,0
32921,0
32922,0
32923,0
32924,1
32925,0
32926,0
32927,1
32928,0
32929,0
32930,0
32931,1
32932,1
32933,0
32934,1
32935,0
32936,1
32937,1
32938,1
32939,0
32940,1
32941,0
32942,0
32943,0
32944,0
32945,0
32946,1
32947,0
32948,1
32949,0
32950,0
32951,0
32952,1
32953,1
32954,0
32955,1
32956,0
32957,1
32958,0
32959,0
32960,1
32961,1
32962,0
32963,0
32964,1
32965,0
32966,0
32967,0
32968,1
32969,1
32970,1
32971,0
32972,1
32973,1
32974,1
32975,1
32976,0
32977,0
32978,0
32979,0
32980,0
32981,0
32982,1
32983,1
32984,0
32985,1
32986,1
32987,0
32988,0
32989,0
32990,0
32991,1
32992,0
32993,0
32994,0
32995,1
32996,1
32997,0
32998,0
32999,1
33000,0
33001,1
33002,0
33003,0
33004,0
33005,1
33006,1
33007,0
33008,0
33009,1
33010,1
33011,0
33012,1
33013,1
33014,1
33015,1
33016,1
33017,1
33018,1
33019,0
33020,1
33021,1
33022,0
33023,1
33024,1
33025,0
33026,0
33027,1
33028,0
33029,1
33030,0
33031,0
33032,1
33033,1
33034,1
33035,0
33036,1
33037,0
33038,1
33039,0
33040,1
33041,1
33042,1
33043,0
33044,1
33045,0
33046,1
33047,0
33048,1
33049,1
33050,1
33051,1
33052,0
33053,1
33054,0
33055,1
33056,0
33057,1
33058,0
33059,1
33060,1
33061,0
33062,1
33063,0
33064,0
33065,1
33066,1
33067,1
33068,0
33069,1
33070,1
33071,1
33072,1
33073,0
33074,1
33075,0
33076,0
33077,0
33078,0
33079,0
33080,0
33081,0
33082,1
33083,1
33084,1
33085,1
33086,1
33087,0
33088,0
33089,1
33090,1
33091,0
33092,0
33093,0
33094,1
33095,0
33096,0
33097,0
33098,1
33099,1
33100,0
33101,0
33102,1
33103,1
33104,0
33105,1
33106,0
33107,1
33108,1
33109,0
33110,0
33111,1
33112,0
33113,0
33114,0
33115,0
33116,1
33117,1
33118,1
33119,0
33120,0
33121,1
33122,1
33123,1
33124,0
33125,1
33126,1
33127,1
33128,0
33129,0
33130,1
33131,1
33132,1
33133,0
33134,1
33135,0
33136,1
33137,0
33138,0
33139,0
33140,0
33141,1
33142,0
33143,1
33144,1
33145,0
33146,0
33147,1
33148,1
33149,0
33150,0
33151,0
33152,1
33153,0
33154,1
33155,1
33156,1
33157,1
33158,0
33159,0
33160,0
33161,1
33162,0
33163,0
33164,1
33165,1
33166,1
33167,0
33168,1
33169,1
33170,0
33171,0
33172,1
33173,1
33174,0
33175,1
33176,1
33177,0
33178,0
33179,1
33180,0
33181,1
33182,1
33183,0
33184,1
33185,0
33186,1
33187,1
33188,0
33189,0
33190,1
33191,0
33192,1
33193,0
33194,1
33195,1
33196,1
33197,0
33198,0
33199,0
33200,0
33201,0
33202,1
33203,0
33204,0
33205,0
33206,0
33207,0
33208,0
33209,0
33210,0
33211,1
33212,0
33213,0
33214,1
33215,1
33216,1
33217,1
33218,1
33219,0
33220,1
33221,1
33222,0
33223,1
33224,1
33225,1
33226,1
33227,0
33228,0
33229,1
33230,1
33231,0
33232,1
33233,1
33234,1
33235,1
33236,0
33237,0
33238,1
33239,0
33240,1
33241,1
33242,0
33243,0
33244,0
33245,0
33246,1
33247,0
33248,0
33249,0
33250,1
33251,1
33252,1
33253,1
33254,1
33255,1
33256,1
33257,1
33258,0
33259,0
33260,1
33261,0
33262,1
33263,0
33264,1
33265,1
33266,0
33267,0
33268,1
33269,0
33270,1
33271,1
33272,1
33273,0
33274,1
33275,0
33276,0
33277,0
33278,1
33279,1
33280,0
33281,0
33282,0
33283,1
33284,1
33285,0
33286,0
33287,1
33288,1
33289,0
33290,1
33291,0
33292,1
33293,1
33294,1
33295,0
33296,1
33297,0
33298,1
33299,1
33300,1
33301,1
33302,0
33303,1
33304,0
33305,1
33306,0
33307,1
33308,0
33309,0
33310,0
33311,1
33312,1
33313,0
33314,0
33315,0
33316,0
33317,1
33318,0
33319,1
33320,1
33321,1
33322,1
33323,0
33324,0
33325,1
33326,1
33327,0
33328,1
33329,1
33330,0
33331,0
33332,0
33333,1
33334,0
33335,0
33336,0
33337,0
33338,1
33339,0
33340,0
33341,1
33342,1
33343,0
33344,1
33345,0
33346,0
33347,0
33348,0
33349,1
33350,1
33351,1
33352,0
33353,1
33354,1
33355,0
33356,1
33357,0
33358,1
33359,1
33360,1
33361,0
33362,0
33363,0
33364,1
33365,1
33366,1
33367,1
33368,0
33369,1
33370,1
33371,1
33372,0
33373,1
33374,0
33375,0
33376,1
33377,1
33378,0
33379,0
33380,1
33381,1
33382,0
33383,0
33384,0
33385,1
33386,0
33387,0
33388,1
33389,0
33390,0
33391,1
33392,1
33393,0
33394,0
33395,0
33396,1
33397,1
33398,0
33399,0
33400,1
33401,1
33402,1
33403,0
33404,0
33405,0
33406,1
33407,1
33408,1
33409,1
33410,0
33411,1
33412,0
33413,1
33414,1
33415,0
33416,0
33417,1
33418,1
33419,1
33420,0
33421,1
33422,0
33423,0
33424,1
33425,0
33426,1
33427,0
33428,0
33429,0
33430,1
33431,0
33432,1
33433,0
33434,0
33435,1
33436,0
33437,0
33438,0
33439,0
33440,0
33441,0
33442,0
33443,1
33444,0
33445,1
33446,1
33447,0
33448,1
33449,0
33450,1
33451,1
33452,1
33453,0
33454,0
33455,0
33456,0
33457,0
33458,1
33459,1
33460,1
33461,1
33462,0
33463,0
33464,1
33465,0
33466,1
33467,0
33468,0
33469,0
33470,1
33471,0
33472,0
33473,0
33474,0
33475,0
33476,0
33477,1
33478,1
33479,1
33480,0
33481,0
33482,0
33483,1
33484,0
33485,0
33486,0
33487,0
33488,0
33489,0
33490,1
33491,0
33492,0
33493,1
33494,0
33495,1
33496,0
33497,0
33498,1
33499,0
33500,0
33501,0
33502,0
33503,1
33504,0
33505,0
33506,0
33507,1
33508,1
33509,0
33510,0
33511,1
33512,0
33513,1
33514,0
33515,0
33516,1
33517,1
33518,1
33519,1
33520,0
33521,0
33522,1
33523,1
33524,0
33525,1
33526,0
33527,0
33528,0
33529,0
33530,0
33531,1
33532,0
33533,0
33534,0
33535,0
33536,0
33537,0
33538,0
33539,1
33540,0
33541,1
33542,0
33543,1
33544,1
33545,1
33546,0
33547,0
33548,0
33549,1
33550,0
33551,0
33552,0
33553,1
33554,0
33555,1
33556,1
33557,0
33558,0
33559,1
33560,0
33561,1
33562,0
33563,0
33564,1
33565,1
33566,0
33567,0
33568,1
33569,0
33570,0
33571,0
33572,1
33573,1
33574,1
33575,0
33576,1
33577,0
33578,1
33579,1
33580,0
33581,1
33582,1
33583,1
33584,0
33585,0
33586,1
33587,1
33588,0
33589,0
33590,1
33591,1
33592,1
33593,0
33594,0
33595,1
33596,0
33597,0
33598,1
33599,0
33600,0
33601,1
33602,1
33603,0
33604,0
33605,0
33606,1
33607,0
33608,1
33609,1
33610,0
33611,0
33612,0
33613,0
33614,0
33615,0
33616,1
33617,0
33618,1
33619,0
33620,0
33621,0
33622,1
33623,1
33624,1
33625,0
33626,1
33627,1
33628,1
33629,1
33630,1
33631,1
33632,0
33633,0
33634,0
33635,0
33636,1
33637,0
33638,0
33639,0
33640,1
33641,1
33642,1
33643,0
33644,1
33645,0
33646,1
33647,1
33648,0
33649,0
33650,0
33651,1
33652,1
33653,0
33654,1
33655,1
33656,0
33657,0
33658,0
33659,1
33660,0
33661,0
33662,0
33663,0
33664,1
33665,0
33666,1
33667,0
33668,1
33669,0
33670,0
33671,0
33672,0
33673,0
33674,1
33675,1
33676,1
33677,0
33678,0
33679,0
33680,0
33681,1
33682,0
33683,1
33684,1
33685,0
33686,0
33687,1
33688,1
33689,0
33690,0
33691,0
33692,0
33693,1
33694,1
33695,1
33696,1
33697,0
33698,1
33699,1
33700,0
33701,0
33702,0
33703,0
33704,0
33705,1
33706,0
33707,0
33708,1
33709,0
33710,1
33711,1
33712,1
33713,0
33714,0
33715,1
33716,1
33717,0
33718,0
33719,0
33720,1
33721,1
33722,0
33723,1
33724,1
33725,0
33726,0
33727,1
33728,1
33729,0
33730,0
33731,0
33732,0
33733,1
33734,1
33735,1
33736,1
33737,0
33738,0
33739,1
33740,0
33741,1
33742,0
33743,1
33744,1
33745,1
33746,1
33747,1
33748,0
33749,0
33750,1
33751,1
33752,1
33753,1
33754,0
33755,0
33756,0
33757,1
33758,0
33759,1
33760,0
33761,0
33762,0
33763,0
33764,1
33765,1
33766,1
33767,1
33768,1
33769,0
33770,1
33771,1
33772,1
33773,0
33774,1
33775,1
33776,0
33777,0
33778,0
33779,1
33780,1
33781,0
33782,0
33783,0
33784,0
33785,0
33786,1
33787,1
33788,1
33789,0
33790,1
33791,0
33792,1
33793,0
33794,0
33795,0
33796,0
33797,0
33798,0
33799,0
33800,0
33801,1
33802,0
33803,1
33804,1
33805,0
33806,1
33807,0
33808,1
33809,0
33810,0
33811,0
33812,1
33813,1
33814,0
33815,0
33816,0
33817,0
33818,1
33819,0
33820,1
33821,0
33822,1
33823,1
33824,0
33825,1
33826,1
33827,0
33828,1
33829,1
33830,1
33831,1
33832,0
33833,0
33834,1
33835,0
33836,0
33837,0
33838,1
33839,1
33840,1
33841,1
33842,1
33843,0
33844,1
33845,1
33846,1
33847,0
33848,1
33849,0
33850,1
33851,0
33852,0
33853,1
33854,1
33855,0
33856,1
33857,0
33858,1
33859,0
33860,1
33861,1
33862,1
33863,0
33864,1
33865,0
33866,1
33867,0
33868,1
33869,1
33870,0
33871,0
33872,1
33873,0
33874,1
33875,1
33876,0
33877,1
33878,0
33879,1
33880,1
33881,0
33882,1
33883,1
33884,1
33885,0
33886,1
33887,1
33888,0
33889,0
33890,1
33891,0
33892,1
33893,0
33894,1
33895,1
33896,1
33897,0
33898,0
33899,1
33900,1
33901,1
33902,0
33903,1
33904,1
33905,1
33906,0
33907,1
33908,1
33909,1
33910,1
33911,0
33912,1
33913,1
33914,1
33915,1
33916,1
33917,1
33918,1
33919,0
33920,0
33921,1
33922,1
33923,1
33924,1
33925,1
33926,0
33927,0
33928,1
33929,1
33930,0
33931,1
33932,1
33933,0
33934,1
33935,0
33936,1
33937,1
33938,1
33939,0
33940,0
33941,0
33942,1
33943,0
33944,0
33945,1
33946,0
33947,0
33948,0
33949,1
33950,0
33951,0
33952,0
33953,1
33954,0
33955,0
33956,0
33957,1
33958,1
33959,1
33960,0
33961,0
33962,1
33963,0
33964,1
33965,1
33966,0
33967,1
33968,1
33969,1
33970,0
33971,0
33972,1
33973,1
33974,1
33975,1
33976,0
33977,1
33978,1
33979,1
33980,0
33981,0
33982,1
33983,1
33984,1
33985,1
33986,0
33987,0
33988,1
33989,0
33990,1
33991,0
33992,1
33993,1
33994,1
33995,1
33996,0
33997,1
33998,0
33999,0
34000,1
34001,0
34002,1
34003,0
34004,1
34005,0
34006,0
34007,0
34008,0
34009,1
34010,1
34011,0
34012,0
34013,1
34014,0
34015,1
34016,0
34017,1
34018,1
34019,1
34020,0
34021,0
34022,1
34023,1
34024,0
34025,0
34026,0
34027,1
34028,0
34029,0
34030,0
34031,0
34032,1
34033,1
34034,1
34035,1
34036,0
34037,1
34038,1
34039,0
34040,1
34041,1
34042,1
34043,1
34044,0
34045,0
34046,0
34047,1
34048,1
34049,0
34050,1
34051,1
34052,0
34053,0
34054,0
34055,1
34056,0
34057,0
34058,0
34059,0
34060,1
34061,1
34062,1
34063,1
34064,0
34065,0
34066,0
34067,1
34068,0
34069,0
34070,0
34071,0
34072,1
34073,0
34074,0
34075,1
34076,1
34077,0
34078,0
34079,1
34080,1
34081,0
34082,0
34083,1
34084,1
34085,0
34086,1
34087,0
34088,1
34089,1
34090,1
34091,1
34092,0
34093,0
34094,0
34095,0
34096,0
34097,1
34098,1
34099,1
34100,0
34101,0
34102,0
34103,0
34104,1
34105,1
34106,0
34107,1
34108,0
34109,0
34110,1
34111,0
34112,1
34113,0
34114,1
34115,0
34116,0
34117,1
34118,1
34119,0
34120,0
34121,1
34122,0
34123,0
34124,1
34125,1
34126,0
34127,0
34128,0
34129,0
34130,0
34131,0
34132,1
34133,0
34134,1
34135,0
34136,1
34137,0
34138,0
34139,0
34140,0
34141,1
34142,1
34143,0
34144,0
34145,0
34146,0
34147,1
34148,1
34149,1
34150,1
34151,0
34152,1
34153,0
34154,0
34155,1
34156,0
34157,1
34158,0
34159,1
34160,1
34161,0
34162,0
34163,0
34164,0
34165,1
34166,0
34167,0
34168,1
34169,0
34170,1
34171,0
34172,1
34173,0
34174,0
34175,0
34176,0
34177,1
34178,0
34179,1
34180,0
34181,1
34182,0
34183,0
34184,0
34185,1
34186,1
34187,0
34188,1
34189,1
34190,0
34191,0
34192,0
34193,0
34194,1
34195,0
34196,1
34197,0
34198,1
34199,1
34200,0
34201,0
34202,1
34203,0
34204,0
34205,0
34206,0
34207,1
34208,1
34209,1
34210,1
34211,0
34212,1
34213,0
34214,0
34215,0
34216,0
34217,0
34218,0
34219,0
34220,1
34221,0
34222,0
34223,1
34224,0
34225,0
34226,0
34227,0
34228,1
34229,1
34230,1
34231,1
34232,0
34233,1
34234,0
34235,0
34236,0
34237,0
34238,0
34239,1
34240,0
34241,1
34242,1
34243,0
34244,1
34245,1
34246,0
34247,0
34248,1
34249,1
34250,1
34251,1
34252,1
34253,1
34254,1
34255,1
34256,0
34257,1
34258,0
34259,1
34260,0
34261,0
34262,0
34263,0
34264,1
34265,0
34266,0
34267,0
34268,0
34269,1
34270,1
34271,1
34272,0
34273,1
34274,0
34275,1
34276,0
34277,0
34278,0
34279,0
34280,0
34281,0
34282,1
34283,0
34284,1
34285,1
34286,1
34287,1
34288,1
34289,0
34290,0
34291,1
34292,1
34293,1
34294,0
34295,1
34296,1
34297,1
34298,1
34299,1
34300,0
34301,1
34302,1
34303,0
34304,0
34305,0
34306,1
34307,0
34308,1
34309,1
34310,1
34311,1
34312,1
34313,0
34314,1
34315,1
34316,0
34317,1
34318,1
34319,0
34320,0
34321,1
34322,0
34323,1
34324,1
34325,0
34326,0
34327,1
34328,0
34329,0
34330,0
34331,0
34332,0
34333,0
34334,0
34335,1
34336,1
34337,0
34338,0
34339,1
34340,0
34341,0
34342,1
34343,0
34344,0
34345,1
34346,1
34347,0
34348,1
34349,0
34350,0
34351,0
34352,0
34353,1
34354,1
34355,1
34356,1
34357,0
34358,0
34359,0
34360,0
34361,1
34362,0
34363,1
34364,1
34365,0
34366,0
34367,0
34368,0
34369,1
34370,1
34371,1
34372,1
34373,1
34374,0
34375,1
34376,0
34377,0
34378,0
34379,1
34380,1
34381,1
34382,1
34383,1
34384,0
34385,0
34386,1
34387,0
34388,0
34389,0
34390,1
34391,1
34392,0
34393,0
34394,0
34395,1
34396,1
34397,0
34398,1
34399,0
34400,1
34401,0
34402,1
34403,1
34404,1
34405,0
34406,1
34407,1
34408,0
34409,0
34410,0
34411,0
34412,1
34413,0
34414,0
34415,1
34416,0
34417,0
34418,1
34419,1
34420,1
34421,0
34422,0
34423,0
34424,1
34425,1
34426,0
34427,0
34428,1
34429,0
34430,0
34431,1
34432,1
34433,1
34434,0
34435,0
34436,0
34437,0
34438,1
34439,0
34440,0
34441,1
34442,1
34443,1
34444,0
34445,1
34446,0
34447,0
34448,0
34449,1
34450,1
34451,0
34452,0
34453,0
34454,1
34455,1
34456,0
34457,1
34458,0
34459,0
34460,0
34461,0
34462,0
34463,1
34464,0
34465,0
34466,1
34467,0
34468,0
34469,0
34470,1
34471,1
34472,1
34473,0
34474,1
34475,1
34476,0
34477,0
34478,0
34479,1
34480,1
34481,0
34482,0
34483,0
34484,0
34485,1
34486,0
34487,1
34488,0
34489,1
34490,1
34491,1
34492,0
34493,1
34494,0
34495,0
34496,1
34497,0
34498,1
34499,1
34500,0
34501,0
34502,0
34503,0
34504,1
34505,0
34506,0
34507,0
34508,1
34509,1
34510,0
34511,0
34512,1
34513,0
34514,0
34515,0
34516,1
34517,0
34518,0
34519,1
34520,0
34521,1
34522,1
34523,0
34524,1
34525,0
34526,0
34527,0
34528,0
34529,0
34530,0
34531,0
34532,1
34533,1
34534,1
34535,0
34536,1
34537,0
34538,1
34539,1
34540,1
34541,0
34542,0
34543,0
34544,1
34545,0
34546,0
34547,1
34548,1
34549,0
34550,0
34551,0
34552,0
34553,1
34554,0
34555,0
34556,0
34557,1
34558,1
34559,1
34560,1
34561,1
34562,0
34563,1
34564,1
34565,0
34566,0
34567,1
34568,0
34569,1
34570,0
34571,0
34572,1
34573,0
34574,0
34575,0
34576,1
34577,0
34578,0
34579,0
34580,0
34581,1
34582,1
34583,1
34584,0
34585,1
34586,1
34587,0
34588,0
34589,1
34590,0
34591,0
34592,1
34593,1
34594,1
34595,1
34596,1
34597,1
34598,0
34599,0
34600,1
34601,0
34602,1
34603,1
34604,1
34605,0
34606,0
34607,0
34608,1
34609,0
34610,0
34611,1
34612,1
34613,0
34614,0
34615,0
34616,0
34617,1
34618,1
34619,0
34620,1
34621,0
34622,1
34623,1
34624,1
34625,1
34626,0
34627,1
34628,1
34629,0
34630,1
34631,0
34632,1
34633,1
34634,1
34635,1
34636,0
34637,0
34638,1
34639,1
34640,0
34641,1
34642,0
34643,0
34644,0
34645,0
34646,0
34647,0
34648,1
34649,0
34650,1
34651,1
34652,0
34653,0
34654,1
34655,1
34656,0
34657,1
34658,0
34659,0
34660,0
34661,0
34662,1
34663,1
34664,1
34665,0
34666,1
34667,1
34668,0
34669,0
34670,0
34671,0
34672,1
34673,0
34674,0
34675,1
34676,1
34677,0
34678,0
34679,0
34680,0
34681,1
34682,0
34683,0
34684,0
34685,0
34686,0
34687,0
34688,1
34689,0
34690,0
34691,0
34692,0
34693,1
34694,1
34695,0
34696,0
34697,0
34698,0
34699,1
34700,0
34701,0
34702,1
34703,0
34704,1
34705,0
34706,1
34707,0
34708,0
34709,0
34710,1
34711,1
34712,0
34713,1
34714,1
34715,0
34716,0
34717,1
34718,1
34719,0
34720,1
34721,0
34722,1
34723,1
34724,0
34725,0
34726,0
34727,0
34728,1
34729,0
34730,1
34731,1
34732,0
34733,0
34734,1
34735,1
34736,1
34737,1
34738,1
34739,1
34740,1
34741,1
34742,0
34743,0
34744,0
34745,0
34746,0
34747,0
34748,0
34749,0
34750,1
34751,1
34752,0
34753,1
34754,1
34755,1
34756,0
34757,0
34758,1
34759,0
34760,1
34761,1
34762,1
34763,1
34764,1
34765,1
34766,0
34767,0
34768,0
34769,0
34770,0
34771,1
34772,0
34773,1
34774,1
34775,0
34776,1
34777,1
34778,0
34779,1
34780,0
34781,0
34782,0
34783,1
34784,1
34785,1
34786,0
34787,0
34788,1
34789,0
34790,1
34791,1
34792,0
34793,0
34794,0
34795,0
34796,1
34797,0
34798,1
34799,0
34800,1
34801,0
34802,0
34803,0
34804,1
34805,0
34806,1
34807,1
34808,1
34809,0
34810,1
34811,0
34812,1
34813,1
34814,1
34815,1
34816,1
34817,0
34818,0
34819,0
34820,0
34821,1
34822,1
34823,0
34824,0
34825,0
34826,1
34827,0
34828,1
34829,1
34830,0
34831,1
34832,0
34833,0
34834,1
34835,0
34836,1
34837,0
34838,0
34839,1
34840,1
34841,1
34842,0
34843,1
34844,1
34845,1
34846,1
34847,1
34848,0
34849,0
34850,0
34851,1
34852,0
34853,1
34854,0
34855,1
34856,0
34857,0
34858,0
34859,0
34860,1
34861,1
34862,0
34863,1
34864,1
34865,0
34866,1
34867,0
34868,1
34869,0
34870,0
34871,1
34872,1
34873,0
34874,0
34875,0
34876,0
34877,1
34878,1
34879,0
34880,1
34881,0
34882,1
34883,1
34884,1
34885,1
34886,0
34887,1
34888,1
34889,1
34890,0
34891,0
34892,0
34893,1
34894,0
34895,0
34896,0
34897,0
34898,0
34899,1
34900,0
34901,1
34902,0
34903,0
34904,0
34905,1
34906,1
34907,1
34908,0
34909,0
34910,0
34911,0
34912,1
34913,0
34914,1
34915,1
34916,1
34917,0
34918,1
34919,0
34920,0
34921,0
34922,1
34923,0
34924,0
34925,0
34926,1
34927,0
34928,0
34929,1
34930,0
34931,0
34932,0
34933,1
34934,1
34935,1
34936,1
34937,1
34938,1
34939,0
34940,0
34941,0
34942,0
34943,1
34944,1
34945,0
34946,1
34947,1
34948,1
34949,1
34950,1
34951,1
34952,0
34953,0
34954,1
34955,0
34956,1
34957,0
34958,1
34959,0
34960,0
34961,1
34962,0
34963,1
34964,0
34965,0
34966,0
34967,0
34968,0
34969,0
34970,0
34971,0
34972,0
34973,0
34974,1
34975,1
34976,1
34977,1
34978,1
34979,0
34980,1
34981,0
34982,0
34983,1
34984,0
34985,0
34986,0
34987,0
34988,1
34989,1
34990,1
34991,1
34992,1
34993,1
34994,1
34995,0
34996,0
34997,1
34998,0
34999,0
35000,1
35001,1
35002,0
35003,1
35004,0
35005,0
35006,1
35007,1
35008,1
35009,1
35010,0
35011,1
35012,1
35013,0
35014,1
35015,1
35016,1
35017,1
35018,1
35019,0
35020,1
35021,0
35022,1
35023,1
35024,0
35025,0
35026,0
35027,1
35028,1
35029,0
35030,0
35031,0
35032,1
35033,1
35034,0
35035,0
35036,1
35037,0
35038,0
35039,0
35040,0
35041,1
35042,1
35043,0
35044,0
35045,1
35046,0
35047,1
35048,0
35049,1
35050,0
35051,0
35052,1
35053,0
35054,0
35055,1
35056,1
35057,0
35058,0
35059,0
35060,0
35061,0
35062,1
35063,1
35064,0
35065,0
35066,0
35067,0
35068,0
35069,1
35070,0
35071,1
35072,1
35073,0
35074,0
35075,1
35076,0
35077,0
35078,0
35079,1
35080,0
35081,1
35082,0
35083,0
35084,1
35085,0
35086,0
35087,1
35088,0
35089,1
35090,0
35091,1
35092,0
35093,1
35094,0
35095,0
35096,1
35097,0
35098,1
35099,0
35100,1
35101,0
35102,1
35103,1
35104,0
35105,0
35106,0
35107,0
35108,1
35109,0
35110,1
35111,1
35112,0
35113,0
35114,0
35115,0
35116,0
35117,0
35118,1
35119,1
35120,0
35121,0
35122,1
35123,0
35124,0
35125,1
35126,0
35127,1
35128,0
35129,0
35130,1
35131,0
35132,0
35133,1
35134,0
35135,1
35136,1
35137,0
35138,1
35139,0
35140,0
35141,1
35142,1
35143,0
35144,0
35145,1
35146,0
35147,1
35148,1
35149,1
35150,1
35151,1
35152,1
35153,0
35154,1
35155,1
35156,0
35157,1
35158,1
35159,1
35160,0
35161,0
35162,1
35163,1
35164,0
35165,1
35166,0
35167,0
35168,0
35169,0
35170,1
35171,0
35172,1
35173,0
35174,0
35175,0
35176,1
35177,0
35178,0
35179,1
35180,1
35181,1
35182,0
35183,1
35184,0
35185,0
35186,1
35187,0
35188,0
35189,0
35190,0
35191,0
35192,0
35193,1
35194,1
35195,1
35196,1
35197,0
35198,0
35199,1
35200,1
35201,0
35202,1
35203,1
35204,1
35205,1
35206,1
35207,1
35208,0
35209,1
35210,0
35211,0
35212,1
35213,1
35214,0
35215,0
35216,0
35217,1
35218,0
35219,0
35220,0
35221,0
35222,0
35223,1
35224,1
35225,0
35226,1
35227,1
35228,0
35229,0
35230,0
35231,1
35232,1
35233,1
35234,1
35235,0
35236,0
35237,1
35238,0
35239,1
35240,1
35241,1
35242,1
35243,0
35244,0
35245,1
35246,1
35247,0
35248,0
35249,0
35250,1
35251,0
35252,0
35253,0
35254,0
35255,0
35256,0
35257,1
35258,0
35259,0
35260,1
35261,0
35262,0
35263,1
35264,1
35265,0
35266,0
35267,1
35268,1
35269,1
35270,0
35271,0
35272,1
35273,0
35274,0
35275,1
35276,0
35277,0
35278,1
35279,0
35280,1
35281,1
35282,1
35283,0
35284,1
35285,0
35286,0
35287,1
35288,0
35289,1
35290,0
35291,1
35292,0
35293,1
35294,1
35295,0
35296,1
35297,1
35298,1
35299,1
35300,1
35301,0
35302,0
35303,1
35304,1
35305,0
35306,1
35307,0
35308,0
35309,1
35310,1
35311,1
35312,1
35313,1
35314,0
35315,1
35316,1
35317,1
35318,1
35319,1
35320,0
35321,1
35322,0
35323,0
35324,0
35325,0
35326,1
35327,1
35328,0
35329,0
35330,0
35331,1
35332,1
35333,0
35334,0
35335,1
35336,1
35337,0
35338,1
35339,1
35340,0
35341,0
35342,0
35343,0
35344,1
35345,0
35346,0
35347,1
35348,0
35349,1
35350,1
35351,0
35352,0
35353,0
35354,1
35355,0
35356,1
35357,1
35358,0
35359,1
35360,1
35361,0
35362,0
35363,0
35364,0
35365,0
35366,0
35367,0
35368,0
35369,1
35370,1
35371,1
35372,1
35373,0
35374,0
35375,0
35376,1
35377,1
35378,0
35379,1
35380,1
35381,1
35382,0
35383,0
35384,1
35385,1
35386,0
35387,0
35388,1
35389,1
35390,0
35391,1
35392,1
35393,1
35394,0
35395,0
35396,1
35397,1
35398,1
35399,1
35400,1
35401,1
35402,1
35403,1
35404,0
35405,0
35406,0
35407,0
35408,1
35409,1
35410,1
35411,1
35412,1
35413,0
35414,1
35415,1
35416,0
35417,1
35418,0
35419,1
35420,0
35421,0
35422,0
35423,0
35424,0
35425,1
35426,0
35427,1
35428,0
35429,1
35430,1
35431,0
35432,0
35433,0
35434,0
35435,0
35436,0
35437,0
35438,0
35439,1
35440,0
35441,0
35442,1
35443,0
35444,0
35445,0
35446,0
35447,1
35448,1
35449,1
35450,1
35451,1
35452,0
35453,0
35454,0
35455,1
35456,1
35457,1
35458,0
35459,1
35460,1
35461,0
35462,1
35463,1
35464,0
35465,0
35466,0
35467,1
35468,1
35469,1
35470,1
35471,0
35472,0
35473,1
35474,1
35475,0
35476,0
35477,0
35478,1
35479,0
35480,0
35481,1
35482,1
35483,1
35484,1
35485,0
35486,0
35487,1
35488,1
35489,1
35490,1
35491,1
35492,1
35493,0
35494,0
35495,0
35496,0
35497,0
35498,0
35499,1
35500,0
35501,0
35502,1
35503,0
35504,1
35505,0
35506,1
35507,1
35508,0
35509,1
35510,0
35511,0
35512,0
35513,1
35514,1
35515,0
35516,0
35517,1
35518,1
35519,0
35520,0
35521,1
35522,0
35523,1
35524,0
35525,0
35526,1
35527,0
35528,0
35529,1
35530,1
35531,1
35532,1
35533,1
35534,1
35535,0
35536,0
35537,1
35538,0
35539,0
35540,0
35541,1
35542,0
35543,0
35544,1
35545,0
35546,0
35547,0
35548,1
35549,0
35550,0
35551,0
35552,1
35553,0
35554,0
35555,1
35556,0
35557,0
35558,0
35559,1
35560,1
35561,1
35562,1
35563,0
35564,1
35565,1
35566,0
35567,1
35568,1
35569,1
35570,1
35571,1
35572,1
35573,1
35574,1
35575,0
35576,1
35577,0
35578,1
35579,0
35580,0
35581,1
35582,1
35583,0
35584,1
35585,1
35586,1
35587,1
35588,0
35589,0
35590,0
35591,1
35592,1
35593,1
35594,1
35595,0
35596,1
35597,0
35598,1
35599,0
35600,0
35601,0
35602,1
35603,0
35604,1
35605,0
35606,0
35607,1
35608,1
35609,1
35610,0
35611,1
35612,1
35613,1
35614,0
35615,1
35616,0
35617,0
35618,0
35619,0
35620,1
35621,0
35622,0
35623,1
35624,1
35625,1
35626,0
35627,0
35628,0
35629,1
35630,0
35631,0
35632,0
35633,0
35634,1
35635,0
35636,1
35637,0
35638,0
35639,0
35640,1
35641,0
35642,1
35643,1
35644,1
35645,1
35646,0
35647,1
35648,0
35649,0
35650,1
35651,1
35652,0
35653,1
35654,0
35655,1
35656,0
35657,1
35658,1
35659,0
35660,1
35661,1
35662,1
35663,1
35664,0
35665,1
35666,0
35667,0
35668,1
35669,0
35670,0
35671,1
35672,0
35673,1
35674,1
35675,0
35676,0
35677,0
35678,1
35679,0
35680,1
35681,0
35682,1
35683,1
35684,1
35685,0
35686,0
35687,1
35688,0
35689,1
35690,0
35691,0
35692,1
35693,1
35694,0
35695,0
35696,0
35697,1
35698,1
35699,1
35700,0
35701,1
35702,1
35703,0
35704,0
35705,1
35706,0
35707,0
35708,1
35709,1
35710,0
35711,0
35712,0
35713,0
35714,1
35715,1
35716,0
35717,1
35718,1
35719,0
35720,1
35721,0
35722,0
35723,1
35724,0
35725,1
35726,0
35727,1
35728,1
35729,0
35730,1
35731,0
35732,0
35733,1
35734,1
35735,1
35736,0
35737,1
35738,1
35739,1
35740,1
35741,1
35742,1
35743,0
35744,0
35745,0
35746,1
35747,0
35748,0
35749,1
35750,1
35751,0
35752,0
35753,0
35754,1
35755,1
35756,1
35757,0
35758,0
35759,0
35760,0
35761,0
35762,0
35763,0
35764,1
35765,0
35766,1
35767,1
35768,0
35769,1
35770,0
35771,1
35772,1
35773,0
35774,1
35775,0
35776,1
35777,0
35778,1
35779,1
35780,1
35781,1
35782,0
35783,0
35784,0
35785,0
35786,1
35787,1
35788,1
35789,1
35790,1
35791,1
35792,1
35793,0
35794,1
35795,0
35796,1
35797,0
35798,1
35799,1
35800,0
35801,0
35802,1
35803,1
35804,0
35805,0
35806,1
35807,1
35808,0
35809,1
35810,0
35811,0
35812,0
35813,0
35814,0
35815,0
35816,0
35817,0
35818,0
35819,1
35820,1
35821,0
35822,1
35823,0
35824,0
35825,0
35826,0
35827,1
35828,1
35829,0
35830,0
35831,0
35832,0
35833,1
35834,0
35835,0
35836,1
35837,0
35838,0
35839,0
35840,0
35841,0
35842,0
35843,1
35844,1
35845,0
35846,1
35847,0
35848,1
35849,0
35850,1
35851,0
35852,0
35853,1
35854,1
35855,1
35856,1
35857,0
35858,0
35859,1
35860,0
35861,0
35862,0
35863,1
35864,0
35865,0
35866,1
35867,0
35868,1
35869,0
35870,1
35871,0
35872,0
35873,0
35874,0
35875,0
35876,0
35877,1
35878,1
35879,1
35880,1
35881,1
35882,1
35883,0
35884,1
35885,0
35886,1
35887,1
35888,1
35889,1
35890,0
35891,0
35892,0
35893,1
35894,0
35895,0
35896,1
35897,1
35898,0
35899,1
35900,0
35901,1
35902,1
35903,0
35904,1
35905,1
35906,0
35907,0
35908,1
35909,0
35910,0
35911,1
35912,1
35913,1
35914,1
35915,0
35916,1
35917,0
35918,0
35919,1
35920,0
35921,0
35922,1
35923,0
35924,0
35925,0
35926,1
35927,1
35928,0
35929,0
35930,0
35931,0
35932,0
35933,0
35934,0
35935,1
35936,1
35937,0
35938,0
35939,1
35940,1
35941,1
35942,0
35943,0
35944,1
35945,1
35946,1
35947,1
35948,0
35949,0
35950,0
35951,1
35952,1
35953,1
35954,1
35955,1
35956,0
35957,1
35958,0
35959,0
35960,0
35961,1
35962,0
35963,1
35964,0
35965,0
35966,0
35967,0
35968,0
35969,0
35970,0
35971,1
35972,1
35973,1
35974,1
35975,1
35976,0
35977,0
35978,0
35979,0
35980,1
35981,1
35982,0
35983,0
35984,0
35985,1
35986,1
35987,1
35988,0
35989,1
35990,1
35991,0
35992,0
35993,1
35994,0
35995,1
35996,0
35997,1
35998,0
35999,0
36000,1
36001,0
36002,0
36003,1
36004,0
36005,0
36006,0
36007,0
36008,0
36009,1
36010,0
36011,1
36012,0
36013,1
36014,0
36015,0
36016,0
36017,1
36018,0
36019,1
36020,1
36021,0
36022,0
36023,0
36024,1
36025,0
36026,1
36027,0
36028,0
36029,0
36030,0
36031,1
36032,0
36033,0
36034,0
36035,0
36036,0
36037,0
36038,0
36039,1
36040,1
36041,1
36042,0
36043,0
36044,1
36045,0
36046,1
36047,0
36048,1
36049,1
36050,1
36051,1
36052,1
36053,1
36054,0
36055,1
36056,1
36057,1
36058,1
36059,1
36060,0
36061,0
36062,1
36063,0
36064,1
36065,0
36066,0
36067,1
36068,0
36069,1
36070,0
36071,0
36072,1
36073,1
36074,0
36075,1
36076,0
36077,0
36078,1
36079,1
36080,0
36081,1
36082,0
36083,1
36084,0
36085,1
36086,1
36087,0
36088,0
36089,1
36090,1
36091,0
36092,0
36093,0
36094,0
36095,1
36096,0
36097,1
36098,1
36099,0
36100,0
36101,0
36102,0
36103,0
36104,1
36105,0
36106,0
36107,0
36108,0
36109,1
36110,0
36111,0
36112,1
36113,0
36114,0
36115,1
36116,0
36117,1
36118,0
36119,0
36120,1
36121,1
36122,1
36123,1
36124,0
36125,0
36126,0
36127,1
36128,1
36129,1
36130,0
36131,0
36132,0
36133,0
36134,1
36135,1
36136,0
36137,1
36138,1
36139,1
36140,0
36141,1
36142,0
36143,0
36144,1
36145,0
36146,0
36147,0
36148,0
36149,0
36150,1
36151,0
36152,0
36153,0
36154,1
36155,1
36156,1
36157,1
36158,1
36159,0
36160,0
36161,1
36162,1
36163,1
36164,1
36165,0
36166,0
36167,0
36168,0
36169,0
36170,0
36171,0
36172,1
36173,0
36174,1
36175,1
36176,0
36177,0
36178,1
36179,1
36180,0
36181,1
36182,1
36183,1
36184,0
36185,1
36186,1
36187,1
36188,0
36189,1
36190,0
36191,1
36192,0
36193,1
36194,0
36195,1
36196,1
36197,0
36198,1
36199,1
36200,1
36201,1
36202,1
36203,1
36204,1
36205,0
36206,1
36207,0
36208,1
36209,1
36210,1
36211,1
36212,1
36213,0
36214,0
36215,1
36216,0
36217,1
36218,0
36219,1
36220,0
36221,1
36222,0
36223,0
36224,0
36225,0
36226,0
36227,0
36228,0
36229,1
36230,1
36231,1
36232,1
36233,0
36234,1
36235,0
36236,1
36237,1
36238,0
36239,0
36240,0
36241,0
36242,1
36243,1
36244,0
36245,1
36246,0
36247,1
36248,1
36249,1
36250,1
36251,1
36252,1
36253,1
36254,0
36255,1
36256,1
36257,1
36258,1
36259,1
36260,1
36261,1
36262,0
36263,0
36264,1
36265,0
36266,0
36267,0
36268,0
36269,1
36270,1
36271,1
36272,1
36273,0
36274,1
36275,0
36276,1
36277,0
36278,0
36279,0
36280,0
36281,0
36282,1
36283,1
36284,1
36285,1
36286,1
36287,1
36288,1
36289,0
36290,1
36291,0
36292,1
36293,1
36294,0
36295,0
36296,1
36297,0
36298,0
36299,1
36300,0
36301,1
36302,0
36303,1
36304,0
36305,1
36306,1
36307,0
36308,1
36309,0
36310,1
36311,0
36312,1
36313,1
36314,0
36315,0
36316,1
36317,0
36318,0
36319,1
36320,0
36321,1
36322,1
36323,0
36324,1
36325,1
36326,0
36327,0
36328,0
36329,0
36330,0
36331,1
36332,0
36333,0
36334,1
36335,1
36336,0
36337,0
36338,1
36339,0
36340,1
36341,0
36342,1
36343,0
36344,1
36345,1
36346,0
36347,1
36348,1
36349,0
36350,1
36351,1
36352,1
36353,0
36354,0
36355,0
36356,0
36357,1
36358,1
36359,0
36360,1
36361,0
36362,0
36363,1
36364,0
36365,1
36366,1
36367,0
36368,1
36369,1
36370,1
36371,0
36372,1
36373,1
36374,1
36375,0
36376,1
36377,1
36378,1
36379,0
36380,1
36381,0
36382,1
36383,0
36384,0
36385,1
36386,1
36387,0
36388,1
36389,0
36390,1
36391,0
36392,1
36393,1
36394,1
36395,1
36396,1
36397,1
36398,1
36399,0
36400,1
36401,0
36402,1
36403,0
36404,0
36405,1
36406,1
36407,1
36408,1
36409,0
36410,1
36411,1
36412,1
36413,1
36414,0
36415,1
36416,0
36417,0
36418,1
36419,1
36420,1
36421,1
36422,1
36423,0
36424,1
36425,1
36426,1
36427,0
36428,1
36429,0
36430,1
36431,1
36432,0
36433,1
36434,1
36435,0
36436,1
36437,0
36438,0
36439,1
36440,1
36441,0
36442,0
36443,1
36444,1
36445,0
36446,1
36447,1
36448,0
36449,0
36450,0
36451,0
36452,1
36453,1
36454,1
36455,1
36456,1
36457,1
36458,0
36459,0
36460,0
36461,1
36462,0
36463,0
36464,1
36465,0
36466,1
36467,1
36468,1
36469,0
36470,1
36471,1
36472,1
36473,0
36474,0
36475,1
36476,0
36477,0
36478,1
36479,0
36480,0
36481,0
36482,0
36483,0
36484,1
36485,0
36486,1
36487,0
36488,0
36489,0
36490,0
36491,0
36492,0
36493,0
36494,1
36495,0
36496,1
36497,1
36498,1
36499,1
36500,0
36501,0
36502,1
36503,0
36504,0
36505,1
36506,0
36507,0
36508,0
36509,0
36510,1
36511,1
36512,1
36513,1
36514,1
36515,1
36516,1
36517,0
36518,0
36519,0
36520,1
36521,0
36522,1
36523,1
36524,1
36525,1
36526,0
36527,0
36528,1
36529,1
36530,1
36531,1
36532,1
36533,0
36534,0
36535,0
36536,0
36537,1
36538,0
36539,1
36540,1
36541,0
36542,0
36543,0
36544,0
36545,0
36546,0
36547,1
36548,0
36549,1
36550,1
36551,0
36552,0
36553,0
36554,1
36555,1
36556,0
36557,1
36558,0
36559,0
36560,1
36561,0
36562,0
36563,1
36564,1
36565,0
36566,0
36567,0
36568,1
36569,0
36570,0
36571,0
36572,1
36573,1
36574,1
36575,1
36576,0
36577,0
36578,0
36579,0
36580,0
36581,1
36582,0
36583,1
36584,0
36585,1
36586,0
36587,1
36588,0
36589,0
36590,0
36591,1
36592,0
36593,1
36594,0
36595,0
36596,0
36597,0
36598,0
36599,0
36600,1
36601,0
36602,0
36603,1
36604,0
36605,1
36606,0
36607,1
36608,1
36609,1
36610,1
36611,1
36612,0
36613,0
36614,1
36615,1
36616,1
36617,0
36618,0
36619,1
36620,0
36621,0
36622,0
36623,1
36624,0
36625,1
36626,0
36627,0
36628,1
36629,0
36630,1
36631,1
36632,1
36633,0
36634,1
36635,1
36636,0
36637,1
36638,0
36639,0
36640,1
36641,1
36642,0
36643,0
36644,0
36645,0
36646,0
36647,0
36648,1
36649,0
36650,1
36651,0
36652,0
36653,0
36654,0
36655,0
36656,0
36657,0
36658,1
36659,1
36660,0
36661,1
36662,1
36663,0
36664,1
36665,1
36666,0
36667,0
36668,1
36669,1
36670,1
36671,0
36672,1
36673,1
36674,1
36675,0
36676,0
36677,0
36678,0
36679,0
36680,1
36681,1
36682,1
36683,0
36684,0
36685,1
36686,1
36687,1
36688,1
36689,1
36690,1
36691,1
36692,1
36693,0
36694,1
36695,0
36696,1
36697,1
36698,1
36699,0
36700,1
36701,0
36702,1
36703,0
36704,1
36705,1
36706,0
36707,1
36708,0
36709,1
36710,0
36711,1
36712,1
36713,1
36714,0
36715,1
36716,1
36717,0
36718,0
36719,1
36720,0
36721,1
36722,0
36723,1
36724,0
36725,1
36726,1
36727,1
36728,1
36729,0
36730,0
36731,1
36732,0
36733,0
36734,0
36735,0
36736,1
36737,0
36738,1
36739,0
36740,1
36741,0
36742,0
36743,0
36744,0
36745,1
36746,1
36747,0
36748,1
36749,0
36750,0
36751,0
36752,1
36753,1
36754,0
36755,1
36756,0
36757,0
36758,0
36759,1
36760,0
36761,1
36762,1
36763,1
36764,0
36765,1
36766,1
36767,1
36768,1
36769,0
36770,1
36771,1
36772,1
36773,0
36774,0
36775,0
36776,1
36777,0
36778,1
36779,0
36780,0
36781,0
36782,1
36783,1
36784,0
36785,0
36786,0
36787,1
36788,0
36789,0
36790,1
36791,0
36792,0
36793,1
36794,0
36795,0
36796,1
36797,1
36798,1
36799,0
36800,1
36801,1
36802,1
36803,1
36804,1
36805,1
36806,0
36807,0
36808,1
36809,1
36810,1
36811,1
36812,0
36813,0
36814,1
36815,0
36816,1
36817,1
36818,0
36819,1
36820,1
36821,1
36822,0
36823,0
36824,0
36825,1
36826,0
36827,0
36828,1
36829,0
36830,1
36831,0
36832,0
36833,1
36834,0
36835,1
36836,1
36837,0
36838,1
36839,0
36840,1
36841,1
36842,1
36843,1
36844,0
36845,0
36846,0
36847,0
36848,1
36849,1
36850,1
36851,1
36852,1
36853,0
36854,0
36855,0
36856,0
36857,1
36858,0
36859,1
36860,0
36861,0
36862,0
36863,1
36864,0
36865,0
36866,0
36867,0
36868,1
36869,1
36870,1
36871,0
36872,1
36873,1
36874,1
36875,1
36876,1
36877,0
36878,0
36879,0
36880,0
36881,0
36882,1
36883,0
36884,1
36885,0
36886,1
36887,1
36888,1
36889,1
36890,1
36891,1
36892,1
36893,1
36894,0
36895,1
36896,0
36897,0
36898,0
36899,0
36900,1
36901,1
36902,1
36903,1
36904,1
36905,1
36906,0
36907,1
36908,0
36909,0
36910,0
36911,0
36912,1
36913,1
36914,1
36915,1
36916,0
36917,0
36918,0
36919,0
36920,0
36921,1
36922,1
36923,1
36924,1
36925,0
36926,1
36927,1
36928,0
36929,0
36930,0
36931,0
36932,0
36933,0
36934,0
36935,1
36936,0
36937,1
36938,0
36939,1
36940,1
36941,1
36942,1
36943,0
36944,0
36945,0
36946,0
36947,0
36948,1
36949,1
36950,0
36951,1
36952,0
36953,1
36954,1
36955,0
36956,0
36957,0
36958,0
36959,1
36960,1
36961,0
36962,0
36963,0
36964,1
36965,1
36966,1
36967,0
36968,0
36969,0
36970,1
36971,1
36972,0
36973,0
36974,0
36975,0
36976,1
36977,1
36978,1
36979,0
36980,1
36981,0
36982,1
36983,0
36984,1
36985,1
36986,0
36987,0
36988,0
36989,1
36990,0
36991,0
36992,0
36993,0
36994,1
36995,1
36996,1
36997,1
36998,0
36999,1
37000,0
37001,0
37002,1
37003,1
37004,1
37005,0
37006,0
37007,1
37008,1
37009,0
37010,1
37011,1
37012,1
37013,1
37014,0
37015,0
37016,0
37017,1
37018,1
37019,1
37020,1
37021,0
37022,1
37023,1
37024,1
37025,1
37026,0
37027,1
37028,0
37029,1
37030,0
37031,1
37032,1
37033,1
37034,0
37035,0
37036,0
37037,1
37038,0
37039,1
37040,0
37041,1
37042,1
37043,0
37044,0
37045,1
37046,0
37047,0
37048,0
37049,0
37050,1
37051,1
37052,1
37053,0
37054,1
37055,0
37056,1
37057,0
37058,1
37059,1
37060,0
37061,1
37062,1
37063,1
37064,1
37065,1
37066,0
37067,0
37068,0
37069,0
37070,1
37071,0
37072,0
37073,0
37074,0
37075,1
37076,1
37077,1
37078,0
37079,1
37080,1
37081,1
37082,0
37083,1
37084,0
37085,1
37086,0
37087,0
37088,0
37089,0
37090,1
37091,0
37092,0
37093,1
37094,1
37095,1
37096,1
37097,1
37098,0
37099,1
37100,1
37101,0
37102,0
37103,1
37104,1
37105,0
37106,0
37107,1
37108,1
37109,0
37110,1
37111,1
37112,0
37113,0
37114,0
37115,1
37116,1
37117,1
37118,1
37119,1
37120,0
37121,0
37122,0
37123,0
37124,0
37125,1
37126,1
37127,1
37128,1
37129,0
37130,1
37131,1
37132,1
37133,1
37134,1
37135,0
37136,0
37137,0
37138,1
37139,0
37140,0
37141,1
37142,1
37143,1
37144,1
37145,0
37146,0
37147,1
37148,0
37149,1
37150,1
37151,1
37152,1
37153,0
37154,1
37155,0
37156,1
37157,0
37158,0
37159,0
37160,0
37161,1
37162,0
37163,0
37164,1
37165,1
37166,0
37167,0
37168,1
37169,1
37170,1
37171,1
37172,0
37173,0
37174,1
37175,0
37176,0
37177,0
37178,0
37179,0
37180,0
37181,0
37182,0
37183,0
37184,1
37185,0
37186,1
37187,0
37188,0
37189,0
37190,1
37191,0
37192,1
37193,1
37194,0
37195,1
37196,1
37197,1
37198,0
37199,1
37200,0
37201,0
37202,1
37203,1
37204,0
37205,1
37206,0
37207,1
37208,1
37209,0
37210,0
37211,1
37212,0
37213,0
37214,0
37215,0
37216,0
37217,1
37218,0
37219,1
37220,0
37221,1
37222,1
37223,0
37224,0
37225,1
37226,0
37227,1
37228,1
37229,0
37230,1
37231,0
37232,1
37233,0
37234,0
37235,1
37236,0
37237,0
37238,0
37239,1
37240,0
37241,0
37242,0
37243,0
37244,0
37245,0
37246,0
37247,1
37248,1
37249,1
37250,0
37251,1
37252,1
37253,0
37254,1
37255,0
37256,0
37257,1
37258,0
37259,0
37260,0
37261,0
37262,0
37263,0
37264,1
37265,1
37266,1
37267,1
37268,1
37269,1
37270,1
37271,0
37272,1
37273,0
37274,0
37275,1
37276,1
37277,1
37278,1
37279,1
37280,0
37281,1
37282,1
37283,1
37284,0
37285,1
37286,1
37287,0
37288,0
37289,1
37290,0
37291,1
37292,1
37293,0
37294,0
37295,0
37296,0
37297,1
37298,0
37299,1
37300,0
37301,1
37302,0
37303,1
37304,0
37305,0
37306,0
37307,0
37308,1
37309,0
37310,1
37311,1
37312,0
37313,1
37314,0
37315,0
37316,1
37317,1
37318,0
37319,1
37320,1
37321,1
37322,0
37323,1
37324,1
37325,0
37326,1
37327,1
37328,0
37329,1
37330,0
37331,1
37332,0
37333,0
37334,0
37335,0
37336,0
37337,0
37338,1
37339,1
37340,0
37341,1
37342,0
37343,1
37344,1
37345,1
37346,1
37347,1
37348,0
37349,0
37350,0
37351,1
37352,0
37353,1
37354,1
37355,1
37356,0
37357,0
37358,1
37359,0
37360,1
37361,0
37362,1
37363,0
37364,1
37365,1
37366,1
37367,0
37368,0
37369,1
37370,0
37371,1
37372,0
37373,1
37374,0
37375,1
37376,1
37377,1
37378,1
37379,0
37380,1
37381,1
37382,0
37383,0
37384,0
37385,0
37386,0
37387,1
37388,1
37389,0
37390,0
37391,1
37392,1
37393,0
37394,0
37395,1
37396,0
37397,1
37398,0
37399,1
37400,1
37401,0
37402,0
37403,0
37404,1
37405,0
37406,0
37407,1
37408,0
37409,0
37410,0
37411,0
37412,1
37413,0
37414,0
37415,0
37416,1
37417,1
37418,0
37419,1
37420,0
37421,0
37422,1
37423,1
37424,0
37425,0
37426,1
37427,1
37428,1
37429,1
37430,0
37431,0
37432,1
37433,1
37434,1
37435,0
37436,0
37437,1
37438,1
37439,0
37440,1
37441,1
37442,0
37443,0
37444,0
37445,0
37446,1
37447,0
37448,1
37449,1
37450,0
37451,1
37452,1
37453,1
37454,0
37455,1
37456,1
37457,1
37458,0
37459,0
37460,1
37461,1
37462,1
37463,1
37464,1
37465,0
37466,1
37467,0
37468,1
37469,0
37470,0
37471,1
37472,0
37473,1
37474,1
37475,1
37476,1
37477,1
37478,1
37479,0
37480,0
37481,1
37482,1
37483,1
37484,1
37485,0
37486,1
37487,1
37488,0
37489,1
37490,0
37491,0
37492,0
37493,1
37494,0
37495,0
37496,1
37497,1
37498,0
37499,1
37500,0
37501,0
37502,0
37503,1
37504,0
37505,1
37506,0
37507,1
37508,0
37509,0
37510,0
37511,1
37512,0
37513,1
37514,0
37515,0
37516,1
37517,0
37518,0
37519,0
37520,1
37521,1
37522,0
37523,1
37524,1
37525,1
37526,1
37527,1
37528,1
37529,1
37530,1
37531,1
37532,0
37533,0
37534,0
37535,0
37536,0
37537,0
37538,1
37539,1
37540,1
37541,1
37542,1
37543,0
37544,1
37545,1
37546,1
37547,1
37548,0
37549,1
37550,1
37551,1
37552,0
37553,0
37554,1
37555,0
37556,1
37557,0
37558,0
37559,1
37560,1
37561,0
37562,1
37563,0
37564,0
37565,0
37566,0
37567,1
37568,0
37569,1
37570,0
37571,1
37572,1
37573,1
37574,0
37575,1
37576,1
37577,1
37578,1
37579,0
37580,1
37581,1
37582,1
37583,0
37584,0
37585,0
37586,0
37587,0
37588,1
37589,1
37590,1
37591,0
37592,1
37593,0
37594,0
37595,0
37596,0
37597,0
37598,0
37599,0
37600,0
37601,0
37602,0
37603,1
37604,0
37605,1
37606,1
37607,0
37608,0
37609,1
37610,0
37611,1
37612,1
37613,0
37614,1
37615,0
37616,0
37617,1
37618,1
37619,1
37620,1
37621,0
37622,1
37623,1
37624,0
37625,0
37626,0
37627,0
37628,1
37629,1
37630,0
37631,0
37632,0
37633,1
37634,1
37635,0
37636,0
37637,1
37638,1
37639,0
37640,0
37641,0
37642,0
37643,0
37644,1
37645,1
37646,0
37647,0
37648,1
37649,0
37650,1
37651,1
37652,1
37653,1
37654,0
37655,1
37656,1
37657,0
37658,1
37659,0
37660,1
37661,1
37662,0
37663,0
37664,1
37665,1
37666,1
37667,1
37668,0
37669,0
37670,0
37671,1
37672,1
37673,1
37674,1
37675,0
37676,1
37677,1
37678,1
37679,1
37680,1
37681,0
37682,1
37683,0
37684,1
37685,0
37686,1
37687,1
37688,1
37689,0
37690,0
37691,0
37692,0
37693,0
37694,0
37695,0
37696,1
37697,1
37698,0
37699,1
37700,1
37701,1
37702,1
37703,0
37704,0
37705,0
37706,0
37707,1
37708,0
37709,0
37710,1
37711,1
37712,0
37713,1
37714,0
37715,0
37716,1
37717,0
37718,0
37719,0
37720,0
37721,1
37722,0
37723,0
37724,0
37725,1
37726,1
37727,1
37728,1
37729,1
37730,1
37731,0
37732,1
37733,0
37734,1
37735,1
37736,0
37737,0
37738,0
37739,1
37740,1
37741,0
37742,0
37743,1
37744,0
37745,1
37746,1
37747,1
37748,1
37749,1
37750,1
37751,1
37752,1
37753,1
37754,1
37755,1
37756,1
37757,0
37758,0
37759,1
37760,0
37761,0
37762,0
37763,0
37764,0
37765,0
37766,0
37767,0
37768,0
37769,0
37770,1
37771,1
37772,1
37773,0
37774,0
37775,1
37776,0
37777,0
37778,1
37779,1
37780,0
37781,1
37782,0
37783,0
37784,1
37785,0
37786,0
37787,1
37788,1
37789,1
37790,1
37791,1
37792,1
37793,0
37794,0
37795,1
37796,1
37797,1
37798,0
37799,0
37800,1
37801,1
37802,0
37803,1
37804,1
37805,1
37806,0
37807,0
37808,1
37809,1
37810,1
37811,1
37812,0
37813,1
37814,1
37815,1
37816,1
37817,0
37818,1
37819,1
37820,1
37821,1
37822,1
37823,0
37824,0
37825,1
37826,1
37827,0
37828,0
37829,0
37830,0
37831,1
37832,1
37833,1
37834,0
37835,0
37836,0
37837,1
37838,0
37839,1
37840,1
37841,1
37842,1
37843,0
37844,0
37845,0
37846,1
37847,0
37848,1
37849,0
37850,1
37851,0
37852,1
37853,0
37854,1
37855,1
37856,1
37857,1
37858,0
37859,1
37860,1
37861,0
37862,0
37863,1
37864,1
37865,0
37866,0
37867,1
37868,1
37869,0
37870,0
37871,0
37872,1
37873,1
37874,1
37875,1
37876,1
37877,0
37878,1
37879,1
37880,0
37881,1
37882,0
37883,1
37884,0
37885,1
37886,1
37887,0
37888,1
37889,1
37890,0
37891,0
37892,0
37893,0
37894,1
37895,1
37896,0
37897,0
37898,0
37899,0
37900,1
37901,0
37902,1
37903,1
37904,1
37905,0
37906,1
37907,0
37908,0
37909,0
37910,1
37911,1
37912,1
37913,0
37914,0
37915,0
37916,0
37917,0
37918,0
37919,0
37920,1
37921,0
37922,1
37923,0
37924,0
37925,0
37926,0
37927,1
37928,0
37929,0
37930,1
37931,1
37932,0
37933,0
37934,1
37935,0
37936,0
37937,0
37938,0
37939,0
37940,0
37941,0
37942,1
37943,1
37944,0
37945,1
37946,1
37947,0
37948,0
37949,0
37950,0
37951,0
37952,1
37953,1
37954,0
37955,1
37956,0
37957,1
37958,1
37959,1
37960,1
37961,0
37962,1
37963,0
37964,0
37965,0
37966,0
37967,0
37968,1
37969,1
37970,1
37971,1
37972,1
37973,0
37974,0
37975,1
37976,0
37977,0
37978,1
37979,1
37980,1
37981,0
37982,1
37983,0
37984,1
37985,1
37986,1
37987,1
37988,1
37989,0
37990,0
37991,1
37992,0
37993,1
37994,0
37995,1
37996,1
37997,1
37998,1
37999,0
38000,0
38001,1
38002,0
38003,1
38004,1
38005,1
38006,0
38007,1
38008,1
38009,1
38010,1
38011,1
38012,0
38013,1
38014,1
38015,0
38016,1
38017,1
38018,0
38019,1
38020,1
38021,1
38022,0
38023,0
38024,0
38025,0
38026,0
38027,1
38028,1
38029,1
38030,1
38031,0
38032,0
38033,0
38034,1
38035,1
38036,0
38037,0
38038,1
38039,1
38040,1
38041,0
38042,1
38043,1
38044,0
38045,0
38046,1
38047,0
38048,1
38049,0
38050,0
38051,1
38052,1
38053,0
38054,1
38055,1
38056,1
38057,1
38058,1
38059,0
38060,0
38061,0
38062,1
38063,0
38064,0
38065,1
38066,1
38067,1
38068,1
38069,1
38070,0
38071,1
38072,1
38073,0
38074,1
38075,0
38076,1
38077,0
38078,0
38079,0
38080,0
38081,1
38082,0
38083,1
38084,0
38085,1
38086,1
38087,0
38088,0
38089,0
38090,0
38091,1
38092,1
38093,0
38094,0
38095,1
38096,1
38097,1
38098,1
38099,0
38100,0
38101,1
38102,1
38103,1
38104,0
38105,0
38106,1
38107,1
38108,1
38109,0
38110,1
38111,0
38112,0
38113,0
38114,0
38115,0
38116,0
38117,1
38118,1
38119,0
38120,1
38121,0
38122,1
38123,1
38124,1
38125,0
38126,0
38127,0
38128,1
38129,1
38130,1
38131,0
38132,0
38133,0
38134,1
38135,1
38136,1
38137,0
38138,1
38139,0
38140,0
38141,1
38142,0
38143,1
38144,1
38145,1
38146,0
38147,1
38148,1
38149,0
38150,0
38151,1
38152,0
38153,1
38154,0
38155,1
38156,1
38157,0
38158,0
38159,1
38160,1
38161,1
38162,1
38163,0
38164,0
38165,1
38166,1
38167,1
38168,1
38169,1
38170,0
38171,0
38172,0
38173,0
38174,0
38175,1
38176,0
38177,0
38178,1
38179,1
38180,0
38181,1
38182,0
38183,1
38184,1
38185,1
38186,0
38187,1
38188,1
38189,0
38190,1
38191,0
38192,1
38193,1
38194,1
38195,1
38196,1
38197,0
38198,1
38199,1
38200,1
38201,1
38202,0
38203,1
38204,0
38205,0
38206,0
38207,1
38208,1
38209,1
38210,1
38211,0
38212,1
38213,0
38214,0
38215,0
38216,0
38217,1
38218,1
38219,0
38220,0
38221,1
38222,0
38223,0
38224,1
38225,0
38226,1
38227,0
38228,1
38229,1
38230,1
38231,0
38232,0
38233,0
38234,1
38235,0
38236,0
38237,0
38238,1
38239,1
38240,0
38241,0
38242,0
38243,0
38244,0
38245,1
38246,0
38247,0
38248,1
38249,0
38250,1
38251,0
38252,1
38253,1
38254,0
38255,1
38256,0
38257,1
38258,0
38259,0
38260,1
38261,1
38262,1
38263,0
38264,0
38265,0
38266,0
38267,1
38268,1
38269,0
38270,0
38271,0
38272,0
38273,0
38274,0
38275,0
38276,1
38277,0
38278,1
38279,0
38280,1
38281,1
38282,0
38283,1
38284,0
38285,1
38286,0
38287,0
38288,0
38289,0
38290,0
38291,1
38292,0
38293,1
38294,1
38295,1
38296,1
38297,0
38298,1
38299,1
38300,0
38301,0
38302,1
38303,0
38304,0
38305,1
38306,1
38307,1
38308,1
38309,1
38310,1
38311,0
38312,0
38313,0
38314,0
38315,1
38316,0
38317,0
38318,0
38319,0
38320,0
38321,1
38322,1
38323,0
38324,0
38325,1
38326,0
38327,0
38328,0
38329,0
38330,0
38331,1
38332,1
38333,1
38334,0
38335,1
38336,0
38337,0
38338,1
38339,0
38340,1
38341,0
38342,0
38343,0
38344,1
38345,1
38346,0
38347,0
38348,1
38349,0
38350,0
38351,0
38352,1
38353,0
38354,1
38355,0
38356,0
38357,0
38358,1
38359,1
38360,0
38361,1
38362,1
38363,0
38364,0
38365,0
38366,1
38367,1
38368,0
38369,0
38370,1
38371,1
38372,1
38373,0
38374,1
38375,1
38376,0
38377,0
38378,0
38379,0
38380,0
38381,1
38382,0
38383,1
38384,1
38385,0
38386,1
38387,0
38388,0
38389,0
38390,0
38391,1
38392,1
38393,1
38394,0
38395,1
38396,1
38397,1
38398,0
38399,1
38400,1
38401,0
38402,1
38403,0
38404,0
38405,1
38406,0
38407,0
38408,1
38409,0
38410,1
38411,0
38412,1
38413,0
38414,1
38415,0
38416,0
38417,0
38418,0
38419,0
38420,1
38421,0
38422,1
38423,0
38424,1
38425,1
38426,1
38427,0
38428,0
38429,0
38430,1
38431,1
38432,1
38433,0
38434,0
38435,1
38436,0
38437,1
38438,0
38439,1
38440,1
38441,1
38442,1
38443,0
38444,0
38445,0
38446,1
38447,1
38448,1
38449,1
38450,0
38451,0
38452,0
38453,1
38454,0
38455,1
38456,0
38457,1
38458,1
38459,0
38460,0
38461,1
38462,0
38463,1
38464,1
38465,1
38466,0
38467,1
38468,0
38469,1
38470,0
38471,0
38472,1
38473,1
38474,1
38475,1
38476,0
38477,1
38478,0
38479,0
38480,1
38481,1
38482,1
38483,0
38484,1
38485,0
38486,1
38487,1
38488,0
38489,1
38490,1
38491,1
38492,1
38493,1
38494,0
38495,1
38496,0
38497,1
38498,1
38499,0
38500,0
38501,1
38502,0
38503,1
38504,0
38505,1
38506,1
38507,0
38508,0
38509,0
38510,0
38511,0
38512,0
38513,1
38514,1
38515,0
38516,1
38517,1
38518,1
38519,1
38520,0
38521,1
38522,1
38523,1
38524,0
38525,1
38526,0
38527,1
38528,1
38529,1
38530,1
38531,1
38532,0
38533,1
38534,0
38535,1
38536,1
38537,1
38538,0
38539,0
38540,1
38541,0
38542,0
38543,0
38544,0
38545,0
38546,1
38547,1
38548,1
38549,1
38550,0
38551,1
38552,0
38553,1
38554,1
38555,1
38556,0
38557,1
38558,1
38559,0
38560,0
38561,0
38562,0
38563,1
38564,0
38565,0
38566,0
38567,0
38568,1
38569,1
38570,1
38571,0
38572,0
38573,1
38574,0
38575,0
38576,0
38577,1
38578,0
38579,0
38580,0
38581,0
38582,0
38583,1
38584,0
38585,0
38586,0
38587,0
38588,0
38589,0
38590,0
38591,1
38592,1
38593,1
38594,0
38595,0
38596,1
38597,0
38598,1
38599,1
38600,1
38601,0
38602,0
38603,1
38604,1
38605,0
38606,1
38607,1
38608,1
38609,0
38610,1
38611,1
38612,0
38613,1
38614,1
38615,0
38616,0
38617,0
38618,0
38619,1
38620,1
38621,1
38622,0
38623,0
38624,1
38625,0
38626,0
38627,1
38628,0
38629,1
38630,0
38631,1
38632,1
38633,1
38634,0
38635,0
38636,1
38637,1
38638,0
38639,0
38640,0
38641,1
38642,1
38643,0
38644,1
38645,1
38646,0
38647,0
38648,0
38649,1
38650,0
38651,1
38652,1
38653,0
38654,0
38655,0
38656,0
38657,0
38658,0
38659,1
38660,0
38661,1
38662,0
38663,0
38664,0
38665,0
38666,0
38667,1
38668,1
38669,1
38670,0
38671,0
38672,0
38673,1
38674,0
38675,0
38676,1
38677,0
38678,0
38679,0
38680,1
38681,1
38682,1
38683,0
38684,0
38685,0
38686,0
38687,0
38688,0
38689,0
38690,1
38691,0
38692,0
38693,1
38694,1
38695,0
38696,1
38697,1
38698,0
38699,0
38700,1
38701,0
38702,1
38703,0
38704,0
38705,0
38706,1
38707,1
38708,1
38709,1
38710,0
38711,1
38712,1
38713,1
38714,1
38715,1
38716,1
38717,1
38718,1
38719,1
38720,0
38721,1
38722,1
38723,1
38724,1
38725,0
38726,1
38727,1
38728,0
38729,0
38730,0
38731,1
38732,1
38733,1
38734,0
38735,1
38736,1
38737,0
38738,0
38739,0
38740,0
38741,1
38742,0
38743,1
38744,0
38745,0
38746,0
38747,0
38748,0
38749,1
38750,0
38751,0
38752,0
38753,0
38754,1
38755,0
38756,0
38757,0
38758,1
38759,1
38760,1
38761,1
38762,1
38763,0
38764,0
38765,0
38766,0
38767,1
38768,0
38769,1
38770,0
38771,1
38772,0
38773,0
38774,0
38775,1
38776,1
38777,1
38778,1
38779,1
38780,1
38781,0
38782,0
38783,0
38784,0
38785,1
38786,1
38787,0
38788,1
38789,1
38790,1
38791,1
38792,1
38793,0
38794,1
38795,1
38796,1
38797,1
38798,1
38799,1
38800,1
38801,0
38802,1
38803,1
38804,0
38805,0
38806,0
38807,0
38808,1
38809,1
38810,1
38811,1
38812,1
38813,1
38814,1
38815,1
38816,0
38817,1
38818,0
38819,1
38820,1
38821,1
38822,1
38823,1
38824,0
38825,0
38826,1
38827,0
38828,1
38829,0
38830,1
38831,1
38832,0
38833,0
38834,1
38835,0
38836,1
38837,1
38838,0
38839,1
38840,1
38841,1
38842,0
38843,1
38844,1
38845,0
38846,1
38847,0
38848,1
38849,0
38850,0
38851,1
38852,0
38853,0
38854,0
38855,1
38856,0
38857,0
38858,0
38859,1
38860,0
38861,1
38862,1
38863,1
38864,0
38865,1
38866,1
38867,1
38868,1
38869,1
38870,1
38871,0
38872,1
38873,1
38874,1
38875,0
38876,1
38877,0
38878,0
38879,1
38880,1
38881,1
38882,1
38883,0
38884,1
38885,1
38886,1
38887,0
38888,0
38889,1
38890,0
38891,1
38892,1
38893,0
38894,0
38895,1
38896,0
38897,1
38898,0
38899,1
38900,0
38901,0
38902,1
38903,1
38904,1
38905,0
38906,1
38907,0
38908,0
38909,0
38910,0
38911,0
38912,1
38913,1
38914,0
38915,0
38916,0
38917,0
38918,0
38919,1
38920,0
38921,1
38922,1
38923,0
38924,1
38925,0
38926,1
38927,1
38928,1
38929,0
38930,1
38931,1
38932,0
38933,1
38934,1
38935,0
38936,1
38937,0
38938,1
38939,0
38940,0
38941,1
38942,0
38943,1
38944,0
38945,0
38946,1
38947,1
38948,1
38949,1
38950,0
38951,0
38952,1
38953,0
38954,1
38955,1
38956,1
38957,1
38958,0
38959,0
38960,1
38961,1
38962,0
38963,0
38964,0
38965,1
38966,0
38967,0
38968,1
38969,0
38970,0
38971,0
38972,1
38973,1
38974,0
38975,1
38976,0
38977,1
38978,0
38979,0
38980,1
38981,1
38982,1
38983,1
38984,0
38985,0
38986,0
38987,1
38988,1
38989,0
38990,1
38991,1
38992,0
38993,0
38994,1
38995,0
38996,1
38997,1
38998,1
38999,1
39000,1
39001,1
39002,1
39003,1
39004,1
39005,1
39006,0
39007,1
39008,0
39009,0
39010,1
39011,1
39012,0
39013,1
39014,0
39015,1
39016,1
39017,0
39018,0
39019,0
39020,0
39021,0
39022,1
39023,1
39024,0
39025,0
39026,0
39027,0
39028,0
39029,0
39030,0
39031,0
39032,1
39033,0
39034,0
39035,1
39036,0
39037,0
39038,0
39039,0
39040,0
39041,0
39042,0
39043,1
39044,0
39045,0
39046,0
39047,0
39048,0
39049,0
39050,1
39051,1
39052,1
39053,0
39054,0
39055,1
39056,0
39057,0
39058,1
39059,0
39060,1
39061,0
39062,0
39063,0
39064,0
39065,1
39066,1
39067,0
39068,1
39069,1
39070,0
39071,0
39072,1
39073,1
39074,1
39075,1
39076,1
39077,0
39078,1
39079,1
39080,0
39081,0
39082,1
39083,0
39084,1
39085,1
39086,1
39087,1
39088,0
39089,0
39090,0
39091,1
39092,1
39093,0
39094,0
39095,0
39096,0
39097,1
39098,0
39099,1
39100,1
39101,0
39102,0
39103,0
39104,1
39105,0
39106,0
39107,1
39108,0
39109,0
39110,1
39111,0
39112,1
39113,0
39114,1
39115,1
39116,0
39117,1
39118,1
39119,1
39120,0
39121,0
39122,1
39123,1
39124,1
39125,1
39126,0
39127,0
39128,1
39129,0
39130,1
39131,0
39132,0
39133,0
39134,0
39135,0
39136,1
39137,1
39138,1
39139,0
39140,0
39141,0
39142,1
39143,0
39144,1
39145,1
39146,1
39147,0
39148,0
39149,0
39150,1
39151,1
39152,1
39153,1
39154,0
39155,1
39156,0
39157,1
39158,1
39159,0
39160,1
39161,0
39162,0
39163,0
39164,1
39165,0
39166,0
39167,1
39168,1
39169,1
39170,1
39171,0
39172,0
39173,1
39174,0
39175,0
39176,1
39177,1
39178,1
39179,1
39180,0
39181,0
39182,1
39183,0
39184,0
39185,0
39186,1
39187,1
39188,1
39189,1
39190,0
39191,0
39192,1
39193,1
39194,0
39195,1
39196,1
39197,0
39198,0
39199,0
39200,1
39201,1
39202,0
39203,0
39204,0
39205,1
39206,1
39207,0
39208,1
39209,1
39210,0
39211,1
39212,0
39213,0
39214,1
39215,1
39216,0
39217,0
39218,1
39219,1
39220,1
39221,1
39222,1
39223,0
39224,0
39225,0
39226,1
39227,0
39228,0
39229,0
39230,1
39231,1
39232,1
39233,0
39234,0
39235,0
39236,0
39237,0
39238,1
39239,0
39240,0
39241,1
39242,1
39243,0
39244,0
39245,1
39246,0
39247,0
39248,1
39249,1
39250,0
39251,1
39252,0
39253,0
39254,1
39255,1
39256,1
39257,1
39258,1
39259,0
39260,0
39261,0
39262,0
39263,1
39264,0
39265,1
39266,1
39267,0
39268,1
39269,1
39270,1
39271,1
39272,1
39273,0
39274,1
39275,1
39276,1
39277,0
39278,1
39279,0
39280,0
39281,1
39282,0
39283,0
39284,0
39285,0
39286,1
39287,0
39288,1
39289,0
39290,1
39291,0
39292,0
39293,0
39294,1
39295,1
39296,1
39297,0
39298,1
39299,0
39300,0
39301,0
39302,0
39303,1
39304,1
39305,0
39306,0
39307,0
39308,0
39309,1
39310,0
39311,1
39312,1
39313,1
39314,1
39315,0
39316,1
39317,1
39318,0
39319,1
39320,1
39321,0
39322,0
39323,1
39324,1
39325,0
39326,0
39327,1
39328,1
39329,1
39330,0
39331,1
39332,1
39333,0
39334,1
39335,1
39336,0
39337,1
39338,1
39339,0
39340,1
39341,0
39342,0
39343,0
39344,0
39345,0
39346,0
39347,0
39348,0
39349,0
39350,0
39351,1
39352,0
39353,0
39354,0
39355,0
39356,1
39357,1
39358,1
39359,0
39360,0
39361,0
39362,0
39363,1
39364,1
39365,1
39366,1
39367,1
39368,1
39369,0
39370,1
39371,0
39372,0
39373,0
39374,0
39375,1
39376,0
39377,0
39378,1
39379,1
39380,0
39381,0
39382,1
39383,0
39384,1
39385,0
39386,0
39387,0
39388,1
39389,1
39390,0
39391,0
39392,0
39393,0
39394,1
39395,0
39396,0
39397,0
39398,0
39399,1
39400,0
39401,0
39402,1
39403,0
39404,0
39405,1
39406,1
39407,1
39408,1
39409,1
39410,1
39411,1
39412,1
39413,1
39414,1
39415,1
39416,1
39417,1
39418,1
39419,1
39420,0
39421,0
39422,0
39423,1
39424,0
39425,0
39426,1
39427,1
39428,1
39429,1
39430,0
39431,0
39432,1
39433,0
39434,1
39435,0
39436,0
39437,1
39438,1
39439,1
39440,1
39441,0
39442,0
39443,1
39444,0
39445,1
39446,0
39447,0
39448,1
39449,1
39450,1
39451,0
39452,1
39453,1
39454,0
39455,0
39456,0
39457,0
39458,0
39459,1
39460,1
39461,0
39462,1
39463,1
39464,0
39465,1
39466,0
39467,1
39468,1
39469,1
39470,1
39471,1
39472,1
39473,1
39474,1
39475,0
39476,0
39477,1
39478,0
39479,0
39480,0
39481,1
39482,1
39483,0
39484,1
39485,1
39486,1
39487,0
39488,0
39489,1
39490,1
39491,1
39492,0
39493,1
39494,1
39495,1
39496,1
39497,1
39498,0
39499,1
39500,0
39501,1
39502,0
39503,0
39504,1
39505,1
39506,0
39507,1
39508,0
39509,0
39510,0
39511,0
39512,0
39513,0
39514,1
39515,0
39516,0
39517,0
39518,0
39519,1
39520,0
39521,0
39522,1
39523,0
39524,1
39525,0
39526,0
39527,1
39528,0
39529,1
39530,0
39531,0
39532,0
39533,1
39534,1
39535,0
39536,0
39537,1
39538,1
39539,1
39540,0
39541,0
39542,1
39543,1
39544,1
39545,0
39546,1
39547,1
39548,0
39549,1
39550,1
39551,1
39552,1
39553,0
39554,0
39555,1
39556,0
39557,1
39558,1
39559,0
39560,1
39561,0
39562,1
39563,0
39564,1
39565,1
39566,0
39567,1
39568,0
39569,0
39570,1
39571,0
39572,0
39573,1
39574,0
39575,0
39576,1
39577,0
39578,0
39579,1
39580,1
39581,0
39582,1
39583,0
39584,1
39585,0
39586,1
39587,1
39588,0
39589,1
39590,0
39591,1
39592,0
39593,1
39594,1
39595,1
39596,0
39597,0
39598,1
39599,0
39600,1
39601,0
39602,1
39603,1
39604,0
39605,1
39606,0
39607,0
39608,1
39609,0
39610,1
39611,1
39612,1
39613,1
39614,1
39615,1
39616,1
39617,1
39618,1
39619,0
39620,0
39621,0
39622,1
39623,1
39624,0
39625,1
39626,0
39627,1
39628,1
39629,0
39630,1
39631,1
39632,1
39633,0
39634,0
39635,1
39636,0
39637,1
39638,1
39639,0
39640,0
39641,1
39642,0
39643,0
39644,1
39645,1
39646,1
39647,1
39648,0
39649,1
39650,1
39651,0
39652,1
39653,0
39654,0
39655,1
39656,0
39657,1
39658,0
39659,1
39660,0
39661,1
39662,0
39663,0
39664,1
39665,1
39666,0
39667,0
39668,1
39669,0
39670,1
39671,0
39672,0
39673,1
39674,1
39675,0
39676,1
39677,1
39678,1
39679,1
39680,1
39681,0
39682,0
39683,0
39684,1
39685,0
39686,1
39687,0
39688,0
39689,0
39690,0
39691,0
39692,1
39693,0
39694,1
39695,0
39696,1
39697,1
39698,0
39699,1
39700,1
39701,1
39702,0
39703,1
39704,1
39705,1
39706,1
39707,0
39708,1
39709,0
39710,1
39711,1
39712,1
39713,1
39714,0
39715,0
39716,0
39717,0
39718,1
39719,1
39720,1
39721,1
39722,1
39723,0
39724,0
39725,1
39726,0
39727,0
39728,0
39729,1
39730,0
39731,1
39732,0
39733,0
39734,0
39735,0
39736,1
39737,0
39738,0
39739,0
39740,0
39741,0
39742,0
39743,1
39744,0
39745,1
39746,0
39747,0
39748,0
39749,1
39750,0
39751,1
39752,0
39753,0
39754,0
39755,1
39756,1
39757,1
39758,1
39759,1
39760,0
39761,1
39762,1
39763,0
39764,0
39765,1
39766,1
39767,0
39768,0
39769,1
39770,1
39771,1
39772,1
39773,0
39774,1
39775,0
39776,0
39777,1
39778,0
39779,1
39780,0
39781,1
39782,0
39783,0
39784,0
39785,1
39786,0
39787,0
39788,1
39789,0
39790,0
39791,0
39792,1
39793,1
39794,1
39795,1
39796,0
39797,1
39798,0
39799,1
39800,1
39801,0
39802,1
39803,1
39804,1
39805,1
39806,0
39807,1
39808,0
39809,0
39810,1
39811,0
39812,1
39813,1
39814,1
39815,0
39816,1
39817,0
39818,1
39819,1
39820,0
39821,1
39822,0
39823,1
39824,1
39825,0
39826,1
39827,1
39828,1
39829,0
39830,0
39831,0
39832,0
39833,1
39834,1
39835,0
39836,1
39837,0
39838,1
39839,1
39840,0
39841,1
39842,0
39843,1
39844,0
39845,0
39846,0
39847,0
39848,1
39849,1
39850,0
39851,0
39852,1
39853,0
39854,0
39855,1
39856,0
39857,1
39858,0
39859,0
39860,1
39861,0
39862,0
39863,1
39864,0
39865,1
39866,0
39867,0
39868,0
39869,1
39870,0
39871,1
39872,1
39873,1
39874,0
39875,1
39876,1
39877,1
39878,1
39879,1
39880,1
39881,0
39882,1
39883,1
39884,1
39885,0
39886,1
39887,0
39888,0
39889,0
39890,0
39891,1
39892,1
39893,1
39894,0
39895,0
39896,0
39897,1
39898,1
39899,0
39900,1
39901,0
39902,0
39903,0
39904,0
39905,0
39906,1
39907,1
39908,0
39909,1
39910,0
39911,1
39912,0
39913,0
39914,0
39915,1
39916,0
39917,0
39918,1
39919,1
39920,1
39921,0
39922,0
39923,0
39924,1
39925,0
39926,1
39927,0
39928,0
39929,0
39930,1
39931,0
39932,1
39933,1
39934,0
39935,0
39936,1
39937,1
39938,1
39939,0
39940,0
39941,0
39942,0
39943,1
39944,1
39945,1
39946,1
39947,1
39948,0
39949,1
39950,1
39951,1
39952,0
39953,1
39954,0
39955,0
39956,1
39957,0
39958,0
39959,0
39960,0
39961,1
39962,1
39963,1
39964,0
39965,1
39966,0
39967,0
39968,0
39969,0
39970,0
39971,0
39972,0
39973,1
39974,1
39975,1
39976,0
39977,1
39978,1
39979,1
39980,1
39981,0
39982,1
39983,1
39984,1
39985,0
39986,1
39987,0
39988,0
39989,0
39990,1
39991,0
39992,1
39993,0
39994,1
39995,1
39996,1
39997,1
39998,1
39999,0
40000,1
40001,0
40002,0
40003,0
40004,1
40005,0
40006,0
40007,1
40008,1
40009,1
40010,0
40011,1
40012,1
40013,0
40014,1
40015,1
40016,0
40017,0
40018,0
40019,1
40020,0
40021,0
40022,0
40023,0
40024,0
40025,1
40026,1
40027,0
40028,0
40029,0
40030,0
40031,1
40032,1
40033,1
40034,0
40035,1
40036,1
40037,1
40038,1
40039,1
40040,0
40041,0
40042,0
40043,1
40044,0
40045,1
40046,0
40047,0
40048,1
40049,1
40050,0
40051,0
40052,0
40053,0
40054,1
40055,0
40056,0
40057,0
40058,0
40059,1
40060,1
40061,0
40062,0
40063,1
40064,0
40065,1
40066,0
40067,0
40068,0
40069,1
40070,0
40071,1
40072,0
40073,1
40074,0
40075,1
40076,1
40077,0
40078,1
40079,1
40080,0
40081,0
40082,0
40083,1
40084,1
40085,1
40086,0
40087,0
40088,1
40089,1
40090,0
40091,0
40092,0
40093,1
40094,0
40095,0
40096,1
40097,1
40098,1
40099,0
40100,1
40101,1
40102,1
40103,1
40104,1
40105,0
40106,0
40107,1
40108,1
40109,0
40110,0
40111,1
40112,0
40113,0
40114,0
40115,0
40116,1
40117,1
40118,0
40119,0
40120,0
40121,1
40122,0
40123,0
40124,1
40125,1
40126,1
40127,0
40128,0
40129,1
40130,0
40131,0
40132,0
40133,0
40134,1
40135,0
40136,1
40137,0
40138,0
40139,0
40140,0
40141,0
40142,1
40143,0
40144,0
40145,1
40146,1
40147,0
40148,0
40149,0
40150,0
40151,0
40152,1
40153,1
40154,1
40155,1
40156,1
40157,0
40158,1
40159,1
40160,0
40161,0
40162,1
40163,0
40164,1
40165,1
40166,0
40167,1
40168,1
40169,1
40170,1
40171,0
40172,1
40173,1
40174,1
40175,0
40176,1
40177,1
40178,1
40179,1
40180,1
40181,1
40182,1
40183,0
40184,0
40185,0
40186,1
40187,1
40188,1
40189,0
40190,0
40191,1
40192,1
40193,0
40194,0
40195,1
40196,1
40197,1
40198,0
40199,1
40200,1
40201,1
40202,1
40203,1
40204,0
40205,0
40206,0
40207,1
40208,1
40209,1
40210,1
40211,0
40212,0
40213,0
40214,1
40215,1
40216,1
40217,1
40218,1
40219,1
40220,1
40221,0
40222,0
40223,1
40224,0
40225,1
40226,1
40227,1
40228,1
40229,1
40230,1
40231,1
40232,0
40233,1
40234,1
40235,1
40236,1
40237,1
40238,0
40239,0
40240,0
40241,1
40242,1
40243,1
40244,0
40245,1
40246,1
40247,1
40248,1
40249,0
40250,1
40251,1
40252,0
40253,1
40254,0
40255,0
40256,1
40257,0
40258,0
40259,0
40260,1
40261,0
40262,0
40263,0
40264,1
40265,1
40266,0
40267,1
40268,1
40269,0
40270,0
40271,0
40272,1
40273,1
40274,1
40275,0
40276,0
40277,0
40278,1
40279,0
40280,0
40281,1
40282,0
40283,0
40284,0
40285,1
40286,0
40287,0
40288,1
40289,1
40290,1
40291,1
40292,0
40293,0
40294,1
40295,0
40296,0
40297,0
40298,1
40299,0
40300,0
40301,0
40302,0
40303,0
40304,0
40305,0
40306,0
40307,0
40308,0
40309,0
40310,0
40311,1
40312,1
40313,1
40314,0
40315,1
40316,1
40317,1
40318,0
40319,0
40320,1
40321,1
40322,1
40323,1
40324,1
40325,0
40326,0
40327,1
40328,1
40329,1
40330,0
40331,0
40332,1
40333,1
40334,0
40335,1
40336,0
40337,1
40338,0
40339,1
40340,0
40341,0
40342,0
40343,1
40344,0
40345,0
40346,0
40347,1
40348,1
40349,0
40350,1
40351,0
40352,0
40353,1
40354,0
40355,1
40356,0
40357,1
40358,0
40359,0
40360,1
40361,0
40362,1
40363,1
40364,1
40365,1
40366,0
40367,1
40368,1
40369,0
40370,0
40371,0
40372,0
40373,0
40374,0
40375,1
40376,1
40377,1
40378,1
40379,1
40380,1
40381,1
40382,1
40383,1
40384,0
40385,1
40386,0
40387,0
40388,0
40389,0
40390,0
40391,1
40392,0
40393,1
40394,0
40395,0
40396,0
40397,0
40398,0
40399,1
40400,0
40401,0
40402,1
40403,0
40404,0
40405,0
40406,1
40407,1
40408,0
40409,0
40410,0
40411,1
40412,1
40413,1
40414,1
40415,1
40416,1
40417,1
40418,1
40419,0
40420,1
40421,0
40422,1
40423,1
40424,0
40425,0
40426,0
40427,0
40428,1
40429,0
40430,0
40431,1
40432,0
40433,0
40434,1
40435,1
40436,1
40437,1
40438,0
40439,1
40440,0
40441,0
40442,1
40443,1
40444,0
40445,0
40446,1
40447,0
40448,0
40449,1
40450,0
40451,0
40452,0
40453,1
40454,1
40455,1
40456,1
40457,0
40458,0
40459,1
40460,0
40461,1
40462,1
40463,1
40464,0
40465,0
40466,1
40467,1
40468,0
40469,1
40470,0
40471,1
40472,0
40473,0
40474,0
40475,1
40476,0
40477,1
40478,0
40479,0
40480,0
40481,0
40482,0
40483,0
40484,1
40485,1
40486,0
40487,1
40488,0
40489,1
40490,0
40491,0
40492,0
40493,1
40494,0
40495,0
40496,1
40497,0
40498,0
40499,1
40500,1
40501,1
40502,0
40503,0
40504,0
40505,1
40506,0
40507,1
40508,0
40509,1
40510,1
40511,0
40512,0
40513,0
40514,0
40515,0
40516,1
40517,1
40518,1
40519,0
40520,0
40521,1
40522,0
40523,1
40524,0
40525,0
40526,0
40527,0
40528,0
40529,0
40530,0
40531,0
40532,0
40533,1
40534,1
40535,0
40536,0
40537,0
40538,1
40539,1
40540,0
40541,0
40542,1
40543,0
40544,1
40545,1
40546,0
40547,1
40548,0
40549,1
40550,0
40551,0
40552,1
40553,0
40554,1
40555,1
40556,0
40557,0
40558,0
40559,0
40560,1
40561,1
40562,0
40563,1
40564,1
40565,0
40566,0
40567,1
40568,1
40569,0
40570,0
40571,0
40572,0
40573,1
40574,1
40575,0
40576,0
40577,0
40578,0
40579,1
40580,0
40581,1
40582,0
40583,1
40584,1
40585,0
40586,0
40587,1
40588,0
40589,0
40590,0
40591,1
40592,1
40593,0
40594,0
40595,1
40596,1
40597,1
40598,1
40599,0
40600,1
40601,1
40602,0
40603,0
40604,0
40605,1
40606,1
40607,1
40608,0
40609,0
40610,0
40611,0
40612,0
40613,1
40614,0
40615,0
40616,0
40617,0
40618,1
40619,0
40620,0
40621,0
40622,1
40623,1
40624,1
40625,0
40626,1
40627,1
40628,0
40629,0
40630,0
40631,0
40632,1
40633,1
40634,0
40635,1
40636,0
40637,0
40638,0
40639,1
40640,1
40641,0
40642,1
40643,0
40644,0
40645,1
40646,0
40647,1
40648,1
40649,0
40650,0
40651,0
40652,0
40653,1
40654,1
40655,1
40656,1
40657,1
40658,0
40659,0
40660,0
40661,1
40662,1
40663,1
40664,1
40665,1
40666,0
40667,0
40668,1
40669,0
40670,0
40671,0
40672,0
40673,0
40674,0
40675,1
40676,1
40677,0
40678,1
40679,1
40680,1
40681,0
40682,0
40683,1
40684,0
40685,1
40686,1
40687,0
40688,1
40689,1
40690,0
40691,1
40692,1
40693,1
40694,1
40695,1
40696,1
40697,1
40698,0
40699,1
40700,1
40701,1
40702,1
40703,1
40704,0
40705,1
40706,0
40707,0
40708,1
40709,1
40710,1
40711,1
40712,1
40713,0
40714,0
40715,1
40716,1
40717,1
40718,0
40719,1
40720,1
40721,1
40722,0
40723,1
40724,1
40725,0
40726,1
40727,0
40728,1
40729,0
40730,0
40731,0
40732,1
40733,0
40734,0
40735,0
40736,1
40737,0
40738,0
40739,0
40740,1
40741,1
40742,0
40743,0
40744,0
40745,1
40746,1
40747,1
40748,0
40749,0
40750,1
40751,0
40752,1
40753,1
40754,1
40755,1
40756,0
40757,1
40758,0
40759,1
40760,1
40761,0
40762,0
40763,0
40764,1
40765,0
40766,1
40767,1
40768,1
40769,1
40770,0
40771,0
40772,0
40773,0
40774,1
40775,0
40776,1
40777,1
40778,0
40779,1
40780,0
40781,1
40782,1
40783,1
40784,0
40785,1
40786,0
40787,0
40788,0
40789,0
40790,0
40791,0
40792,0
40793,0
40794,1
40795,0
40796,1
40797,0
40798,0
40799,1
40800,0
40801,0
40802,1
40803,0
40804,0
40805,0
40806,0
40807,1
40808,0
40809,0
40810,0
40811,0
40812,0
40813,1
40814,0
40815,1
40816,0
40817,1
40818,0
40819,0
40820,0
40821,1
40822,1
40823,1
40824,1
40825,0
40826,1
40827,0
40828,0
40829,1
40830,0
40831,1
40832,1
40833,0
40834,0
40835,1
40836,0
40837,0
40838,0
40839,0
40840,0
40841,1
40842,0
40843,0
40844,1
40845,0
40846,1
40847,1
40848,1
40849,0
40850,0
40851,1
40852,1
40853,1
40854,0
40855,1
40856,0
40857,0
40858,0
40859,0
40860,1
40861,1
40862,0
40863,1
40864,0
40865,0
40866,1
40867,1
40868,0
40869,0
40870,0
40871,1
40872,1
40873,0
40874,1
40875,0
40876,0
40877,1
40878,0
40879,1
40880,1
40881,0
40882,0
40883,0
40884,0
40885,0
40886,1
40887,1
40888,1
40889,0
40890,1
40891,0
40892,1
40893,0
40894,1
40895,0
40896,0
40897,1
40898,1
40899,0
40900,1
40901,0
40902,1
40903,1
40904,0
40905,0
40906,1
40907,0
40908,1
40909,0
40910,0
40911,1
40912,0
40913,0
40914,0
40915,0
40916,0
40917,1
40918,1
40919,1
40920,1
40921,1
40922,0
40923,1
40924,0
40925,0
40926,0
40927,1
40928,0
40929,0
40930,1
40931,1
40932,1
40933,0
40934,0
40935,0
40936,1
40937,1
40938,1
40939,0
40940,1
40941,1
40942,1
40943,0
40944,1
40945,0
40946,0
40947,0
40948,1
40949,0
40950,0
40951,1
40952,1
40953,1
40954,0
40955,1
40956,1
40957,1
40958,0
40959,1
40960,0
40961,1
40962,0
40963,0
40964,1
40965,1
40966,0
40967,1
40968,0
40969,1
40970,1
40971,1
40972,0
40973,1
40974,0
40975,1
40976,0
40977,1
40978,0
40979,1
40980,0
40981,1
40982,0
40983,1
40984,1
40985,1
40986,1
40987,1
40988,1
40989,0
40990,1
40991,0
40992,0
40993,1
40994,1
40995,0
40996,0
40997,1
40998,1
40999,1
41000,0
41001,0
41002,0
41003,0
41004,1
41005,0
41006,0
41007,0
41008,1
41009,0
41010,1
41011,0
41012,1
41013,0
41014,0
41015,1
41016,0
41017,0
41018,1
41019,0
41020,1
41021,1
41022,0
41023,0
41024,1
41025,1
41026,0
41027,1
41028,0
41029,0
41030,0
41031,0
41032,0
41033,1
41034,1
41035,0
41036,1
41037,1
41038,1
41039,0
41040,1
41041,0
41042,0
41043,0
41044,0
41045,0
41046,1
41047,1
41048,0
41049,1
41050,0
41051,0
41052,0
41053,0
41054,1
41055,1
41056,1
41057,1
41058,0
41059,0
41060,0
41061,1
41062,1
41063,0
41064,0
41065,0
41066,1
41067,1
41068,0
41069,1
41070,0
41071,0
41072,0
41073,1
41074,0
41075,1
41076,0
41077,0
41078,0
41079,0
41080,1
41081,1
41082,0
41083,0
41084,0
41085,0
41086,0
41087,0
41088,1
41089,0
41090,0
41091,0
41092,0
41093,1
41094,0
41095,0
41096,1
41097,1
41098,0
41099,0
41100,0
41101,1
41102,0
41103,1
41104,1
41105,0
41106,0
41107,1
41108,0
41109,1
41110,0
41111,1
41112,0
41113,0
41114,0
41115,0
41116,1
41117,1
41118,1
41119,1
41120,0
41121,1
41122,1
41123,0
41124,0
41125,1
41126,0
41127,1
41128,0
41129,1
41130,1
41131,1
41132,0
41133,1
41134,1
41135,1
41136,1
41137,0
41138,0
41139,1
41140,1
41141,1
41142,0
41143,1
41144,1
41145,0
41146,1
41147,0
41148,1
41149,0
41150,0
41151,0
41152,1
41153,0
41154,1
41155,0
41156,0
41157,0
41158,0
41159,1
41160,0
41161,1
41162,1
41163,1
41164,0
41165,0
41166,1
41167,1
41168,1
41169,0
41170,1
41171,1
41172,0
41173,0
41174,0
41175,0
41176,0
41177,0
41178,1
41179,1
41180,1
41181,0
41182,1
41183,1
41184,0
41185,1
41186,1
41187,1
41188,1
41189,1
41190,0
41191,1
41192,1
41193,0
41194,1
41195,0
41196,0
41197,0
41198,1
41199,1
41200,0
41201,1
41202,1
41203,0
41204,0
41205,1
41206,1
41207,0
41208,1
41209,1
41210,1
41211,0
41212,0
41213,1
41214,0
41215,0
41216,1
41217,0
41218,0
41219,1
41220,1
41221,0
41222,0
41223,1
41224,0
41225,0
41226,1
41227,0
41228,1
41229,0
41230,1
41231,1
41232,1
41233,1
41234,0
41235,1
41236,1
41237,1
41238,0
41239,0
41240,0
41241,1
41242,0
41243,1
41244,1
41245,0
41246,0
41247,0
41248,0
41249,1
41250,0
41251,0
41252,0
41253,0
41254,1
41255,1
41256,0
41257,1
41258,1
41259,1
41260,1
41261,0
41262,0
41263,1
41264,1
41265,1
41266,0
41267,1
41268,0
41269,1
41270,0
41271,0
41272,1
41273,1
41274,1
41275,1
41276,1
41277,0
41278,1
41279,1
41280,1
41281,0
41282,1
41283,0
41284,1
41285,0
41286,0
41287,0
41288,1
41289,0
41290,0
41291,1
41292,0
41293,1
41294,1
41295,1
41296,0
41297,0
41298,0
41299,1
41300,0
41301,1
41302,0
41303,1
41304,1
41305,1
41306,0
41307,1
41308,1
41309,0
41310,1
41311,0
41312,0
41313,0
41314,1
41315,0
41316,1
41317,0
41318,0
41319,1
41320,1
41321,1
41322,0
41323,1
41324,1
41325,0
41326,1
41327,1
41328,0
41329,1
41330,0
41331,0
41332,0
41333,1
41334,1
41335,0
41336,1
41337,0
41338,1
41339,0
41340,1
41341,0
41342,1
41343,1
41344,0
41345,0
41346,1
41347,0
41348,1
41349,1
41350,1
41351,1
41352,1
41353,0
41354,1
41355,0
41356,1
41357,1
41358,1
41359,1
41360,1
41361,1
41362,1
41363,0
41364,1
41365,1
41366,0
41367,0
41368,1
41369,0
41370,0
41371,1
41372,0
41373,0
41374,1
41375,1
41376,1
41377,1
41378,1
41379,0
41380,0
41381,0
41382,0
41383,1
41384,1
41385,0
41386,0
41387,0
41388,0
41389,0
41390,1
41391,0
41392,0
41393,1
41394,1
41395,1
41396,1
41397,0
41398,0
41399,0
41400,0
41401,0
41402,0
41403,0
41404,1
41405,1
41406,0
41407,1
41408,1
41409,0
41410,1
41411,1
41412,1
41413,0
41414,1
41415,1
41416,0
41417,1
41418,0
41419,0
41420,0
41421,1
41422,0
41423,1
41424,0
41425,1
41426,1
41427,1
41428,1
41429,0
41430,0
41431,0
41432,0
41433,0
41434,0
41435,0
41436,1
41437,1
41438,0
41439,0
41440,1
41441,1
41442,0
41443,1
41444,1
41445,1
41446,1
41447,0
41448,1
41449,0
41450,1
41451,0
41452,0
41453,1
41454,0
41455,0
41456,1
41457,0
41458,1
41459,1
41460,1
41461,0
41462,0
41463,0
41464,1
41465,1
41466,0
41467,0
41468,1
41469,0
41470,1
41471,1
41472,0
41473,0
41474,0
41475,1
41476,1
41477,1
41478,1
41479,1
41480,0
41481,1
41482,0
41483,0
41484,1
41485,0
41486,1
41487,1
41488,0
41489,1
41490,1
41491,0
41492,1
41493,1
41494,0
41495,1
41496,0
41497,0
41498,1
41499,1
41500,1
41501,1
41502,0
41503,0
41504,0
41505,0
41506,1
41507,1
41508,0
41509,0
41510,0
41511,0
41512,1
41513,0
41514,0
41515,1
41516,1
41517,0
41518,1
41519,1
41520,0
41521,0
41522,1
41523,1
41524,1
41525,1
41526,0
41527,1
41528,0
41529,1
41530,1
41531,1
41532,1
41533,1
41534,1
41535,0
41536,0
41537,0
41538,1
41539,0
41540,0
41541,0
41542,1
41543,1
41544,0
41545,1
41546,1
41547,1
41548,1
41549,0
41550,1
41551,1
41552,1
41553,1
41554,1
41555,0
41556,0
41557,0
41558,1
41559,1
41560,0
41561,0
41562,0
41563,1
41564,0
41565,0
41566,1
41567,1
41568,0
41569,1
41570,0
41571,0
41572,0
41573,0
41574,1
41575,0
41576,0
41577,0
41578,0
41579,1
41580,1
41581,1
41582,0
41583,0
41584,0
41585,0
41586,1
41587,1
41588,1
41589,1
41590,1
41591,0
41592,1
41593,1
41594,1
41595,0
41596,1
41597,0
41598,1
41599,0
41600,0
41601,1
41602,1
41603,1
41604,0
41605,1
41606,0
41607,1
41608,0
41609,0
41610,1
41611,1
41612,1
41613,0
41614,1
41615,1
41616,0
41617,1
41618,0
41619,1
41620,1
41621,1
41622,0
41623,1
41624,1
41625,1
41626,0
41627,0
41628,1
41629,0
41630,1
41631,1
41632,0
41633,1
41634,0
41635,1
41636,0
41637,0
41638,1
41639,0
41640,1
41641,1
41642,1
41643,1
41644,0
41645,1
41646,0
41647,0
41648,0
41649,0
41650,1
41651,1
41652,1
41653,0
41654,1
41655,1
41656,1
41657,1
41658,1
41659,0
41660,1
41661,0
41662,1
41663,0
41664,0
41665,1
41666,1
41667,1
41668,0
41669,0
41670,1
41671,0
41672,0
41673,0
41674,0
41675,1
41676,1
41677,0
41678,1
41679,0
41680,0
41681,0
41682,1
41683,0
41684,1
41685,1
41686,1
41687,0
41688,0
41689,1
41690,0
41691,0
41692,1
41693,0
41694,0
41695,0
41696,0
41697,1
41698,1
41699,1
41700,0
41701,0
41702,0
41703,1
41704,1
41705,0
41706,1
41707,0
41708,0
41709,0
41710,0
41711,0
41712,1
41713,1
41714,0
41715,0
41716,1
41717,1
41718,0
41719,0
41720,1
41721,0
41722,0
41723,1
41724,1
41725,0
41726,1
41727,0
41728,1
41729,1
41730,0
41731,1
41732,1
41733,1
41734,0
41735,0
41736,0
41737,0
41738,1
41739,1
41740,0
41741,1
41742,0
41743,1
41744,1
41745,0
41746,0
41747,1
41748,1
41749,1
41750,0
41751,1
41752,0
41753,1
41754,0
41755,0
41756,0
41757,1
41758,0
41759,0
41760,0
41761,0
41762,0
41763,0
41764,0
41765,0
41766,0
41767,1
41768,0
41769,1
41770,0
41771,0
41772,1
41773,1
41774,1
41775,1
41776,0
41777,0
41778,0
41779,0
41780,0
41781,1
41782,0
41783,0
41784,1
41785,0
41786,1
41787,1
41788,0
41789,1
41790,0
41791,0
41792,0
41793,0
41794,1
41795,1
41796,0
41797,1
41798,0
41799,0
41800,0
41801,0
41802,1
41803,1
41804,1
41805,1
41806,0
41807,1
41808,0
41809,0
41810,0
41811,1
41812,0
41813,1
41814,0
41815,0
41816,0
41817,1
41818,1
41819,1
41820,0
41821,1
41822,0
41823,0
41824,0
41825,1
41826,0
41827,0
41828,1
41829,0
41830,0
41831,0
41832,0
41833,1
41834,0
41835,0
41836,0
41837,1
41838,1
41839,1
41840,1
41841,1
41842,1
41843,1
41844,0
41845,1
41846,1
41847,1
41848,1
41849,0
41850,1
41851,1
41852,0
41853,1
41854,0
41855,0
41856,0
41857,0
41858,1
41859,0
41860,0
41861,1
41862,0
41863,0
41864,1
41865,1
41866,0
41867,0
41868,0
41869,1
41870,0
41871,1
41872,0
41873,1
41874,1
41875,0
41876,1
41877,1
41878,1
41879,1
41880,0
41881,1
41882,0
41883,1
41884,1
41885,1
41886,1
41887,1
41888,0
41889,0
41890,0
41891,1
41892,0
41893,1
41894,0
41895,0
41896,1
41897,1
41898,1
41899,1
41900,1
41901,1
41902,0
41903,0
41904,0
41905,1
41906,1
41907,0
41908,1
41909,0
41910,1
41911,0
41912,1
41913,1
41914,1
41915,1
41916,1
41917,0
41918,1
41919,1
41920,1
41921,1
41922,1
41923,1
41924,1
41925,1
41926,0
41927,0
41928,0
41929,0
41930,1
41931,1
41932,1
41933,0
41934,1
41935,1
41936,0
41937,0
41938,1
41939,1
41940,0
41941,1
41942,1
41943,1
41944,0
41945,1
41946,1
41947,0
41948,0
41949,0
41950,0
41951,1
41952,1
41953,1
41954,0
41955,1
41956,0
41957,0
41958,1
41959,1
41960,1
41961,1
41962,1
41963,0
41964,1
41965,0
41966,1
41967,1
41968,0
41969,1
41970,0
41971,0
41972,0
41973,1
41974,0
41975,1
41976,1
41977,1
41978,0
41979,0
41980,1
41981,1
41982,1
41983,1
41984,0
41985,1
41986,1
41987,0
41988,0
41989,0
41990,0
41991,0
41992,1
41993,0
41994,0
41995,1
41996,1
41997,1
41998,0
41999,1
42000,0
42001,1
42002,1
42003,1
42004,1
42005,1
42006,1
42007,1
42008,1
42009,0
42010,0
42011,1
42012,1
42013,0
42014,1
42015,0
42016,0
42017,0
42018,0
42019,0
42020,1
42021,1
42022,1
42023,0
42024,0
42025,1
42026,0
42027,1
42028,0
42029,0
42030,1
42031,1
42032,0
42033,1
42034,0
42035,0
42036,1
42037,0
42038,1
42039,1
42040,1
42041,0
42042,1
42043,1
42044,0
42045,0
42046,1
42047,1
42048,1
42049,1
42050,1
42051,1
42052,0
42053,1
42054,0
42055,0
42056,1
42057,1
42058,1
42059,1
42060,1
42061,0
42062,1
42063,0
42064,0
42065,0
42066,1
42067,0
42068,1
42069,0
42070,1
42071,0
42072,0
42073,0
42074,0
42075,1
42076,1
42077,0
42078,0
42079,1
42080,1
42081,0
42082,0
42083,1
42084,0
42085,1
42086,1
42087,1
42088,0
42089,0
42090,0
42091,0
42092,1
42093,1
42094,0
42095,1
42096,0
42097,0
42098,1
42099,0
42100,0
42101,1
42102,0
42103,0
42104,1
42105,1
42106,0
42107,1
42108,0
42109,0
42110,0
42111,0
42112,1
42113,0
42114,1
42115,1
42116,1
42117,1
42118,0
42119,0
42120,0
42121,0
42122,1
42123,1
42124,1
42125,1
42126,1
42127,0
42128,1
42129,1
42130,1
42131,1
42132,1
42133,0
42134,1
42135,1
42136,0
42137,0
42138,1
42139,1
42140,0
42141,0
42142,1
42143,0
42144,1
42145,0
42146,1
42147,1
42148,0
42149,1
42150,1
42151,1
42152,1
42153,1
42154,0
42155,1
42156,1
42157,0
42158,0
42159,1
42160,0
42161,1
42162,1
42163,1
42164,1
42165,1
42166,1
42167,1
42168,1
42169,0
42170,0
42171,1
42172,1
42173,0
42174,0
42175,1
42176,1
42177,0
42178,0
42179,1
42180,0
42181,1
42182,0
42183,0
42184,1
42185,1
42186,1
42187,0
42188,1
42189,0
42190,1
42191,0
42192,1
42193,0
42194,1
42195,1
42196,0
42197,1
42198,0
42199,1
42200,0
42201,0
42202,1
42203,1
42204,0
42205,0
42206,0
42207,1
42208,1
42209,0
42210,1
42211,0
42212,0
42213,1
42214,0
42215,0
42216,0
42217,0
42218,1
42219,0
42220,1
42221,0
42222,0
42223,0
42224,1
42225,1
42226,1
42227,1
42228,1
42229,0
42230,0
42231,1
42232,0
42233,0
42234,1
42235,1
42236,1
42237,0
42238,1
42239,0
42240,0
42241,0
42242,1
42243,1
42244,1
42245,0
42246,0
42247,0
42248,1
42249,0
42250,1
42251,0
42252,0
42253,1
42254,1
42255,0
42256,0
42257,0
42258,1
42259,1
42260,1
42261,1
42262,1
42263,0
42264,0
42265,1
42266,1
42267,0
42268,1
42269,0
42270,1
42271,1
42272,0
42273,0
42274,1
42275,1
42276,1
42277,1
42278,0
42279,1
42280,1
42281,0
42282,1
42283,1
42284,1
42285,1
42286,1
42287,1
42288,0
42289,1
42290,1
42291,1
42292,0
42293,1
42294,1
42295,1
42296,1
42297,1
42298,1
42299,0
42300,1
42301,0
42302,1
42303,0
42304,0
42305,1
42306,1
42307,1
42308,0
42309,1
42310,1
42311,1
42312,0
42313,1
42314,0
42315,0
42316,1
42317,0
42318,1
42319,0
42320,1
42321,1
42322,1
42323,1
42324,1
42325,0
42326,0
42327,1
42328,0
42329,1
42330,1
42331,0
42332,0
42333,1
42334,0
42335,1
42336,1
42337,0
42338,1
42339,0
42340,1
42341,0
42342,1
42343,0
42344,1
42345,1
42346,1
42347,1
42348,1
42349,1
42350,0
42351,1
42352,1
42353,1
42354,0
42355,0
42356,1
42357,0
42358,0
42359,1
42360,0
42361,0
42362,0
42363,1
42364,1
42365,0
42366,1
42367,1
42368,1
42369,1
42370,1
42371,0
42372,0
42373,1
42374,1
42375,1
42376,1
42377,1
42378,1
42379,1
42380,0
42381,0
42382,0
42383,0
42384,1
42385,0
42386,0
42387,1
42388,1
42389,1
42390,1
42391,0
42392,1
42393,0
42394,0
42395,0
42396,1
42397,0
42398,0
42399,0
42400,1
42401,1
42402,0
42403,0
42404,0
42405,1
42406,0
42407,0
42408,0
42409,1
42410,0
42411,1
42412,1
42413,0
42414,1
42415,0
42416,1
42417,0
42418,1
42419,0
42420,1
42421,0
42422,1
42423,1
42424,0
42425,0
42426,0
42427,0
42428,1
42429,0
42430,0
42431,1
42432,0
42433,1
42434,0
42435,1
42436,1
42437,1
42438,0
42439,0
42440,1
42441,0
42442,1
42443,1
42444,0
42445,1
42446,0
42447,0
42448,0
42449,1
42450,1
42451,0
42452,1
42453,0
42454,1
42455,1
42456,0
42457,0
42458,0
42459,0
42460,0
42461,0
42462,0
42463,1
42464,0
42465,1
42466,1
42467,1
42468,0
42469,0
42470,0
42471,1
42472,0
42473,1
42474,1
42475,0
42476,0
42477,0
42478,0
42479,1
42480,1
42481,1
42482,1
42483,1
42484,0
42485,1
42486,0
42487,1
42488,0
42489,1
42490,1
42491,1
42492,0
42493,1
42494,1
42495,0
42496,1
42497,1
42498,1
42499,1
42500,0
42501,1
42502,0
42503,1
42504,0
42505,0
42506,0
42507,1
42508,1
42509,0
42510,1
42511,0
42512,0
42513,1
42514,1
42515,0
42516,0
42517,0
42518,0
42519,1
42520,0
42521,1
42522,1
42523,1
42524,1
42525,1
42526,0
42527,1
42528,0
42529,0
42530,0
42531,1
42532,0
42533,1
42534,0
42535,1
42536,1
42537,0
42538,0
42539,1
42540,1
42541,0
42542,0
42543,1
42544,1
42545,0
42546,1
42547,0
42548,0
42549,0
42550,0
42551,0
42552,1
42553,1
42554,1
42555,1
42556,0
42557,1
42558,0
42559,0
42560,0
42561,0
42562,1
42563,1
42564,0
42565,0
42566,0
42567,1
42568,1
42569,1
42570,1
42571,0
42572,1
42573,1
42574,1
42575,1
42576,0
42577,1
42578,0
42579,0
42580,1
42581,0
42582,1
42583,1
42584,1
42585,0
42586,1
42587,0
42588,0
42589,0
42590,0
42591,1
42592,1
42593,0
42594,0
42595,0
42596,0
42597,1
42598,1
42599,1
42600,0
42601,0
42602,1
42603,1
42604,0
42605,1
42606,1
42607,0
42608,0
42609,1
42610,1
42611,1
42612,1
42613,0
42614,0
42615,1
42616,0
42617,0
42618,0
42619,1
42620,0
42621,0
42622,0
42623,0
42624,0
42625,1
42626,1
42627,1
42628,0
42629,0
42630,0
42631,0
42632,0
42633,0
42634,1
42635,1
42636,0
42637,0
42638,1
42639,0
42640,1
42641,1
42642,1
42643,1
42644,0
42645,0
42646,1
42647,1
42648,1
42649,0
42650,1
42651,1
42652,1
42653,1
42654,0
42655,1
42656,1
42657,1
42658,0
42659,0
42660,1
42661,1
42662,0
42663,0
42664,1
42665,1
42666,0
42667,0
42668,0
42669,0
42670,0
42671,0
42672,0
42673,0
42674,0
42675,1
42676,0
42677,1
42678,1
42679,1
42680,1
42681,0
42682,1
42683,1
42684,0
42685,1
42686,0
42687,0
42688,1
42689,0
42690,0
42691,0
42692,0
42693,1
42694,0
42695,1
42696,1
42697,1
42698,1
42699,1
42700,0
42701,1
42702,1
42703,0
42704,0
42705,1
42706,1
42707,0
42708,1
42709,1
42710,0
42711,1
42712,1
42713,0
42714,0
42715,0
42716,0
42717,0
42718,1
42719,1
42720,1
42721,0
42722,0
42723,1
42724,0
42725,1
42726,0
42727,0
42728,0
42729,1
42730,0
42731,0
42732,0
42733,1
42734,1
42735,1
42736,0
42737,0
42738,0
42739,1
42740,1
42741,1
42742,0
42743,0
42744,1
42745,1
42746,1
42747,0
42748,0
42749,0
42750,0
42751,1
42752,0
42753,0
42754,1
42755,0
42756,1
42757,0
42758,0
42759,0
42760,0
42761,1
42762,0
42763,0
42764,1
42765,0
42766,1
42767,0
42768,1
42769,0
42770,0
42771,0
42772,1
42773,0
42774,1
42775,0
42776,0
42777,0
42778,1
42779,1
42780,1
42781,1
42782,1
42783,1
42784,1
42785,0
42786,0
42787,1
42788,0
42789,0
42790,0
42791,1
42792,1
42793,0
42794,1
42795,0
42796,0
42797,0
42798,0
42799,0
42800,1
42801,1
42802,0
42803,1
42804,1
42805,1
42806,1
42807,1
42808,0
42809,0
42810,0
42811,0
42812,1
42813,0
42814,0
42815,1
42816,0
42817,1
42818,1
42819,1
42820,0
42821,0
42822,1
42823,0
42824,0
42825,1
42826,0
42827,0
42828,1
42829,1
42830,1
42831,1
42832,1
42833,0
42834,1
42835,1
42836,0
42837,1
42838,1
42839,1
42840,0
42841,0
42842,0
42843,1
42844,0
42845,1
42846,1
42847,1
42848,0
42849,1
42850,1
42851,0
42852,0
42853,0
42854,0
42855,1
42856,0
42857,0
42858,0
42859,0
42860,0
42861,0
42862,1
42863,0
42864,1
42865,1
42866,1
42867,0
42868,1
42869,1
42870,0
42871,0
42872,1
42873,1
42874,1
42875,1
42876,0
42877,1
42878,1
42879,1
42880,0
42881,0
42882,0
42883,0
42884,0
42885,0
42886,1
42887,1
42888,0
42889,1
42890,1
42891,1
42892,0
42893,0
42894,1
42895,0
42896,0
42897,1
42898,1
42899,1
42900,0
42901,1
42902,0
42903,0
42904,1
42905,0
42906,1
42907,1
42908,0
42909,1
42910,0
42911,0
42912,1
42913,0
42914,1
42915,0
42916,0
42917,1
42918,1
42919,1
42920,0
42921,1
42922,1
42923,1
42924,0
42925,0
42926,1
42927,1
42928,0
42929,1
42930,0
42931,0
42932,1
42933,0
42934,0
42935,0
42936,1
42937,1
42938,1
42939,1
42940,0
42941,1
42942,0
42943,0
42944,1
42945,1
42946,1
42947,0
42948,1
42949,1
42950,0
42951,0
42952,1
42953,1
42954,1
42955,1
42956,0
42957,0
42958,1
42959,0
42960,1
42961,0
42962,0
42963,1
42964,0
42965,0
42966,0
42967,1
42968,0
42969,1
42970,1
42971,1
42972,0
42973,0
42974,1
42975,0
42976,0
42977,1
42978,1
42979,0
42980,0
42981,1
42982,0
42983,1
42984,0
42985,0
42986,0
42987,1
42988,1
42989,1
42990,1
42991,1
42992,1
42993,1
42994,1
42995,1
42996,1
42997,1
42998,0
42999,1
43000,1
43001,1
43002,0
43003,0
43004,1
43005,1
43006,0
43007,0
43008,1
43009,1
43010,1
43011,0
43012,0
43013,0
43014,1
43015,0
43016,1
43017,1
43018,0
43019,1
43020,0
43021,1
43022,0
43023,1
43024,1
43025,0
43026,0
43027,1
43028,0
43029,1
43030,1
43031,1
43032,0
43033,0
43034,0
43035,0
43036,1
43037,0
43038,0
43039,1
43040,1
43041,0
43042,1
43043,0
43044,1
43045,0
43046,1
43047,0
43048,0
43049,0
43050,1
43051,0
43052,0
43053,1
43054,1
43055,0
43056,1
43057,1
43058,1
43059,1
43060,1
43061,0
43062,1
43063,0
43064,0
43065,1
43066,1
43067,0
43068,0
43069,0
43070,1
43071,1
43072,0
43073,1
43074,1
43075,0
43076,1
43077,0
43078,0
43079,0
43080,1
43081,1
43082,1
43083,1
43084,1
43085,1
43086,0
43087,1
43088,1
43089,0
43090,0
43091,1
43092,0
43093,0
43094,0
43095,1
43096,1
43097,0
43098,0
43099,1
43100,0
43101,0
43102,1
43103,1
43104,0
43105,1
43106,0
43107,0
43108,0
43109,1
43110,1
43111,1
43112,0
43113,0
43114,1
43115,1
43116,1
43117,0
43118,0
43119,0
43120,0
43121,1
43122,1
43123,0
43124,0
43125,0
43126,0
43127,1
43128,1
43129,0
43130,0
43131,0
43132,0
43133,1
43134,1
43135,1
43136,0
43137,1
43138,1
43139,0
43140,0
43141,1
43142,1
43143,0
43144,0
43145,0
43146,0
43147,1
43148,1
43149,0
43150,0
43151,1
43152,0
43153,0
43154,0
43155,1
43156,1
43157,0
43158,1
43159,1
43160,1
43161,1
43162,0
43163,1
43164,0
43165,0
43166,1
43167,0
43168,1
43169,0
43170,0
43171,0
43172,1
43173,0
43174,0
43175,0
43176,1
43177,1
43178,0
43179,0
43180,1
43181,1
43182,1
43183,1
43184,1
43185,0
43186,1
43187,0
43188,0
43189,0
43190,1
43191,1
43192,1
43193,1
43194,0
43195,1
43196,0
43197,0
43198,0
43199,1
43200,0
43201,1
43202,0
43203,0
43204,0
43205,1
43206,1
43207,0
43208,0
43209,1
43210,0
43211,0
43212,0
43213,0
43214,0
43215,1
43216,1
43217,0
43218,1
43219,0
43220,0
43221,1
43222,1
43223,0
43224,1
43225,1
43226,1
43227,0
43228,1
43229,1
43230,0
43231,0
43232,1
43233,1
43234,0
43235,0
43236,0
43237,1
43238,1
43239,1
43240,0
43241,0
43242,0
43243,1
43244,1
43245,1
43246,1
43247,1
43248,0
43249,0
43250,0
43251,1
43252,1
43253,1
43254,1
43255,1
43256,1
43257,0
43258,1
43259,1
43260,0
43261,1
43262,0
43263,0
43264,1
43265,1
43266,1
43267,0
43268,1
43269,0
43270,0
43271,1
43272,0
43273,1
43274,1
43275,1
43276,1
43277,1
43278,0
43279,1
43280,0
43281,1
43282,1
43283,0
43284,0
43285,0
43286,0
43287,1
43288,0
43289,1
43290,0
43291,0
43292,0
43293,0
43294,1
43295,1
43296,0
43297,0
43298,0
43299,0
43300,0
43301,1
43302,0
43303,0
43304,0
43305,1
43306,0
43307,0
43308,0
43309,0
43310,1
43311,1
43312,0
43313,0
43314,1
43315,1
43316,1
43317,1
43318,0
43319,0
43320,0
43321,0
43322,0
43323,0
43324,0
43325,1
43326,0
43327,0
43328,0
43329,1
43330,0
43331,1
43332,0
43333,0
43334,1
43335,0
43336,1
43337,0
43338,0
43339,0
43340,0
43341,0
43342,0
43343,1
43344,1
43345,1
43346,1
43347,0
43348,1
43349,0
43350,1
43351,1
43352,0
43353,0
43354,1
43355,0
43356,1
43357,1
43358,1
43359,0
43360,0
43361,0
43362,0
43363,0
43364,1
43365,0
43366,1
43367,0
43368,1
43369,1
43370,0
43371,1
43372,1
43373,0
43374,1
43375,0
43376,0
43377,1
43378,0
43379,1
43380,0
43381,0
43382,1
43383,0
43384,1
43385,1
43386,0
43387,0
43388,1
43389,0
43390,0
43391,0
43392,0
43393,1
43394,0
43395,1
43396,0
43397,1
43398,1
43399,0
43400,1
43401,1
43402,0
43403,0
43404,1
43405,0
43406,0
43407,1
43408,1
43409,0
43410,1
43411,0
43412,1
43413,0
43414,1
43415,1
43416,0
43417,0
43418,1
43419,1
43420,1
43421,0
43422,0
43423,0
43424,1
43425,0
43426,1
43427,1
43428,1
43429,0
43430,1
43431,0
43432,0
43433,0
43434,1
43435,0
43436,0
43437,1
43438,0
43439,0
43440,0
43441,0
43442,1
43443,0
43444,1
43445,1
43446,1
43447,0
43448,0
43449,0
43450,0
43451,0
43452,1
43453,1
43454,1
43455,1
43456,0
43457,1
43458,1
43459,1
43460,0
43461,1
43462,1
43463,0
43464,0
43465,0
43466,1
43467,0
43468,0
43469,1
43470,0
43471,1
43472,0
43473,0
43474,0
43475,0
43476,1
43477,1
43478,0
43479,0
43480,0
43481,1
43482,0
43483,1
43484,1
43485,0
43486,1
43487,0
43488,0
43489,0
43490,0
43491,1
43492,0
43493,1
43494,0
43495,1
43496,1
43497,0
43498,1
43499,0
43500,0
43501,0
43502,0
43503,0
43504,1
43505,0
43506,1
43507,0
43508,1
43509,1
43510,1
43511,1
43512,1
43513,1
43514,1
43515,1
43516,0
43517,0
43518,1
43519,0
43520,0
43521,0
43522,0
43523,0
43524,1
43525,1
43526,1
43527,1
43528,0
43529,0
43530,1
43531,0
43532,0
43533,0
43534,0
43535,1
43536,0
43537,1
43538,1
43539,1
43540,0
43541,1
43542,0
43543,0
43544,0
43545,0
43546,0
43547,0
43548,1
43549,0
43550,1
43551,0
43552,0
43553,1
43554,0
43555,1
43556,1
43557,0
43558,0
43559,0
43560,0
43561,0
43562,1
43563,0
43564,0
43565,0
43566,0
43567,0
43568,0
43569,0
43570,0
43571,0
43572,1
43573,0
43574,0
43575,1
43576,1
43577,0
43578,1
43579,0
43580,0
43581,0
43582,0
43583,1
43584,0
43585,1
43586,0
43587,0
43588,1
43589,1
43590,1
43591,1
43592,0
43593,0
43594,1
43595,0
43596,1
43597,1
43598,1
43599,0
43600,0
43601,1
43602,0
43603,1
43604,0
43605,1
43606,0
43607,1
43608,0
43609,1
43610,0
43611,0
43612,1
43613,0
43614,0
43615,1
43616,1
43617,1
43618,1
43619,1
43620,0
43621,1
43622,0
43623,1
43624,0
43625,0
43626,0
43627,1
43628,0
43629,1
43630,1
43631,1
43632,0
43633,1
43634,0
43635,0
43636,1
43637,0
43638,0
43639,0
43640,1
43641,0
43642,0
43643,0
43644,0
43645,1
43646,0
43647,0
43648,1
43649,1
43650,0
43651,0
43652,0
43653,0
43654,1
43655,1
43656,0
43657,0
43658,1
43659,1
43660,0
43661,1
43662,0
43663,0
43664,1
43665,1
43666,1
43667,0
43668,1
43669,1
43670,1
43671,1
43672,1
43673,1
43674,1
43675,1
43676,1
43677,0
43678,0
43679,0
43680,0
43681,1
43682,1
43683,0
43684,0
43685,0
43686,0
43687,1
43688,1
43689,1
43690,1
43691,0
43692,1
43693,1
43694,1
43695,1
43696,1
43697,1
43698,0
43699,0
43700,1
43701,0
43702,0
43703,0
43704,1
43705,1
43706,0
43707,1
43708,1
43709,0
43710,0
43711,0
43712,0
43713,1
43714,1
43715,0
43716,1
43717,0
43718,0
43719,0
43720,1
43721,1
43722,1
43723,0
43724,1
43725,0
43726,0
43727,1
43728,1
43729,0
43730,1
43731,0
43732,1
43733,0
43734,0
43735,1
43736,0
43737,0
43738,1
43739,0
43740,0
43741,0
43742,0
43743,0
43744,1
43745,0
43746,0
43747,1
43748,0
43749,1
43750,0
43751,0
43752,1
43753,1
43754,0
43755,0
43756,0
43757,1
43758,0
43759,1
43760,1
43761,1
43762,0
43763,1
43764,0
43765,0
43766,1
43767,1
43768,0
43769,0
43770,1
43771,1
43772,1
43773,1
43774,0
43775,1
43776,1
43777,0
43778,1
43779,1
43780,1
43781,1
43782,1
43783,0
43784,0
43785,1
43786,1
43787,0
43788,1
43789,1
43790,0
43791,0
43792,1
43793,0
43794,1
43795,1
43796,1
43797,1
43798,1
43799,0
43800,0
43801,0
43802,1
43803,1
43804,1
43805,0
43806,0
43807,0
43808,0
43809,1
43810,0
43811,1
43812,0
43813,1
43814,0
43815,1
43816,1
43817,1
43818,1
43819,1
43820,1
43821,0
43822,1
43823,0
43824,0
43825,1
43826,1
43827,0
43828,1
43829,1
43830,0
43831,0
43832,0
43833,0
43834,1
43835,0
43836,1
43837,1
43838,1
43839,0
43840,0
43841,0
43842,1
43843,1
43844,0
43845,0
43846,1
43847,0
43848,1
43849,1
43850,0
43851,1
43852,1
43853,0
43854,1
43855,0
43856,0
43857,0
43858,0
43859,1
43860,0
43861,1
43862,1
43863,0
43864,1
43865,1
43866,1
43867,0
43868,0
43869,1
43870,1
43871,1
43872,1
43873,1
43874,1
43875,1
43876,1
43877,1
43878,0
43879,1
43880,1
43881,0
43882,0
43883,0
43884,1
43885,0
43886,1
43887,0
43888,1
43889,1
43890,0
43891,1
43892,1
43893,0
43894,0
43895,1
43896,0
43897,1
43898,0
43899,0
43900,1
43901,1
43902,0
43903,0
43904,1
43905,0
43906,0
43907,0
43908,0
43909,1
43910,1
43911,0
43912,0
43913,0
43914,0
43915,0
43916,0
43917,1
43918,1
43919,0
43920,0
43921,0
43922,1
43923,0
43924,1
43925,0
43926,0
43927,1
43928,0
43929,0
43930,0
43931,1
43932,1
43933,1
43934,0
43935,0
43936,0
43937,1
43938,1
43939,1
43940,0
43941,0
43942,1
43943,0
43944,1
43945,1
43946,1
43947,1
43948,1
43949,1
43950,1
43951,1
43952,1
43953,1
43954,0
43955,1
43956,1
43957,0
43958,1
43959,0
43960,0
43961,1
43962,0
43963,0
43964,0
43965,1
43966,1
43967,0
43968,1
43969,0
43970,1
43971,1
43972,1
43973,0
43974,0
43975,0
43976,1
43977,0
43978,0
43979,0
43980,1
43981,0
43982,1
43983,1
43984,1
43985,0
43986,0
43987,0
43988,0
43989,0
43990,1
43991,1
43992,1
43993,1
43994,0
43995,1
43996,0
43997,1
43998,0
43999,1
44000,1
44001,0
44002,0
44003,0
44004,1
44005,0
44006,1
44007,1
44008,0
44009,1
44010,0
44011,1
44012,0
44013,0
44014,1
44015,1
44016,1
44017,1
44018,0
44019,1
44020,0
44021,0
44022,1
44023,0
44024,1
44025,0
44026,0
44027,1
44028,1
44029,1
44030,0
44031,0
44032,1
44033,0
44034,1
44035,1
44036,0
44037,1
44038,0
44039,0
44040,1
44041,1
44042,0
44043,1
44044,0
44045,0
44046,0
44047,0
44048,1
44049,0
44050,0
44051,0
44052,1
44053,1
44054,0
44055,1
44056,1
44057,1
44058,0
44059,1
44060,0
44061,1
44062,1
44063,1
44064,1
44065,0
44066,0
44067,0
44068,0
44069,1
44070,1
44071,1
44072,1
44073,0
44074,0
44075,0
44076,0
44077,0
44078,0
44079,0
44080,0
44081,1
44082,1
44083,0
44084,0
44085,1
44086,1
44087,1
44088,0
44089,1
44090,0
44091,0
44092,0
44093,0
44094,0
44095,1
44096,0
44097,0
44098,0
44099,0
44100,0
44101,1
44102,0
44103,0
44104,1
44105,1
44106,0
44107,1
44108,0
44109,1
44110,1
44111,0
44112,1
44113,0
44114,1
44115,1
44116,1
44117,0
44118,1
44119,1
44120,0
44121,0
44122,1
44123,0
44124,0
44125,0
44126,1
44127,1
44128,0
44129,0
44130,1
44131,0
44132,1
44133,1
44134,0
44135,1
44136,1
44137,0
44138,1
44139,0
44140,0
44141,0
44142,1
44143,1
44144,0
44145,0
44146,0
44147,1
44148,0
44149,0
44150,1
44151,0
44152,0
44153,0
44154,0
44155,1
44156,0
44157,1
44158,1
44159,1
44160,0
44161,0
44162,1
44163,1
44164,1
44165,0
44166,1
44167,0
44168,1
44169,1
44170,0
44171,0
44172,0
44173,1
44174,0
44175,0
44176,1
44177,0
44178,1
44179,0
44180,1
44181,0
44182,0
44183,1
44184,1
44185,1
44186,1
44187,1
44188,0
44189,1
44190,0
44191,1
44192,0
44193,1
44194,1
44195,0
44196,0
44197,1
44198,1
44199,0
44200,0
44201,0
44202,1
44203,0
44204,0
44205,1
44206,1
44207,1
44208,1
44209,1
44210,0
44211,0
44212,0
44213,0
44214,1
44215,0
44216,0
44217,1
44218,1
44219,1
44220,0
44221,0
44222,1
44223,1
44224,0
44225,1
44226,1
44227,1
44228,0
44229,0
44230,1
44231,0
44232,0
44233,1
44234,0
44235,1
44236,0
44237,0
44238,0
44239,1
44240,0
44241,0
44242,1
44243,1
44244,1
44245,1
44246,1
44247,0
44248,0
44249,1
44250,1
44251,1
44252,1
44253,0
44254,0
44255,1
44256,0
44257,1
44258,0
44259,1
44260,0
44261,1
44262,1
44263,1
44264,0
44265,0
44266,1
44267,1
44268,1
44269,0
44270,0
44271,0
44272,1
44273,0
44274,1
44275,0
44276,1
44277,1
44278,0
44279,0
44280,1
44281,1
44282,1
44283,0
44284,0
44285,0
44286,0
44287,1
44288,0
44289,1
44290,0
44291,1
44292,1
44293,0
44294,0
44295,1
44296,0
44297,0
44298,1
44299,0
44300,1
44301,1
44302,0
44303,0
44304,1
44305,0
44306,1
44307,1
44308,1
44309,1
44310,0
44311,1
44312,1
44313,1
44314,1
44315,0
44316,1
44317,1
44318,1
44319,0
44320,0
44321,1
44322,1
44323,1
44324,0
44325,1
44326,1
44327,0
44328,0
44329,0
44330,1
44331,0
44332,0
44333,0
44334,0
44335,1
44336,0
44337,1
44338,0
44339,1
44340,0
44341,1
44342,0
44343,1
44344,0
44345,0
44346,1
44347,1
44348,0
44349,1
44350,0
44351,1
44352,1
44353,1
44354,0
44355,1
44356,0
44357,0
44358,1
44359,0
44360,1
44361,1
44362,0
44363,1
44364,0
44365,1
44366,1
44367,1
44368,0
44369,0
44370,0
44371,0
44372,1
44373,0
44374,1
44375,1
44376,0
44377,1
44378,0
44379,0
44380,1
44381,1
44382,1
44383,0
44384,1
44385,0
44386,1
44387,1
44388,0
44389,0
44390,1
44391,1
44392,0
44393,0
44394,1
44395,0
44396,0
44397,1
44398,1
44399,1
44400,1
44401,1
44402,0
44403,1
44404,1
44405,1
44406,0
44407,1
44408,1
44409,0
44410,1
44411,1
44412,0
44413,1
44414,0
44415,0
44416,0
44417,1
44418,0
44419,0
44420,0
44421,0
44422,0
44423,0
44424,0
44425,1
44426,1
44427,1
44428,0
44429,1
44430,0
44431,1
44432,1
44433,0
44434,1
44435,1
44436,1
44437,0
44438,1
44439,0
44440,1
44441,1
44442,1
44443,1
44444,0
44445,1
44446,1
44447,0
44448,0
44449,0
44450,1
44451,0
44452,1
44453,1
44454,0
44455,1
44456,0
44457,1
44458,1
44459,1
44460,1
44461,0
44462,1
44463,1
44464,0
44465,1
44466,0
44467,0
44468,0
44469,1
44470,0
44471,0
44472,0
44473,1
44474,1
44475,1
44476,1
44477,0
44478,0
44479,0
44480,0
44481,0
44482,0
44483,1
44484,0
44485,1
44486,1
44487,1
44488,0
44489,0
44490,0
44491,0
44492,1
44493,0
44494,1
44495,0
44496,1
44497,0
44498,1
44499,0
44500,1
44501,1
44502,1
44503,1
44504,0
44505,1
44506,0
44507,1
44508,0
44509,0
44510,0
44511,1
44512,0
44513,0
44514,0
44515,1
44516,1
44517,1
44518,1
44519,0
44520,0
44521,1
44522,0
44523,1
44524,1
44525,0
44526,0
44527,0
44528,0
44529,0
44530,1
44531,0
44532,1
44533,1
44534,1
44535,1
44536,0
44537,0
44538,0
44539,0
44540,0
44541,0
44542,1
44543,1
44544,0
44545,1
44546,0
44547,1
44548,1
44549,1
44550,0
44551,1
44552,0
44553,1
44554,1
44555,0
44556,0
44557,1
44558,1
44559,0
44560,0
44561,0
44562,0
44563,0
44564,0
44565,1
44566,1
44567,0
44568,1
44569,1
44570,0
44571,1
44572,1
44573,1
44574,0
44575,0
44576,0
44577,0
44578,0
44579,0
44580,0
44581,1
44582,0
44583,0
44584,0
44585,0
44586,0
44587,1
44588,0
44589,1
44590,0
44591,1
44592,1
44593,0
44594,1
44595,0
44596,0
44597,1
44598,0
44599,0
44600,0
44601,1
44602,1
44603,0
44604,1
44605,1
44606,0
44607,1
44608,0
44609,1
44610,1
44611,0
44612,0
44613,0
44614,0
44615,0
44616,1
44617,0
44618,1
44619,1
44620,1
44621,1
44622,1
44623,1
44624,1
44625,1
44626,1
44627,1
44628,0
44629,0
44630,1
44631,1
44632,0
44633,0
44634,1
44635,0
44636,0
44637,1
44638,0
44639,0
44640,0
44641,0
44642,0
44643,1
44644,1
44645,0
44646,1
44647,1
44648,1
44649,0
44650,0
44651,0
44652,1
44653,1
44654,1
44655,1
44656,1
44657,0
44658,0
44659,0
44660,1
44661,1
44662,0
44663,0
44664,1
44665,0
44666,0
44667,0
44668,1
44669,1
44670,0
44671,0
44672,0
44673,0
44674,0
44675,1
44676,0
44677,1
44678,0
44679,1
44680,1
44681,0
44682,1
44683,0
44684,1
44685,1
44686,0
44687,0
44688,0
44689,1
44690,1
44691,1
44692,0
44693,0
44694,1
44695,0
44696,0
44697,0
44698,1
44699,1
44700,0
44701,0
44702,0
44703,1
44704,1
44705,0
44706,0
44707,0
44708,1
44709,1
44710,0
44711,0
44712,0
44713,1
44714,0
44715,0
44716,0
44717,1
44718,1
44719,0
44720,0
44721,0
44722,0
44723,0
44724,0
44725,0
44726,0
44727,1
44728,0
44729,0
44730,1
44731,1
44732,0
44733,0
44734,1
44735,1
44736,1
44737,1
44738,1
44739,0
44740,1
44741,1
44742,0
44743,0
44744,0
44745,1
44746,1
44747,1
44748,0
44749,1
44750,0
44751,1
44752,0
44753,1
44754,1
44755,0
44756,0
44757,0
44758,0
44759,1
44760,1
44761,0
44762,1
44763,1
44764,0
44765,1
44766,0
44767,1
44768,0
44769,0
44770,0
44771,1
44772,0
44773,0
44774,0
44775,0
44776,0
44777,1
44778,0
44779,1
44780,0
44781,0
44782,0
44783,1
44784,0
44785,1
44786,1
44787,0
44788,0
44789,1
44790,1
44791,0
44792,1
44793,1
44794,0
44795,0
44796,0
44797,0
44798,1
44799,0
44800,1
44801,0
44802,1
44803,0
44804,0
44805,0
44806,0
44807,1
44808,1
44809,0
44810,0
44811,1
44812,0
44813,0
44814,0
44815,0
44816,0
44817,1
44818,1
44819,1
44820,0
44821,1
44822,1
44823,0
44824,0
44825,1
44826,1
44827,0
44828,0
44829,0
44830,0
44831,0
44832,0
44833,1
44834,0
44835,0
44836,1
44837,1
44838,0
44839,0
44840,0
44841,0
44842,0
44843,0
44844,1
44845,0
44846,1
44847,1
44848,0
44849,1
44850,0
44851,1
44852,0
44853,0
44854,1
44855,0
44856,1
44857,1
44858,1
44859,1
44860,0
44861,0
44862,0
44863,0
44864,0
44865,1
44866,0
44867,1
44868,0
44869,0
44870,1
44871,0
44872,0
44873,1
44874,0
44875,0
44876,1
44877,0
44878,0
44879,1
44880,1
44881,0
44882,0
44883,1
44884,1
44885,0
44886,1
44887,1
44888,1
44889,0
44890,1
44891,0
44892,1
44893,1
44894,1
44895,0
44896,0
44897,0
44898,1
44899,0
44900,1
44901,1
44902,1
44903,0
44904,0
44905,0
44906,1
44907,0
44908,0
44909,1
44910,0
44911,0
44912,1
44913,1
44914,1
44915,1
44916,0
44917,0
44918,1
44919,0
44920,1
44921,0
44922,0
44923,1
44924,0
44925,0
44926,0
44927,0
44928,1
44929,1
44930,0
44931,1
44932,0
44933,1
44934,1
44935,1
44936,1
44937,1
44938,0
44939,1
44940,0
44941,1
44942,0
44943,1
44944,1
44945,0
44946,1
44947,0
44948,1
44949,0
44950,1
44951,0
44952,1
44953,0
44954,1
44955,0
44956,1
44957,0
44958,0
44959,0
44960,1
44961,1
44962,1
44963,1
44964,1
44965,0
44966,0
44967,0
44968,1
44969,1
44970,0
44971,0
44972,0
44973,0
44974,1
44975,1
44976,0
44977,0
44978,1
44979,1
44980,0
44981,0
44982,0
44983,1
44984,1
44985,0
44986,1
44987,0
44988,0
44989,0
44990,1
44991,1
44992,0
44993,1
44994,0
44995,1
44996,1
44997,0
44998,0
44999,1
45000,0
45001,1
45002,1
45003,0
45004,0
45005,1
45006,1
45007,0
45008,0
45009,1
45010,1
45011,1
45012,1
45013,1
45014,0
45015,0
45016,0
45017,0
45018,0
45019,1
45020,0
45021,0
45022,1
45023,1
45024,0
45025,1
45026,0
45027,1
45028,1
45029,1
45030,1
45031,1
45032,1
45033,0
45034,1
45035,0
45036,1
45037,0
45038,0
45039,0
45040,0
45041,0
45042,1
45043,0
45044,0
45045,1
45046,0
45047,1
45048,0
45049,0
45050,0
45051,0
45052,1
45053,1
45054,0
45055,0
45056,1
45057,0
45058,1
45059,0
45060,1
45061,0
45062,1
45063,0
45064,0
45065,1
45066,1
45067,0
45068,1
45069,1
45070,0
45071,0
45072,1
45073,0
45074,1
45075,1
45076,1
45077,0
45078,0
45079,1
45080,1
45081,0
45082,0
45083,0
45084,1
45085,0
45086,1
45087,1
45088,0
45089,0
45090,0
45091,0
45092,0
45093,0
45094,0
45095,1
45096,0
45097,0
45098,1
45099,1
45100,0
45101,0
45102,0
45103,0
45104,1
45105,1
45106,0
45107,0
45108,0
45109,0
45110,0
45111,0
45112,0
45113,0
45114,1
45115,0
45116,0
45117,0
45118,1
45119,0
45120,0
45121,0
45122,1
45123,1
45124,1
45125,0
45126,1
45127,1
45128,1
45129,0
45130,1
45131,0
45132,0
45133,1
45134,1
45135,1
45136,1
45137,0
45138,0
45139,1
45140,0
45141,0
45142,1
45143,0
45144,1
45145,1
45146,1
45147,1
45148,1
45149,1
45150,0
45151,1
45152,0
45153,1
45154,1
45155,1
45156,0
45157,0
45158,0
45159,1
45160,0
45161,0
45162,1
45163,0
45164,1
45165,0
45166,1
45167,0
45168,1
45169,0
45170,0
45171,1
45172,0
45173,1
45174,0
45175,0
45176,1
45177,1
45178,0
45179,0
45180,0
45181,1
45182,1
45183,1
45184,1
45185,1
45186,1
45187,0
45188,1
45189,0
45190,0
45191,0
45192,0
45193,0
45194,0
45195,1
45196,1
45197,0
45198,0
45199,1
45200,0
45201,1
45202,0
45203,1
45204,1
45205,0
45206,0
45207,0
45208,0
45209,1
45210,0
45211,0
45212,0
45213,0
45214,1
45215,0
45216,1
45217,1
45218,0
45219,0
45220,1
45221,1
45222,0
45223,0
45224,1
45225,0
45226,0
45227,0
45228,0
45229,0
45230,0
45231,1
45232,0
45233,0
45234,1
45235,1
45236,1
45237,0
45238,0
45239,1
45240,1
45241,1
45242,1
45243,0
45244,0
45245,0
45246,0
45247,1
45248,0
45249,1
45250,0
45251,1
45252,1
45253,1
45254,0
45255,1
45256,1
45257,1
45258,0
45259,0
45260,1
45261,0
45262,0
45263,0
45264,1
45265,0
45266,1
45267,0
45268,1
45269,0
45270,1
45271,1
45272,1
45273,1
45274,1
45275,1
45276,0
45277,0
45278,1
45279,1
45280,0
45281,1
45282,0
45283,0
45284,0
45285,1
45286,0
45287,1
45288,1
45289,0
45290,0
45291,1
45292,1
45293,1
45294,1
45295,1
45296,1
45297,0
45298,0
45299,0
45300,1
45301,0
45302,0
45303,1
45304,1
45305,1
45306,0
45307,1
45308,0
45309,1
45310,1
45311,0
45312,1
45313,0
45314,1
45315,0
45316,0
45317,0
45318,1
45319,1
45320,0
45321,1
45322,0
45323,0
45324,1
45325,0
45326,1
45327,1
45328,1
45329,0
45330,0
45331,1
45332,1
45333,0
45334,0
45335,0
45336,0
45337,1
45338,0
45339,0
45340,0
45341,1
45342,1
45343,0
45344,0
45345,0
45346,1
45347,1
45348,0
45349,1
45350,1
45351,1
45352,1
45353,1
45354,1
45355,1
45356,1
45357,1
45358,0
45359,0
45360,1
45361,1
45362,1
45363,0
45364,0
45365,1
45366,1
45367,0
45368,1
45369,0
45370,0
45371,1
45372,0
45373,1
45374,1
45375,1
45376,1
45377,1
45378,1
45379,0
45380,1
45381,0
45382,1
45383,1
45384,1
45385,1
45386,1
45387,1
45388,1
45389,0
45390,0
45391,0
45392,0
45393,0
45394,1
45395,1
45396,1
45397,0
45398,0
45399,1
45400,0
45401,0
45402,1
45403,0
45404,0
45405,1
45406,0
45407,1
45408,1
45409,1
45410,1
45411,0
45412,1
45413,0
45414,0
45415,0
45416,0
45417,1
45418,1
45419,0
45420,1
45421,0
45422,0
45423,0
45424,1
45425,1
45426,0
45427,1
45428,0
45429,0
45430,1
45431,0
45432,1
45433,0
45434,0
45435,1
45436,0
45437,1
45438,1
45439,0
45440,0
45441,1
45442,0
45443,1
45444,1
45445,1
45446,1
45447,0
45448,1
45449,0
45450,1
45451,0
45452,0
45453,1
45454,1
45455,0
45456,1
45457,0
45458,0
45459,0
45460,0
45461,0
45462,0
45463,1
45464,0
45465,1
45466,0
45467,0
45468,0
45469,1
45470,0
45471,0
45472,0
45473,1
45474,0
45475,1
45476,0
45477,1
45478,1
45479,1
45480,0
45481,1
45482,0
45483,0
45484,0
45485,1
45486,0
45487,0
45488,0
45489,1
45490,0
45491,1
45492,0
45493,0
45494,1
45495,0
45496,1
45497,0
45498,1
45499,0
45500,0
45501,0
45502,1
45503,1
45504,1
45505,1
45506,1
45507,0
45508,0
45509,1
45510,1
45511,1
45512,1
45513,0
45514,1
45515,0
45516,0
45517,1
45518,1
45519,0
45520,0
45521,0
45522,0
45523,1
45524,0
45525,0
45526,0
45527,1
45528,1
45529,1
45530,0
45531,0
45532,0
45533,1
45534,0
45535,1
45536,0
45537,1
45538,0
45539,0
45540,0
45541,1
45542,0
45543,0
45544,0
45545,1
45546,1
45547,1
45548,0
45549,1
45550,1
45551,0
45552,1
45553,0
45554,0
45555,1
45556,1
45557,0
45558,1
45559,1
45560,0
45561,1
45562,0
45563,1
45564,1
45565,1
45566,1
45567,0
45568,0
45569,0
45570,1
45571,0
45572,1
45573,0
45574,0
45575,0
45576,0
45577,0
45578,0
45579,1
45580,1
45581,0
45582,1
45583,1
45584,1
45585,0
45586,1
45587,1
45588,0
45589,1
45590,0
45591,1
45592,1
45593,1
45594,1
45595,0
45596,0
45597,1
45598,1
45599,1
45600,0
45601,0
45602,1
45603,1
45604,1
45605,1
45606,1
45607,1
45608,1
45609,0
45610,1
45611,1
45612,0
45613,0
45614,1
45615,1
45616,0
45617,1
45618,1
45619,1
45620,1
45621,1
45622,0
45623,1
45624,0
45625,1
45626,0
45627,1
45628,1
45629,0
45630,1
45631,1
45632,0
45633,0
45634,1
45635,1
45636,1
45637,1
45638,0
45639,1
45640,0
45641,1
45642,0
45643,1
45644,0
45645,1
45646,1
45647,0
45648,1
45649,0
45650,0
45651,0
45652,1
45653,0
45654,1
45655,1
45656,0
45657,1
45658,1
45659,0
45660,1
45661,1
45662,0
45663,1
45664,1
45665,0
45666,1
45667,1
45668,0
45669,0
45670,0
45671,0
45672,1
45673,1
45674,1
45675,1
45676,0
45677,1
45678,1
45679,0
45680,1
45681,1
45682,1
45683,0
45684,0
45685,1
45686,0
45687,0
45688,1
45689,0
45690,0
45691,0
45692,0
45693,1
45694,1
45695,1
45696,0
45697,0
45698,0
45699,0
45700,1
45701,0
45702,0
45703,1
45704,1
45705,0
45706,1
45707,0
45708,0
45709,1
45710,1
45711,0
45712,0
45713,1
45714,1
45715,1
45716,0
45717,0
45718,0
45719,0
45720,1
45721,1
45722,0
45723,0
45724,1
45725,0
45726,0
45727,0
45728,1
45729,0
45730,0
45731,1
45732,1
45733,1
45734,1
45735,1
45736,0
45737,0
45738,1
45739,1
45740,0
45741,0
45742,1
45743,1
45744,0
45745,0
45746,0
45747,1
45748,1
45749,1
45750,0
45751,0
45752,1
45753,1
45754,1
45755,0
45756,0
45757,1
45758,1
45759,1
45760,0
45761,0
45762,0
45763,0
45764,0
45765,0
45766,0
45767,0
45768,0
45769,1
45770,1
45771,0
45772,1
45773,0
45774,0
45775,1
45776,0
45777,1
45778,1
45779,0
45780,0
45781,1
45782,1
45783,0
45784,0
45785,1
45786,1
45787,0
45788,1
45789,1
45790,1
45791,1
45792,0
45793,0
45794,0
45795,1
45796,0
45797,0
45798,0
45799,1
45800,0
45801,0
45802,1
45803,1
45804,1
45805,1
45806,1
45807,0
45808,0
45809,1
45810,1
45811,1
45812,0
45813,1
45814,0
45815,1
45816,0
45817,0
45818,1
45819,1
45820,0
45821,0
45822,1
45823,0
45824,1
45825,1
45826,1
45827,1
45828,1
45829,0
45830,0
45831,1
45832,1
45833,1
45834,1
45835,1
45836,1
45837,1
45838,0
45839,0
45840,0
45841,0
45842,1
45843,0
45844,0
45845,1
45846,1
45847,0
45848,0
45849,1
45850,0
45851,0
45852,1
45853,1
45854,1
45855,0
45856,1
45857,0
45858,1
45859,1
45860,0
45861,0
45862,0
45863,1
45864,1
45865,0
45866,0
45867,1
45868,0
45869,1
45870,0
45871,0
45872,0
45873,0
45874,1
45875,1
45876,0
45877,0
45878,1
45879,1
45880,1
45881,1
45882,1
45883,1
45884,0
45885,1
45886,1
45887,0
45888,1
45889,1
45890,0
45891,0
45892,1
45893,0
45894,0
45895,1
45896,1
45897,0
45898,1
45899,0
45900,0
45901,1
45902,0
45903,0
45904,1
45905,0
45906,0
45907,0
45908,1
45909,1
45910,1
45911,1
45912,1
45913,0
45914,0
45915,1
45916,1
45917,1
45918,0
45919,1
45920,0
45921,1
45922,0
45923,1
45924,1
45925,1
45926,0
45927,1
45928,0
45929,0
45930,1
45931,0
45932,0
45933,1
45934,1
45935,0
45936,1
45937,0
45938,0
45939,1
45940,1
45941,0
45942,0
45943,0
45944,1
45945,0
45946,1
45947,1
45948,1
45949,0
45950,0
45951,0
45952,0
45953,1
45954,0
45955,0
45956,0
45957,1
45958,1
45959,0
45960,1
45961,0
45962,0
45963,0
45964,1
45965,1
45966,1
45967,0
45968,1
45969,1
45970,1
45971,1
45972,0
45973,1
45974,0
45975,0
45976,1
45977,0
45978,0
45979,0
45980,0
45981,1
45982,1
45983,1
45984,0
45985,0
45986,1
45987,1
45988,1
45989,0
45990,1
45991,1
45992,0
45993,1
45994,1
45995,0
45996,0
45997,0
45998,0
45999,1
46000,1
46001,1
46002,0
46003,0
46004,1
46005,0
46006,1
46007,1
46008,1
46009,1
46010,1
46011,1
46012,0
46013,0
46014,0
46015,0
46016,0
46017,1
46018,0
46019,1
46020,0
46021,1
46022,1
46023,0
46024,0
46025,0
46026,1
46027,0
46028,0
46029,1
46030,1
46031,0
46032,1
46033,0
46034,0
46035,1
46036,1
46037,1
46038,0
46039,1
46040,0
46041,1
46042,0
46043,0
46044,1
46045,1
46046,1
46047,0
46048,0
46049,0
46050,1
46051,1
46052,1
46053,1
46054,1
46055,0
46056,1
46057,0
46058,0
46059,1
46060,0
46061,1
46062,0
46063,1
46064,0
46065,0
46066,0
46067,1
46068,1
46069,1
46070,0
46071,0
46072,0
46073,0
46074,1
46075,0
46076,0
46077,1
46078,0
46079,0
46080,0
46081,0
46082,0
46083,0
46084,1
46085,1
46086,1
46087,1
46088,0
46089,1
46090,0
46091,1
46092,0
46093,1
46094,1
46095,0
46096,1
46097,0
46098,0
46099,1
46100,1
46101,0
46102,1
46103,0
46104,1
46105,1
46106,1
46107,0
46108,1
46109,1
46110,1
46111,0
46112,1
46113,1
46114,0
46115,0
46116,1
46117,0
46118,0
46119,0
46120,0
46121,1
46122,0
46123,1
46124,1
46125,1
46126,1
46127,0
46128,1
46129,1
46130,0
46131,1
46132,0
46133,0
46134,1
46135,0
46136,0
46137,0
46138,0
46139,0
46140,1
46141,1
46142,0
46143,0
46144,0
46145,1
46146,1
46147,1
46148,0
46149,0
46150,1
46151,1
46152,0
46153,0
46154,0
46155,0
46156,0
46157,0
46158,1
46159,0
46160,1
46161,0
46162,0
46163,0
46164,1
46165,0
46166,1
46167,0
46168,1
46169,0
46170,0
46171,0
46172,0
46173,0
46174,1
46175,1
46176,0
46177,1
46178,1
46179,0
46180,1
46181,0
46182,1
46183,0
46184,1
46185,0
46186,1
46187,0
46188,1
46189,0
46190,1
46191,1
46192,0
46193,0
46194,1
46195,1
46196,1
46197,1
46198,1
46199,1
46200,1
46201,0
46202,0
46203,0
46204,1
46205,1
46206,0
46207,1
46208,1
46209,1
46210,1
46211,0
46212,1
46213,1
46214,0
46215,0
46216,0
46217,1
46218,1
46219,0
46220,0
46221,1
46222,1
46223,1
46224,1
46225,1
46226,0
46227,1
46228,0
46229,1
46230,0
46231,1
46232,0
46233,1
46234,1
46235,0
46236,0
46237,1
46238,1
46239,1
46240,0
46241,0
46242,0
46243,1
46244,0
46245,1
46246,1
46247,0
46248,1
46249,1
46250,0
46251,1
46252,1
46253,1
46254,0
46255,1
46256,1
46257,0
46258,0
46259,0
46260,0
46261,1
46262,0
46263,0
46264,0
46265,1
46266,1
46267,0
46268,0
46269,0
46270,1
46271,1
46272,0
46273,0
46274,0
46275,0
46276,0
46277,0
46278,1
46279,1
46280,1
46281,0
46282,1
46283,0
46284,0
46285,1
46286,0
46287,1
46288,1
46289,0
46290,1
46291,1
46292,0
46293,1
46294,0
46295,0
46296,0
46297,1
46298,0
46299,0
46300,1
46301,1
46302,0
46303,0
46304,1
46305,0
46306,1
46307,1
46308,0
46309,1
46310,1
46311,0
46312,0
46313,0
46314,1
46315,0
46316,1
46317,0
46318,1
46319,1
46320,0
46321,0
46322,0
46323,0
46324,0
46325,1
46326,0
46327,0
46328,0
46329,0
46330,1
46331,0
46332,1
46333,1
46334,0
46335,1
46336,1
46337,1
46338,0
46339,1
46340,0
46341,1
46342,1
46343,1
46344,0
46345,0
46346,1
46347,1
46348,0
46349,0
46350,0
46351,1
46352,0
46353,1
46354,1
46355,1
46356,1
46357,1
46358,0
46359,1
46360,0
46361,1
46362,0
46363,0
46364,0
46365,0
46366,0
46367,0
46368,0
46369,0
46370,1
46371,0
46372,0
46373,1
46374,1
46375,0
46376,1
46377,0
46378,1
46379,0
46380,1
46381,0
46382,0
46383,0
46384,0
46385,1
46386,1
46387,1
46388,0
46389,0
46390,0
46391,0
46392,1
46393,0
46394,1
46395,1
46396,1
46397,0
46398,1
46399,1
46400,1
46401,1
46402,1
46403,1
46404,0
46405,1
46406,0
46407,1
46408,1
46409,1
46410,1
46411,0
46412,0
46413,1
46414,0
46415,1
46416,1
46417,0
46418,0
46419,1
46420,1
46421,1
46422,1
46423,0
46424,1
46425,1
46426,1
46427,0
46428,0
46429,0
46430,0
46431,1
46432,1
46433,1
46434,1
46435,1
46436,0
46437,1
46438,0
46439,1
46440,1
46441,1
46442,0
46443,0
46444,0
46445,0
46446,1
46447,1
46448,1
46449,1
46450,1
46451,0
46452,1
46453,1
46454,1
46455,1
46456,1
46457,1
46458,0
46459,1
46460,0
46461,0
46462,0
46463,1
46464,1
46465,0
46466,0
46467,0
46468,0
46469,1
46470,1
46471,0
46472,0
46473,1
46474,0
46475,1
46476,1
46477,1
46478,0
46479,0
46480,1
46481,1
46482,0
46483,1
46484,0
46485,1
46486,0
46487,0
46488,1
46489,0
46490,0
46491,1
46492,1
46493,1
46494,0
46495,1
46496,0
46497,0
46498,0
46499,1
46500,1
46501,0
46502,0
46503,1
46504,1
46505,0
46506,1
46507,0
46508,1
46509,1
46510,1
46511,1
46512,1
46513,1
46514,0
46515,0
46516,0
46517,1
46518,0
46519,0
46520,0
46521,0
46522,0
46523,0
46524,1
46525,0
46526,1
46527,0
46528,0
46529,0
46530,0
46531,0
46532,1
46533,0
46534,0
46535,0
46536,1
46537,0
46538,1
46539,1
46540,0
46541,0
46542,1
46543,0
46544,0
46545,0
46546,1
46547,0
46548,1
46549,1
46550,1
46551,0
46552,1
46553,0
46554,0
46555,1
46556,0
46557,1
46558,0
46559,0
46560,0
46561,0
46562,1
46563,1
46564,0
46565,0
46566,1
46567,0
46568,1
46569,0
46570,1
46571,1
46572,1
46573,0
46574,0
46575,0
46576,0
46577,0
46578,0
46579,1
46580,1
46581,1
46582,0
46583,0
46584,1
46585,1
46586,0
46587,1
46588,0
46589,0
46590,1
46591,0
46592,0
46593,1
46594,0
46595,1
46596,0
46597,1
46598,0
46599,1
46600,0
46601,1
46602,0
46603,1
46604,0
46605,1
46606,0
46607,0
46608,1
46609,0
46610,0
46611,1
46612,0
46613,1
46614,0
46615,1
46616,1
46617,1
46618,1
46619,1
46620,1
46621,0
46622,0
46623,1
46624,1
46625,0
46626,0
46627,1
46628,1
46629,0
46630,0
46631,0
46632,1
46633,0
46634,1
46635,1
46636,1
46637,0
46638,0
46639,1
46640,0
46641,0
46642,1
46643,0
46644,0
46645,0
46646,1
46647,0
46648,1
46649,0
46650,0
46651,0
46652,0
46653,0
46654,1
46655,1
46656,0
46657,0
46658,0
46659,1
46660,0
46661,1
46662,1
46663,1
46664,1
46665,0
46666,1
46667,0
46668,1
46669,1
46670,1
46671,1
46672,1
46673,0
46674,1
46675,1
46676,1
46677,1
46678,1
46679,0
46680,0
46681,1
46682,1
46683,1
46684,0
46685,0
46686,1
46687,0
46688,1
46689,0
46690,1
46691,0
46692,1
46693,1
46694,0
46695,1
46696,1
46697,1
46698,1
46699,0
46700,1
46701,1
46702,0
46703,0
46704,1
46705,0
46706,1
46707,0
46708,0
46709,0
46710,0
46711,0
46712,0
46713,1
46714,1
46715,1
46716,1
46717,1
46718,0
46719,0
46720,1
46721,0
46722,0
46723,1
46724,0
46725,1
46726,0
46727,0
46728,0
46729,1
46730,0
46731,1
46732,0
46733,1
46734,1
46735,1
46736,0
46737,0
46738,0
46739,0
46740,0
46741,0
46742,0
46743,0
46744,1
46745,1
46746,1
46747,1
46748,0
46749,1
46750,0
46751,0
46752,0
46753,1
46754,1
46755,1
46756,0
46757,1
46758,0
46759,1
46760,1
46761,1
46762,0
46763,0
46764,0
46765,0
46766,1
46767,1
46768,0
46769,1
46770,0
46771,1
46772,0
46773,1
46774,1
46775,0
46776,0
46777,0
46778,0
46779,1
46780,0
46781,1
46782,1
46783,0
46784,1
46785,1
46786,1
46787,1
46788,1
46789,0
46790,1
46791,0
46792,1
46793,0
46794,0
46795,1
46796,1
46797,0
46798,1
46799,0
46800,1
46801,0
46802,0
46803,0
46804,0
46805,1
46806,0
46807,1
46808,0
46809,1
46810,1
46811,1
46812,1
46813,1
46814,1
46815,1
46816,1
46817,1
46818,0
46819,1
46820,0
46821,1
46822,1
46823,0
46824,0
46825,1
46826,0
46827,1
46828,1
46829,1
46830,0
46831,0
46832,1
46833,0
46834,0
46835,1
46836,1
46837,0
46838,0
46839,0
46840,1
46841,0
46842,0
46843,0
46844,1
46845,0
46846,1
46847,1
46848,0
46849,0
46850,1
46851,0
46852,0
46853,1
46854,1
46855,0
46856,0
46857,1
46858,1
46859,0
46860,0
46861,0
46862,0
46863,0
46864,0
46865,1
46866,0
46867,1
46868,1
46869,1
46870,0
46871,1
46872,0
46873,0
46874,0
46875,1
46876,1
46877,0
46878,0
46879,1
46880,0
46881,0
46882,0
46883,0
46884,0
46885,1
46886,0
46887,0
46888,1
46889,0
46890,1
46891,0
46892,1
46893,1
46894,1
46895,0
46896,0
46897,1
46898,0
46899,0
46900,0
46901,1
46902,0
46903,1
46904,0
46905,1
46906,0
46907,1
46908,0
46909,1
46910,1
46911,0
46912,1
46913,0
46914,1
46915,0
46916,0
46917,0
46918,1
46919,0
46920,0
46921,1
46922,0
46923,0
46924,0
46925,1
46926,0
46927,0
46928,1
46929,0
46930,0
46931,1
46932,1
46933,1
46934,1
46935,0
46936,1
46937,0
46938,1
46939,0
46940,0
46941,0
46942,0
46943,0
46944,0
46945,0
46946,1
46947,0
46948,0
46949,0
46950,1
46951,0
46952,0
46953,1
46954,1
46955,0
46956,0
46957,1
46958,1
46959,1
46960,0
46961,1
46962,0
46963,1
46964,0
46965,1
46966,1
46967,1
46968,1
46969,1
46970,0
46971,1
46972,0
46973,1
46974,1
46975,0
46976,0
46977,0
46978,1
46979,1
46980,1
46981,0
46982,1
46983,1
46984,1
46985,1
46986,1
46987,0
46988,0
46989,0
46990,0
46991,1
46992,0
46993,1
46994,1
46995,1
46996,1
46997,0
46998,1
46999,0
47000,1
47001,0
47002,1
47003,1
47004,0
47005,0
47006,0
47007,1
47008,1
47009,0
47010,1
47011,1
47012,0
47013,1
47014,1
47015,0
47016,0
47017,0
47018,1
47019,1
47020,1
47021,0
47022,1
47023,1
47024,1
47025,1
47026,0
47027,0
47028,0
47029,1
47030,0
47031,1
47032,0
47033,1
47034,1
47035,1
47036,0
47037,0
47038,0
47039,0
47040,0
47041,1
47042,1
47043,0
47044,1
47045,1
47046,1
47047,0
47048,1
47049,1
47050,0
47051,0
47052,0
47053,0
47054,0
47055,0
47056,1
47057,0
47058,1
47059,1
47060,0
47061,0
47062,1
47063,0
47064,0
47065,1
47066,1
47067,1
47068,0
47069,1
47070,0
47071,0
47072,1
47073,0
47074,1
47075,0
47076,0
47077,1
47078,1
47079,1
47080,0
47081,1
47082,0
47083,1
47084,0
47085,1
47086,0
47087,0
47088,1
47089,0
47090,1
47091,0
47092,0
47093,1
47094,1
47095,0
47096,0
47097,1
47098,0
47099,0
47100,0
47101,0
47102,1
47103,1
47104,0
47105,0
47106,0
47107,0
47108,0
47109,0
47110,0
47111,0
47112,0
47113,1
47114,1
47115,1
47116,0
47117,1
47118,0
47119,1
47120,1
47121,0
47122,1
47123,1
47124,0
47125,1
47126,1
47127,0
47128,1
47129,0
47130,0
47131,0
47132,0
47133,1
47134,1
47135,0
47136,0
47137,1
47138,0
47139,0
47140,0
47141,1
47142,1
47143,1
47144,0
47145,1
47146,1
47147,1
47148,1
47149,0
47150,0
47151,0
47152,0
47153,0
47154,0
47155,0
47156,1
47157,1
47158,1
47159,0
47160,0
47161,1
47162,0
47163,0
47164,0
47165,0
47166,1
47167,1
47168,0
47169,0
47170,1
47171,0
47172,1
47173,0
47174,0
47175,1
47176,0
47177,0
47178,0
47179,1
47180,1
47181,0
47182,1
47183,1
47184,1
47185,1
47186,0
47187,0
47188,0
47189,1
47190,0
47191,1
47192,0
47193,0
47194,0
47195,0
47196,0
47197,0
47198,1
47199,1
47200,0
47201,1
47202,0
47203,1
47204,1
47205,1
47206,0
47207,0
47208,0
47209,0
47210,0
47211,0
47212,1
47213,1
47214,0
47215,0
47216,0
47217,0
47218,1
47219,0
47220,0
47221,0
47222,0
47223,1
47224,1
47225,0
47226,1
47227,1
47228,1
47229,0
47230,1
47231,1
47232,1
47233,0
47234,1
47235,1
47236,0
47237,0
47238,1
47239,1
47240,1
47241,1
47242,0
47243,1
47244,1
47245,1
47246,1
47247,0
47248,0
47249,0
47250,1
47251,1
47252,1
47253,0
47254,1
47255,0
47256,1
47257,0
47258,0
47259,0
47260,1
47261,1
47262,1
47263,0
47264,0
47265,1
47266,1
47267,0
47268,0
47269,1
47270,1
47271,1
47272,1
47273,0
47274,0
47275,1
47276,1
47277,0
47278,1
47279,0
47280,0
47281,1
47282,1
47283,0
47284,1
47285,1
47286,0
47287,0
47288,1
47289,0
47290,0
47291,0
47292,0
47293,0
47294,0
47295,1
47296,0
47297,1
47298,1
47299,1
47300,1
47301,1
47302,1
47303,0
47304,0
47305,1
47306,0
47307,0
47308,1
47309,1
47310,1
47311,0
47312,1
47313,0
47314,0
47315,0
47316,1
47317,0
47318,1
47319,0
47320,1
47321,1
47322,1
47323,0
47324,0
47325,0
47326,1
47327,1
47328,1
47329,1
47330,1
47331,1
47332,1
47333,0
47334,1
47335,1
47336,1
47337,0
47338,1
47339,0
47340,1
47341,1
47342,1
47343,1
47344,1
47345,0
47346,1
47347,0
47348,0
47349,1
47350,0
47351,0
47352,0
47353,1
47354,0
47355,1
47356,1
47357,1
47358,0
47359,1
47360,1
47361,1
47362,0
47363,0
47364,1
47365,1
47366,1
47367,0
47368,1
47369,1
47370,1
47371,1
47372,1
47373,1
47374,0
47375,0
47376,0
47377,0
47378,0
47379,1
47380,1
47381,0
47382,0
47383,1
47384,0
47385,0
47386,0
47387,0
47388,1
47389,1
47390,1
47391,1
47392,1
47393,0
47394,0
47395,0
47396,1
47397,0
47398,1
47399,1
47400,1
47401,0
47402,0
47403,1
47404,0
47405,1
47406,1
47407,0
47408,0
47409,0
47410,0
47411,0
47412,1
47413,1
47414,1
47415,1
47416,0
47417,1
47418,0
47419,0
47420,1
47421,0
47422,0
47423,1
47424,0
47425,1
47426,1
47427,1
47428,0
47429,1
47430,0
47431,0
47432,0
47433,0
47434,1
47435,1
47436,0
47437,1
47438,0
47439,1
47440,1
47441,0
47442,1
47443,0
47444,0
47445,0
47446,0
47447,0
47448,1
47449,0
47450,0
47451,0
47452,0
47453,0
47454,1
47455,1
47456,0
47457,1
47458,1
47459,1
47460,0
47461,1
47462,1
47463,1
47464,1
47465,1
47466,0
47467,1
47468,1
47469,1
47470,0
47471,0
47472,1
47473,0
47474,0
47475,1
47476,0
47477,1
47478,0
47479,1
47480,1
47481,1
47482,1
47483,0
47484,0
47485,1
47486,0
47487,0
47488,0
47489,1
47490,1
47491,0
47492,0
47493,1
47494,1
47495,1
47496,1
47497,0
47498,1
47499,0
47500,1
47501,1
47502,1
47503,0
47504,1
47505,1
47506,0
47507,1
47508,0
47509,0
47510,1
47511,0
47512,1
47513,0
47514,0
47515,1
47516,0
47517,0
47518,0
47519,0
47520,1
47521,0
47522,1
47523,0
47524,0
47525,0
47526,0
47527,0
47528,1
47529,0
47530,0
47531,0
47532,0
47533,1
47534,1
47535,1
47536,1
47537,1
47538,1
47539,0
47540,0
47541,1
47542,0
47543,0
47544,1
47545,1
47546,1
47547,0
47548,1
47549,0
47550,1
47551,1
47552,0
47553,1
47554,1
47555,0
47556,1
47557,1
47558,0
47559,0
47560,1
47561,0
47562,0
47563,1
47564,0
47565,1
47566,0
47567,0
47568,1
47569,0
47570,1
47571,1
47572,1
47573,1
47574,0
47575,0
47576,1
47577,1
47578,1
47579,0
47580,1
47581,0
47582,0
47583,0
47584,0
47585,0
47586,0
47587,1
47588,0
47589,1
47590,0
47591,1
47592,1
47593,0
47594,1
47595,1
47596,1
47597,0
47598,0
47599,1
47600,1
47601,1
47602,1
47603,0
47604,0
47605,0
47606,0
47607,1
47608,1
47609,0
47610,1
47611,0
47612,1
47613,1
47614,1
47615,1
47616,0
47617,1
47618,0
47619,1
47620,1
47621,1
47622,0
47623,0
47624,1
47625,0
47626,1
47627,0
47628,0
47629,0
47630,0
47631,0
47632,0
47633,0
47634,0
47635,0
47636,0
47637,1
47638,1
47639,1
47640,0
47641,0
47642,0
47643,0
47644,1
47645,0
47646,0
47647,0
47648,0
47649,0
47650,0
47651,0
47652,1
47653,1
47654,0
47655,1
47656,1
47657,1
47658,0
47659,0
47660,0
47661,1
47662,0
47663,0
47664,0
47665,0
47666,1
47667,1
47668,1
47669,1
47670,0
47671,1
47672,0
47673,1
47674,1
47675,0
47676,0
47677,1
47678,1
47679,0
47680,1
47681,0
47682,0
47683,1
47684,1
47685,1
47686,1
47687,1
47688,0
47689,1
47690,0
47691,0
47692,1
47693,1
47694,1
47695,0
47696,1
47697,1
47698,0
47699,1
47700,1
47701,1
47702,1
47703,0
47704,1
47705,0
47706,0
47707,0
47708,1
47709,1
47710,0
47711,0
47712,0
47713,0
47714,0
47715,0
47716,1
47717,0
47718,1
47719,0
47720,0
47721,1
47722,1
47723,0
47724,0
47725,1
47726,0
47727,1
47728,0
47729,0
47730,0
47731,1
47732,0
47733,1
47734,0
47735,1
47736,1
47737,0
47738,1
47739,1
47740,0
47741,1
47742,0
47743,0
47744,1
47745,0
47746,0
47747,1
47748,0
47749,1
47750,0
47751,0
47752,0
47753,0
47754,0
47755,0
47756,1
47757,0
47758,0
47759,0
47760,1
47761,1
47762,1
47763,1
47764,0
47765,0
47766,0
47767,0
47768,1
47769,1
47770,0
47771,0
47772,0
47773,0
47774,0
47775,0
47776,1
47777,0
47778,1
47779,0
47780,0
47781,0
47782,1
47783,0
47784,1
47785,1
47786,0
47787,1
47788,1
47789,1
47790,1
47791,0
47792,1
47793,0
47794,1
47795,0
47796,0
47797,0
47798,0
47799,1
47800,1
47801,0
47802,1
47803,1
47804,0
47805,0
47806,0
47807,0
47808,1
47809,1
47810,0
47811,0
47812,0
47813,1
47814,1
47815,0
47816,1
47817,0
47818,1
47819,1
47820,0
47821,0
47822,1
47823,0
47824,0
47825,0
47826,0
47827,0
47828,0
47829,1
47830,0
47831,0
47832,1
47833,1
47834,1
47835,0
47836,0
47837,1
47838,0
47839,1
47840,1
47841,1
47842,1
47843,0
47844,1
47845,1
47846,0
47847,0
47848,1
47849,0
47850,1
47851,0
47852,1
47853,1
47854,0
47855,0
47856,1
47857,0
47858,0
47859,0
47860,0
47861,0
47862,0
47863,0
47864,1
47865,1
47866,0
47867,1
47868,0
47869,1
47870,0
47871,0
47872,1
47873,1
47874,1
47875,0
47876,1
47877,1
47878,0
47879,0
47880,1
47881,0
47882,0
47883,1
47884,0
47885,1
47886,0
47887,0
47888,0
47889,0
47890,0
47891,1
47892,1
47893,0
47894,0
47895,0
47896,1
47897,0
47898,0
47899,1
47900,0
47901,0
47902,1
47903,0
47904,1
47905,1
47906,0
47907,0
47908,1
47909,0
47910,0
47911,1
47912,0
47913,0
47914,1
47915,0
47916,1
47917,1
47918,1
47919,0
47920,1
47921,0
47922,1
47923,0
47924,0
47925,0
47926,0
47927,0
47928,0
47929,1
47930,0
47931,0
47932,0
47933,0
47934,1
47935,0
47936,1
47937,0
47938,1
47939,1
47940,1
47941,0
47942,0
47943,0
47944,0
47945,0
47946,0
47947,1
47948,1
47949,0
47950,1
47951,1
47952,0
47953,1
47954,1
47955,0
47956,0
47957,1
47958,0
47959,1
47960,0
47961,1
47962,0
47963,0
47964,1
47965,0
47966,0
47967,1
47968,0
47969,0
47970,1
47971,1
47972,1
47973,1
47974,0
47975,0
47976,0
47977,1
47978,0
47979,0
47980,1
47981,1
47982,0
47983,0
47984,0
47985,0
47986,0
47987,0
47988,1
47989,1
47990,1
47991,0
47992,1
47993,1
47994,0
47995,1
47996,0
47997,1
47998,1
47999,1
48000,0
48001,0
48002,0
48003,1
48004,0
48005,1
48006,1
48007,0
48008,1
48009,1
48010,1
48011,1
48012,1
48013,0
48014,1
48015,0
48016,0
48017,0
48018,0
48019,0
48020,0
48021,0
48022,0
48023,0
48024,1
48025,0
48026,0
48027,1
48028,0
48029,1
48030,0
48031,1
48032,0
48033,1
48034,1
48035,0
48036,1
48037,0
48038,0
48039,0
48040,0
48041,1
48042,1
48043,1
48044,0
48045,0
48046,1
48047,0
48048,1
48049,1
48050,0
48051,1
48052,0
48053,1
48054,1
48055,0
48056,0
48057,1
48058,0
48059,0
48060,1
48061,1
48062,1
48063,0
48064,0
48065,0
48066,0
48067,1
48068,1
48069,1
48070,1
48071,0
48072,0
48073,1
48074,0
48075,0
48076,1
48077,0
48078,0
48079,0
48080,1
48081,0
48082,1
48083,1
48084,1
48085,1
48086,1
48087,1
48088,0
48089,0
48090,0
48091,0
48092,0
48093,1
48094,1
48095,0
48096,0
48097,0
48098,0
48099,1
48100,0
48101,0
48102,1
48103,0
48104,1
48105,1
48106,0
48107,0
48108,1
48109,1
48110,1
48111,1
48112,1
48113,1
48114,0
48115,1
48116,1
48117,0
48118,0
48119,1
48120,1
48121,0
48122,1
48123,1
48124,1
48125,0
48126,0
48127,1
48128,0
48129,1
48130,1
48131,1
48132,1
48133,1
48134,0
48135,1
48136,0
48137,1
48138,1
48139,1
48140,0
48141,1
48142,0
48143,0
48144,1
48145,1
48146,0
48147,0
48148,0
48149,1
48150,0
48151,0
48152,0
48153,0
48154,1
48155,1
48156,1
48157,1
48158,1
48159,1
48160,1
48161,1
48162,0
48163,1
48164,0
48165,0
48166,1
48167,1
48168,0
48169,0
48170,1
48171,1
48172,0
48173,1
48174,1
48175,0
48176,1
48177,1
48178,1
48179,1
48180,0
48181,0
48182,0
48183,0
48184,1
48185,1
48186,0
48187,1
48188,1
48189,1
48190,1
48191,0
48192,1
48193,1
48194,0
48195,1
48196,1
48197,0
48198,1
48199,0
48200,1
48201,0
48202,1
48203,0
48204,1
48205,1
48206,0
48207,1
48208,1
48209,0
48210,0
48211,0
48212,1
48213,0
48214,0
48215,0
48216,1
48217,0
48218,0
48219,0
48220,0
48221,1
48222,1
48223,1
48224,0
48225,1
48226,1
48227,1
48228,1
48229,1
48230,0
48231,1
48232,0
48233,0
48234,1
48235,1
48236,0
48237,0
48238,0
48239,1
48240,1
48241,0
48242,1
48243,0
48244,0
48245,1
48246,1
48247,0
48248,1
48249,1
48250,1
48251,0
48252,0
48253,1
48254,1
48255,0
48256,0
48257,1
48258,0
48259,1
48260,0
48261,1
48262,1
48263,1
48264,0
48265,1
48266,1
48267,1
48268,1
48269,0
48270,1
48271,1
48272,0
48273,1
48274,1
48275,1
48276,1
48277,0
48278,0
48279,0
48280,1
48281,1
48282,1
48283,0
48284,0
48285,1
48286,1
48287,1
48288,0
48289,1
48290,1
48291,0
48292,1
48293,0
48294,1
48295,0
48296,0
48297,0
48298,0
48299,1
48300,0
48301,1
48302,0
48303,1
48304,1
48305,0
48306,1
48307,1
48308,1
48309,0
48310,1
48311,1
48312,0
48313,1
48314,0
48315,0
48316,1
48317,1
48318,0
48319,0
48320,0
48321,0
48322,1
48323,1
48324,0
48325,1
48326,1
48327,0
48328,0
48329,1
48330,1
48331,1
48332,0
48333,0
48334,0
48335,1
48336,1
48337,1
48338,0
48339,1
48340,0
48341,0
48342,0
48343,0
48344,0
48345,0
48346,0
48347,0
48348,0
48349,0
48350,1
48351,0
48352,0
48353,1
48354,0
48355,1
48356,0
48357,1
48358,0
48359,1
48360,0
48361,0
48362,0
48363,0
48364,0
48365,0
48366,1
48367,1
48368,0
48369,1
48370,1
48371,0
48372,1
48373,0
48374,1
48375,0
48376,0
48377,1
48378,1
48379,0
48380,1
48381,0
48382,1
48383,0
48384,1
48385,0
48386,0
48387,0
48388,0
48389,0
48390,0
48391,0
48392,1
48393,0
48394,1
48395,0
48396,0
48397,0
48398,1
48399,1
48400,1
48401,0
48402,0
48403,0
48404,0
48405,1
48406,0
48407,1
48408,1
48409,0
48410,1
48411,1
48412,1
48413,0
48414,0
48415,1
48416,0
48417,0
48418,1
48419,1
48420,0
48421,0
48422,1
48423,1
48424,1
48425,0
48426,0
48427,0
48428,0
48429,0
48430,0
48431,0
48432,0
48433,0
48434,0
48435,1
48436,0
48437,1
48438,0
48439,0
48440,0
48441,1
48442,1
48443,0
48444,0
48445,1
48446,1
48447,0
48448,1
48449,1
48450,0
48451,1
48452,1
48453,0
48454,0
48455,1
48456,1
48457,0
48458,1
48459,0
48460,1
48461,0
48462,0
48463,1
48464,0
48465,1
48466,1
48467,1
48468,1
48469,0
48470,0
48471,0
48472,1
48473,1
48474,0
48475,0
48476,0
48477,0
48478,1
48479,1
48480,1
48481,1
48482,1
48483,0
48484,1
48485,0
48486,0
48487,1
48488,0
48489,1
48490,1
48491,0
48492,0
48493,1
48494,1
48495,0
48496,0
48497,0
48498,1
48499,1
48500,1
48501,0
48502,0
48503,1
48504,1
48505,1
48506,1
48507,1
48508,0
48509,0
48510,1
48511,1
48512,1
48513,0
48514,0
48515,0
48516,0
48517,1
48518,1
48519,0
48520,0
48521,1
48522,1
48523,1
48524,0
48525,1
48526,0
48527,1
48528,1
48529,0
48530,0
48531,1
48532,1
48533,0
48534,0
48535,0
48536,0
48537,0
48538,1
48539,1
48540,0
48541,0
48542,1
48543,0
48544,0
48545,1
48546,1
48547,0
48548,1
48549,0
48550,0
48551,1
48552,1
48553,1
48554,0
48555,0
48556,0
48557,0
48558,1
48559,1
48560,0
48561,0
48562,0
48563,1
48564,1
48565,0
48566,0
48567,0
48568,0
48569,0
48570,0
48571,0
48572,0
48573,1
48574,1
48575,0
48576,1
48577,1
48578,0
48579,0
48580,0
48581,0
48582,1
48583,1
48584,0
48585,1
48586,1
48587,1
48588,1
48589,0
48590,1
48591,1
48592,1
48593,1
48594,0
48595,0
48596,1
48597,0
48598,1
48599,0
48600,1
48601,1
48602,1
48603,0
48604,1
48605,0
48606,0
48607,1
48608,0
48609,1
48610,1
48611,1
48612,1
48613,1
48614,1
48615,1
48616,0
48617,1
48618,0
48619,1
48620,1
48621,0
48622,0
48623,0
48624,0
48625,0
48626,0
48627,0
48628,0
48629,1
48630,1
48631,1
48632,0
48633,0
48634,0
48635,1
48636,1
48637,0
48638,0
48639,1
48640,0
48641,0
48642,1
48643,0
48644,1
48645,0
48646,1
48647,1
48648,1
48649,1
48650,0
48651,1
48652,1
48653,1
48654,0
48655,1
48656,0
48657,0
48658,1
48659,1
48660,0
48661,1
48662,1
48663,1
48664,1
48665,0
48666,1
48667,0
48668,0
48669,1
48670,0
48671,1
48672,0
48673,0
48674,1
48675,0
48676,1
48677,0
48678,1
48679,1
48680,0
48681,1
48682,0
48683,1
48684,0
48685,0
48686,0
48687,0
48688,0
48689,0
48690,1
48691,1
48692,1
48693,1
48694,1
48695,1
48696,1
48697,0
48698,0
48699,1
48700,0
48701,1
48702,0
48703,0
48704,1
48705,1
48706,0
48707,1
48708,0
48709,0
48710,0
48711,1
48712,0
48713,0
48714,0
48715,1
48716,1
48717,0
48718,1
48719,1
48720,0
48721,1
48722,1
48723,1
48724,0
48725,1
48726,0
48727,0
48728,0
48729,0
48730,1
48731,1
48732,1
48733,0
48734,1
48735,0
48736,0
48737,0
48738,1
48739,1
48740,0
48741,1
48742,0
48743,1
48744,1
48745,1
48746,1
48747,0
48748,1
48749,1
48750,0
48751,1
48752,1
48753,1
48754,0
48755,0
48756,0
48757,1
48758,0
48759,1
48760,1
48761,1
48762,1
48763,0
48764,0
48765,1
48766,1
48767,1
48768,0
48769,0
48770,0
48771,1
48772,0
48773,0
48774,1
48775,0
48776,1
48777,1
48778,1
48779,0
48780,1
48781,1
48782,1
48783,1
48784,1
48785,0
48786,1
48787,0
48788,0
48789,1
48790,0
48791,1
48792,1
48793,1
48794,1
48795,1
48796,0
48797,0
48798,1
48799,0
48800,1
48801,0
48802,0
48803,0
48804,0
48805,0
48806,0
48807,1
48808,1
48809,1
48810,0
48811,0
48812,1
48813,1
48814,1
48815,0
48816,0
48817,0
48818,0
48819,0
48820,1
48821,0
48822,0
48823,0
48824,0
48825,1
48826,0
48827,0
48828,0
48829,1
48830,1
48831,0
48832,0
48833,1
48834,1
48835,0
48836,0
48837,0
48838,0
48839,0
48840,1
48841,0
48842,0
48843,1
48844,0
48845,1
48846,0
48847,1
48848,0
48849,0
48850,1
48851,1
48852,1
48853,1
48854,0
48855,1
48856,1
48857,0
48858,0
48859,0
48860,1
48861,0
48862,0
48863,1
48864,1
48865,0
48866,0
48867,0
48868,1
48869,0
48870,0
48871,1
48872,0
48873,0
48874,0
48875,1
48876,1
48877,0
48878,0
48879,0
48880,0
48881,0
48882,0
48883,0
48884,0
48885,1
48886,1
48887,0
48888,1
48889,0
48890,1
48891,1
48892,1
48893,0
48894,0
48895,1
48896,0
48897,0
48898,1
48899,1
48900,1
48901,0
48902,0
48903,0
48904,1
48905,0
48906,1
48907,0
48908,0
48909,0
48910,1
48911,1
48912,1
48913,0
48914,0
48915,0
48916,1
48917,1
48918,1
48919,1
48920,1
48921,1
48922,0
48923,0
48924,0
48925,1
48926,1
48927,1
48928,1
48929,1
48930,0
48931,0
48932,1
48933,0
48934,1
48935,1
48936,0
48937,0
48938,1
48939,1
48940,1
48941,1
48942,1
48943,1
48944,1
48945,1
48946,0
48947,0
48948,0
48949,1
48950,0
48951,0
48952,0
48953,1
48954,0
48955,0
48956,1
48957,1
48958,1
48959,1
48960,1
48961,1
48962,1
48963,1
48964,0
48965,0
48966,1
48967,1
48968,0
48969,0
48970,1
48971,1
48972,0
48973,1
48974,1
48975,1
48976,0
48977,1
48978,0
48979,1
48980,1
48981,0
48982,1
48983,0
48984,0
48985,0
48986,1
48987,1
48988,1
48989,1
48990,0
48991,0
48992,0
48993,0
48994,0
48995,1
48996,0
48997,0
48998,0
48999,1
49000,1
49001,1
49002,1
49003,1
49004,1
49005,0
49006,0
49007,0
49008,1
49009,1
49010,1
49011,1
49012,1
49013,1
49014,0
49015,1
49016,0
49017,1
49018,1
49019,1
49020,0
49021,0
49022,1
49023,0
49024,1
49025,1
49026,0
49027,1
49028,0
49029,1
49030,0
49031,1
49032,1
49033,1
49034,0
49035,1
49036,1
49037,1
49038,1
49039,1
49040,0
49041,1
49042,0
49043,1
49044,0
49045,1
49046,0
49047,1
49048,0
49049,1
49050,1
49051,0
49052,0
49053,1
49054,0
49055,1
49056,0
49057,0
49058,0
49059,1
49060,1
49061,1
49062,1
49063,0
49064,1
49065,0
49066,1
49067,0
49068,1
49069,0
49070,1
49071,1
49072,1
49073,0
49074,0
49075,1
49076,0
49077,1
49078,0
49079,1
49080,0
49081,0
49082,0
49083,1
49084,1
49085,1
49086,0
49087,0
49088,1
49089,1
49090,1
49091,1
49092,0
49093,1
49094,1
49095,0
49096,1
49097,1
49098,0
49099,1
49100,0
49101,0
49102,1
49103,1
49104,0
49105,0
49106,0
49107,0
49108,0
49109,1
49110,0
49111,0
49112,1
49113,1
49114,1
49115,1
49116,0
49117,0
49118,0
49119,1
49120,0
49121,1
49122,0
49123,1
49124,0
49125,1
49126,0
49127,1
49128,1
49129,0
49130,0
49131,1
49132,1
49133,1
49134,1
49135,0
49136,0
49137,1
49138,1
49139,1
49140,1
49141,1
49142,0
49143,0
49144,0
49145,1
49146,1
49147,1
49148,1
49149,1
49150,1
49151,1
49152,0
49153,0
49154,0
49155,0
49156,1
49157,0
49158,1
49159,1
49160,0
49161,1
49162,1
49163,0
49164,0
49165,1
49166,0
49167,0
49168,0
49169,1
49170,0
49171,1
49172,0
49173,1
49174,0
49175,0
49176,0
49177,1
49178,1
49179,1
49180,0
49181,1
49182,0
49183,1
49184,0
49185,0
49186,1
49187,1
49188,0
49189,1
49190,1
49191,1
49192,0
49193,1
49194,1
49195,0
49196,0
49197,1
49198,1
49199,1
49200,1
49201,0
49202,1
49203,0
49204,1
49205,1
49206,0
49207,1
49208,0
49209,0
49210,0
49211,1
49212,0
49213,0
49214,0
49215,1
49216,1
49217,0
49218,1
49219,1
49220,1
49221,1
49222,0
49223,1
49224,1
49225,0
49226,0
49227,0
49228,0
49229,1
49230,0
49231,1
49232,1
49233,0
49234,0
49235,1
49236,1
49237,1
49238,1
49239,0
49240,1
49241,1
49242,1
49243,0
49244,0
49245,1
49246,0
49247,1
49248,0
49249,0
49250,0
49251,1
49252,1
49253,1
49254,1
49255,1
49256,0
49257,1
49258,1
49259,1
49260,0
49261,1
49262,0
49263,1
49264,0
49265,1
49266,1
49267,0
49268,1
49269,1
49270,1
49271,1
49272,0
49273,1
49274,1
49275,0
49276,0
49277,1
49278,0
49279,0
49280,1
49281,1
49282,1
49283,0
49284,0
49285,1
49286,0
49287,0
49288,1
49289,1
49290,0
49291,1
49292,1
49293,0
49294,0
49295,1
49296,1
49297,1
49298,1
49299,1
49300,0
49301,0
49302,0
49303,0
49304,0
49305,1
49306,1
49307,0
49308,1
49309,0
49310,1
49311,1
49312,1
49313,0
49314,0
49315,0
49316,1
49317,0
49318,1
49319,1
49320,1
49321,0
49322,0
49323,0
49324,1
49325,1
49326,1
49327,0
49328,1
49329,1
49330,1
49331,0
49332,1
49333,0
49334,1
49335,1
49336,0
49337,0
49338,1
49339,0
49340,1
49341,1
49342,1
49343,1
49344,0
49345,0
49346,1
49347,0
49348,0
49349,1
49350,1
49351,0
49352,0
49353,0
49354,1
49355,0
49356,1
49357,0
49358,0
49359,1
49360,1
49361,1
49362,0
49363,1
49364,1
49365,1
49366,0
49367,0
49368,0
49369,0
49370,0
49371,1
49372,1
49373,0
49374,1
49375,0
49376,1
49377,1
49378,0
49379,0
49380,1
49381,1
49382,1
49383,0
49384,1
49385,1
49386,1
49387,0
49388,0
49389,1
49390,1
49391,1
49392,1
49393,1
49394,1
49395,0
49396,0
49397,1
49398,1
49399,1
49400,1
49401,1
49402,0
49403,1
49404,1
49405,1
49406,0
49407,1
49408,1
49409,0
49410,0
49411,1
49412,0
49413,1
49414,0
49415,0
49416,1
49417,0
49418,0
49419,1
49420,1
49421,0
49422,1
49423,0
49424,0
49425,0
49426,0
49427,0
49428,1
49429,0
49430,1
49431,0
49432,1
49433,0
49434,0
49435,1
49436,1
49437,1
49438,1
49439,0
49440,1
49441,1
49442,0
49443,1
49444,1
49445,1
49446,0
49447,1
49448,1
49449,0
49450,1
49451,0
49452,0
49453,0
49454,0
49455,1
49456,1
49457,0
49458,0
49459,1
49460,1
49461,1
49462,0
49463,1
49464,0
49465,0
49466,0
49467,0
49468,0
49469,1
49470,1
49471,0
49472,0
49473,1
49474,0
49475,0
49476,1
49477,1
49478,0
49479,1
49480,0
49481,1
49482,1
49483,1
49484,1
49485,0
49486,0
49487,1
49488,0
49489,1
49490,0
49491,0
49492,1
49493,1
49494,1
49495,1
49496,1
49497,1
49498,0
49499,1
49500,1
49501,0
49502,0
49503,1
49504,1
49505,0
49506,0
49507,0
49508,1
49509,0
49510,0
49511,0
49512,0
49513,0
49514,0
49515,1
49516,1
49517,1
49518,1
49519,0
49520,0
49521,1
49522,0
49523,0
49524,1
49525,1
49526,0
49527,0
49528,0
49529,1
49530,0
49531,1
49532,0
49533,1
49534,0
49535,1
49536,0
49537,1
49538,1
49539,1
49540,1
49541,0
49542,1
49543,0
49544,1
49545,0
49546,0
49547,0
49548,0
49549,1
49550,0
49551,0
49552,0
49553,1
49554,1
49555,0
49556,0
49557,0
49558,1
49559,0
49560,1
49561,0
49562,0
49563,1
49564,1
49565,0
49566,0
49567,0
49568,0
49569,0
49570,1
49571,0
49572,1
49573,0
49574,1
49575,0
49576,1
49577,0
49578,0
49579,0
49580,1
49581,1
49582,1
49583,1
49584,1
49585,0
49586,0
49587,1
49588,1
49589,0
49590,0
49591,0
49592,0
49593,0
49594,1
49595,1
49596,1
49597,0
49598,0
49599,1
49600,0
49601,0
49602,0
49603,0
49604,1
49605,0
49606,1
49607,1
49608,0
49609,1
49610,0
49611,0
49612,1
49613,1
49614,1
49615,0
49616,0
49617,0
49618,0
49619,0
49620,0
49621,0
49622,0
49623,1
49624,1
49625,0
49626,0
49627,1
49628,0
49629,0
49630,1
49631,0
49632,0
49633,1
49634,0
49635,0
49636,1
49637,0
49638,0
49639,1
49640,1
49641,0
49642,1
49643,1
49644,0
49645,0
49646,1
49647,1
49648,1
49649,1
49650,0
49651,0
49652,1
49653,1
49654,1
49655,1
49656,0
49657,0
49658,0
49659,0
49660,1
49661,1
49662,0
49663,1
49664,1
49665,1
49666,0
49667,1
49668,0
49669,0
49670,0
49671,1
49672,1
49673,0
49674,0
49675,1
49676,0
49677,1
49678,0
49679,1
49680,1
49681,1
49682,0
49683,0
49684,0
49685,0
49686,1
49687,0
49688,1
49689,0
49690,1
49691,0
49692,0
49693,0
49694,1
49695,1
49696,0
49697,1
49698,1
49699,0
49700,0
49701,0
49702,1
49703,1
49704,0
49705,1
49706,1
49707,0
49708,0
49709,1
49710,1
49711,0
49712,0
49713,0
49714,1
49715,1
49716,0
49717,1
49718,1
49719,1
49720,0
49721,1
49722,0
49723,1
49724,0
49725,1
49726,1
49727,0
49728,1
49729,1
49730,0
49731,1
49732,0
49733,1
49734,0
49735,0
49736,0
49737,0
49738,0
49739,0
49740,1
49741,1
49742,0
49743,0
49744,0
49745,1
49746,0
49747,0
49748,1
49749,0
49750,1
49751,1
49752,0
49753,1
49754,1
49755,1
49756,1
49757,1
49758,0
49759,0
49760,1
49761,1
49762,0
49763,1
49764,0
49765,0
49766,1
49767,0
49768,1
49769,1
49770,1
49771,0
49772,0
49773,0
49774,1
49775,0
49776,1
49777,1
49778,0
49779,0
49780,1
49781,1
49782,1
49783,1
49784,1
49785,1
49786,0
49787,1
49788,1
49789,1
49790,1
49791,1
49792,1
49793,0
49794,1
49795,0
49796,1
49797,1
49798,0
49799,1
49800,0
49801,0
49802,0
49803,0
49804,1
49805,0
49806,1
49807,1
49808,1
49809,1
49810,1
49811,0
49812,1
49813,0
49814,0
49815,0
49816,1
49817,0
49818,0
49819,1
49820,1
49821,0
49822,1
49823,0
49824,0
49825,0
49826,1
49827,1
49828,0
49829,1
49830,0
49831,0
49832,1
49833,0
49834,0
49835,1
49836,0
49837,1
49838,1
49839,0
49840,1
49841,1
49842,0
49843,0
49844,1
49845,0
49846,0
49847,1
49848,1
49849,0
49850,0
49851,0
49852,0
49853,1
49854,1
49855,1
49856,1
49857,1
49858,0
49859,1
49860,1
49861,0
49862,0
49863,0
49864,0
49865,0
49866,0
49867,1
49868,0
49869,1
49870,0
49871,1
49872,1
49873,1
49874,1
49875,1
49876,1
49877,0
49878,0
49879,1
49880,0
49881,1
49882,0
49883,1
49884,0
49885,1
49886,0
49887,1
49888,0
49889,0
49890,0
49891,1
49892,0
49893,0
49894,0
49895,1
49896,0
49897,1
49898,1
49899,0
49900,1
49901,0
49902,0
49903,0
49904,1
49905,1
49906,0
49907,1
49908,1
49909,1
49910,1
49911,0
49912,0
49913,0
49914,1
49915,1
49916,0
49917,1
49918,0
49919,1
49920,1
49921,0
49922,1
49923,1
49924,0
49925,0
49926,0
49927,0
49928,1
49929,1
49930,0
49931,1
49932,0
49933,1
49934,0
49935,0
49936,1
49937,0
49938,0
49939,1
49940,1
49941,1
49942,0
49943,0
49944,1
49945,1
49946,0
49947,0
49948,0
49949,1
49950,1
49951,0
49952,0
49953,0
49954,1
49955,1
49956,1
49957,1
49958,0
49959,1
49960,1
49961,1
49962,0
49963,1
49964,1
49965,0
49966,0
49967,0
49968,0
49969,1
49970,1
49971,0
49972,0
49973,1
49974,0
49975,0
49976,1
49977,1
49978,1
49979,0
49980,1
49981,0
49982,1
49983,0
49984,0
49985,1
49986,1
49987,1
49988,1
49989,0
49990,1
49991,0
49992,1
49993,1
49994,1
49995,1
49996,1
49997,1
49998,0
49999,1
50000,0
50001,1
50002,1
50003,0
50004,1
50005,1
50006,1
50007,0
50008,0
50009,0
50010,0
50011,0
50012,1
50013,0
50014,0
50015,0
50016,1
50017,0
50018,0
50019,1
50020,1
50021,0
50022,0
50023,0
50024,0
50025,1
50026,0
50027,1
50028,1
50029,0
50030,0
50031,0
50032,1
50033,0
50034,1
50035,0
50036,1
50037,1
50038,1
50039,0
50040,1
50041,0
50042,1
50043,0
50044,1
50045,0
50046,1
50047,0
50048,1
50049,1
50050,0
50051,0
50052,0
50053,0
50054,1
50055,1
50056,0
50057,1
50058,1
50059,1
50060,0
50061,0
50062,1
50063,1
50064,1
50065,1
50066,1
50067,0
50068,0
50069,0
50070,0
50071,0
50072,0
50073,1
50074,0
50075,1
50076,1
50077,0
50078,0
50079,1
50080,1
50081,0
50082,0
50083,0
50084,1
50085,1
50086,0
50087,1
50088,0
50089,0
50090,1
50091,1
50092,0
50093,1
50094,1
50095,1
50096,0
50097,0
50098,0
50099,1
50100,0
50101,1
50102,1
50103,1
50104,0
50105,0
50106,0
50107,0
50108,0
50109,0
50110,0
50111,0
50112,0
50113,0
50114,1
50115,1
50116,0
50117,0
50118,1
50119,0
50120,1
50121,1
50122,1
50123,0
50124,0
50125,0
50126,0
50127,1
50128,0
50129,0
50130,1
50131,0
50132,0
50133,0
50134,1
50135,1
50136,0
50137,1
50138,1
50139,0
50140,0
50141,1
50142,1
50143,0
50144,0
50145,0
50146,1
50147,1
50148,1
50149,1
50150,0
50151,1
50152,0
50153,0
50154,1
50155,1
50156,1
50157,1
50158,1
50159,1
50160,1
50161,0
50162,1
50163,0
50164,1
50165,1
50166,0
50167,0
50168,1
50169,1
50170,1
50171,1
50172,0
50173,0
50174,1
50175,1
50176,0
50177,0
50178,0
50179,0
50180,0
50181,0
50182,1
50183,1
50184,0
50185,1
50186,1
50187,0
50188,1
50189,0
50190,1
50191,0
50192,1
50193,1
50194,0
50195,1
50196,0
50197,1
50198,0
50199,0
50200,1
50201,0
50202,1
50203,1
50204,0
50205,1
50206,1
50207,1
50208,1
50209,0
50210,0
50211,0
50212,1
50213,1
50214,1
50215,1
50216,1
50217,1
50218,0
50219,1
50220,0
50221,1
50222,1
50223,0
50224,1
50225,1
50226,1
50227,1
50228,0
50229,0
50230,0
50231,1
50232,0
50233,1
50234,0
50235,0
50236,1
50237,0
50238,0
50239,0
50240,1
50241,1
50242,0
50243,0
50244,0
50245,1
50246,0
50247,0
50248,0
50249,0
50250,0
50251,1
50252,1
50253,0
50254,1
50255,0
50256,1
50257,0
50258,0
50259,1
50260,1
50261,1
50262,0
50263,1
50264,1
50265,1
50266,1
50267,0
50268,1
50269,1
50270,0
50271,0
50272,0
50273,1
50274,0
50275,0
50276,0
50277,1
50278,1
50279,0
50280,1
50281,1
50282,0
50283,0
50284,1
50285,1
50286,1
50287,1
50288,0
50289,0
50290,0
50291,1
50292,0
50293,1
50294,0
50295,1
50296,0
50297,1
50298,1
50299,1
50300,0
50301,1
50302,1
50303,0
50304,1
50305,0
50306,0
50307,0
50308,0
50309,1
50310,0
50311,1
50312,0
50313,0
50314,0
50315,0
50316,1
50317,0
50318,0
50319,0
50320,0
50321,1
50322,0
50323,0
50324,0
50325,0
50326,1
50327,1
50328,0
50329,1
50330,0
50331,0
50332,1
50333,1
50334,1
50335,1
50336,1
50337,1
50338,1
50339,0
50340,1
50341,1
50342,0
50343,1
50344,0
50345,0
50346,0
50347,1
50348,1
50349,1
50350,0
50351,1
50352,0
50353,0
50354,0
50355,1
50356,1
50357,0
50358,0
50359,1
50360,1
50361,0
50362,1
50363,0
50364,0
50365,1
50366,0
50367,1
50368,0
50369,1
50370,0
50371,1
50372,1
50373,0
50374,1
50375,0
50376,0
50377,1
50378,1
50379,1
50380,1
50381,1
50382,0
50383,1
50384,1
50385,1
50386,1
50387,0
50388,0
50389,0
50390,1
50391,1
50392,0
50393,1
50394,0
50395,1
50396,0
50397,0
50398,0
50399,0
50400,1
50401,1
50402,0
50403,1
50404,0
50405,1
50406,0
50407,1
50408,0
50409,0
50410,1
50411,0
50412,0
50413,0
50414,0
50415,0
50416,1
50417,0
50418,1
50419,1
50420,1
50421,1
50422,1
50423,1
50424,0
50425,0
50426,0
50427,1
50428,1
50429,1
50430,0
50431,1
50432,0
50433,1
50434,1
50435,1
50436,1
50437,1
50438,1
50439,1
50440,0
50441,1
50442,1
50443,1
50444,1
50445,0
50446,0
50447,0
50448,1
50449,0
50450,0
50451,1
50452,1
50453,1
50454,1
50455,1
50456,1
50457,1
50458,1
50459,1
50460,1
50461,1
50462,0
50463,0
50464,1
50465,0
50466,0
50467,1
50468,0
50469,1
50470,0
50471,1
50472,1
50473,1
50474,1
50475,1
50476,0
50477,1
50478,0
50479,1
50480,0
50481,1
50482,1
50483,1
50484,1
50485,1
50486,0
50487,1
50488,1
50489,1
50490,1
50491,0
50492,1
50493,0
50494,1
50495,0
50496,0
50497,0
50498,0
50499,0
50500,1
50501,0
50502,1
50503,1
50504,1
50505,1
50506,1
50507,1
50508,1
50509,0
50510,0
50511,1
50512,1
50513,1
50514,0
50515,0
50516,0
50517,1
50518,0
50519,1
50520,0
50521,0
50522,0
50523,1
50524,0
50525,0
50526,0
50527,1
50528,0
50529,1
50530,0
50531,1
50532,1
50533,0
50534,0
50535,0
50536,1
50537,0
50538,0
50539,0
50540,0
50541,1
50542,1
50543,0
50544,0
50545,0
50546,1
50547,0
50548,0
50549,0
50550,1
50551,0
50552,0
50553,0
50554,1
50555,1
50556,1
50557,1
50558,0
50559,0
50560,1
50561,0
50562,1
50563,1
50564,1
50565,0
50566,1
50567,0
50568,0
50569,0
50570,0
50571,1
50572,0
50573,0
50574,1
50575,1
50576,0
50577,1
50578,1
50579,0
50580,1
50581,1
50582,1
50583,1
50584,1
50585,0
50586,1
50587,1
50588,0
50589,1
50590,1
50591,0
50592,1
50593,1
50594,1
50595,0
50596,1
50597,0
50598,1
50599,0
50600,0
50601,0
50602,0
50603,1
50604,1
50605,0
50606,1
50607,1
50608,1
50609,1
50610,1
50611,0
50612,1
50613,1
50614,1
50615,1
50616,0
50617,1
50618,1
50619,1
50620,1
50621,1
50622,0
50623,0
50624,1
50625,0
50626,0
50627,0
50628,0
50629,0
50630,1
50631,0
50632,1
50633,0
50634,1
50635,1
50636,0
50637,0
50638,0
50639,1
50640,0
50641,1
50642,1
50643,0
50644,0
50645,0
50646,1
50647,1
50648,1
50649,1
50650,1
50651,1
50652,0
50653,0
50654,1
50655,1
50656,0
50657,0
50658,0
50659,0
50660,1
50661,0
50662,1
50663,0
50664,0
50665,0
50666,0
50667,0
50668,1
50669,0
50670,0
50671,1
50672,1
50673,0
50674,1
50675,1
50676,0
50677,0
50678,1
50679,1
50680,0
50681,0
50682,1
50683,1
50684,0
50685,0
50686,1
50687,1
50688,0
50689,0
50690,1
50691,1
50692,1
50693,0
50694,0
50695,0
50696,0
50697,1
50698,0
50699,1
50700,0
50701,1
50702,0
50703,1
50704,0
50705,1
50706,1
50707,1
50708,1
50709,0
50710,1
50711,1
50712,0
50713,0
50714,0
50715,0
50716,0
50717,0
50718,1
50719,0
50720,0
50721,1
50722,0
50723,1
50724,1
50725,0
50726,1
50727,1
50728,0
50729,0
50730,0
50731,1
50732,0
50733,1
50734,0
50735,0
50736,1
50737,1
50738,1
50739,0
50740,0
50741,0
50742,0
50743,1
50744,0
50745,1
50746,1
50747,0
50748,0
50749,0
50750,0
50751,0
50752,1
50753,0
50754,0
50755,1
50756,1
50757,0
50758,0
50759,0
50760,0
50761,1
50762,0
50763,1
50764,0
50765,1
50766,0
50767,0
50768,1
50769,1
50770,0
50771,0
50772,1
50773,1
50774,1
50775,1
50776,1
50777,0
50778,0
50779,1
50780,0
50781,0
50782,0
50783,0
50784,0
50785,0
50786,1
50787,1
50788,0
50789,1
50790,0
50791,1
50792,1
50793,0
50794,1
50795,0
50796,0
50797,1
50798,0
50799,1
50800,0
50801,0
50802,1
50803,1
50804,1
50805,1
50806,1
50807,1
50808,0
50809,1
50810,0
50811,0
50812,1
50813,0
50814,1
50815,1
50816,0
50817,1
50818,1
50819,0
50820,0
50821,0
50822,0
50823,1
50824,0
50825,1
50826,0
50827,1
50828,0
50829,1
50830,0
50831,0
50832,1
50833,1
50834,0
50835,0
50836,0
50837,0
50838,1
50839,0
50840,1
50841,0
50842,0
50843,1
50844,0
50845,1
50846,1
50847,0
50848,1
50849,1
50850,0
50851,1
50852,0
50853,1
50854,1
50855,0
50856,0
50857,0
50858,0
50859,1
50860,0
50861,0
50862,1
50863,1
50864,0
50865,0
50866,1
50867,1
50868,1
50869,0
50870,0
50871,1
50872,1
50873,0
50874,1
50875,0
50876,0
50877,1
50878,1
50879,1
50880,1
50881,0
50882,1
50883,1
50884,0
50885,1
50886,0
50887,0
50888,1
50889,1
50890,1
50891,1
50892,1
50893,1
50894,0
50895,1
50896,0
50897,1
50898,1
50899,0
50900,0
50901,1
50902,1
50903,1
50904,1
50905,0
50906,1
50907,0
50908,0
50909,1
50910,0
50911,0
50912,0
50913,0
50914,1
50915,0
50916,0
50917,1
50918,0
50919,0
50920,0
50921,0
50922,0
50923,1
50924,1
50925,0
50926,0
50927,1
50928,1
50929,0
50930,0
50931,1
50932,0
50933,1
50934,1
50935,0
50936,1
50937,1
50938,0
50939,0
50940,0
50941,0
50942,1
50943,0
50944,0
50945,1
50946,0
50947,0
50948,1
50949,0
50950,0
50951,0
50952,0
50953,1
50954,0
50955,0
50956,1
50957,0
50958,1
50959,0
50960,1
50961,1
50962,1
50963,0
50964,0
50965,0
50966,1
50967,1
50968,0
50969,1
50970,1
50971,1
50972,1
50973,0
50974,0
50975,0
50976,1
50977,1
50978,1
50979,1
50980,1
50981,1
50982,1
50983,0
50984,1
50985,1
50986,0
50987,1
50988,0
50989,0
50990,0
50991,1
50992,0
50993,0
50994,1
50995,0
50996,0
50997,1
50998,1
50999,1
51000,0
51001,1
51002,1
51003,1
51004,1
51005,1
51006,0
51007,1
51008,1
51009,1
51010,0
51011,1
51012,1
51013,0
51014,1
51015,0
51016,0
51017,1
51018,0
51019,1
51020,1
51021,0
51022,1
51023,1
51024,0
51025,0
51026,0
51027,0
51028,0
51029,1
51030,1
51031,1
51032,0
51033,0
51034,1
51035,0
51036,0
51037,0
51038,0
51039,0
51040,0
51041,1
51042,1
51043,0
51044,0
51045,1
51046,0
51047,0
51048,1
51049,0
51050,1
51051,1
51052,0
51053,1
51054,0
51055,1
51056,1
51057,1
51058,0
51059,1
51060,0
51061,0
51062,1
51063,0
51064,1
51065,1
51066,1
51067,0
51068,0
51069,1
51070,0
51071,0
51072,1
51073,1
51074,1
51075,0
51076,0
51077,1
51078,0
51079,1
51080,1
51081,0
51082,0
51083,0
51084,1
51085,0
51086,0
51087,0
51088,0
51089,0
51090,0
51091,0
51092,0
51093,1
51094,1
51095,0
51096,0
51097,1
51098,0
51099,1
51100,1
51101,0
51102,0
51103,0
51104,0
51105,0
51106,0
51107,0
51108,1
51109,1
51110,1
51111,0
51112,0
51113,1
51114,1
51115,0
51116,0
51117,0
51118,1
51119,0
51120,1
51121,0
51122,1
51123,0
51124,1
51125,1
51126,0
51127,0
51128,0
51129,0
51130,0
51131,1
51132,0
51133,1
51134,0
51135,0
51136,0
51137,1
51138,0
51139,0
51140,0
51141,0
51142,0
51143,1
51144,0
51145,1
51146,1
51147,1
51148,0
51149,1
51150,1
51151,1
51152,0
51153,0
51154,0
51155,0
51156,0
51157,1
51158,1
51159,0
51160,1
51161,1
51162,1
51163,1
51164,0
51165,0
51166,1
51167,0
51168,1
51169,0
51170,0
51171,1
51172,1
51173,0
51174,1
51175,0
51176,1
51177,0
51178,1
51179,1
51180,1
51181,1
51182,1
51183,0
51184,1
51185,0
51186,1
51187,1
51188,1
51189,1
51190,0
51191,1
51192,1
51193,0
51194,1
51195,0
51196,0
51197,1
51198,1
51199,1
51200,1
51201,1
51202,0
51203,0
51204,0
51205,1
51206,1
51207,1
51208,0
51209,1
51210,0
51211,1
51212,0
51213,1
51214,1
51215,0
51216,1
51217,1
51218,1
51219,1
51220,1
51221,0
51222,0
51223,1
51224,0
51225,0
51226,0
51227,1
51228,0
51229,0
51230,0
51231,0
51232,0
51233,1
51234,1
51235,0
51236,0
51237,0
51238,1
51239,0
51240,0
51241,1
51242,0
51243,1
51244,0
51245,0
51246,0
51247,1
51248,0
51249,1
51250,1
51251,0
51252,0
51253,1
51254,0
51255,1
51256,1
51257,1
51258,1
51259,1
51260,1
51261,1
51262,0
51263,1
51264,1
51265,0
51266,0
51267,1
51268,1
51269,1
51270,0
51271,0
51272,1
51273,1
51274,0
51275,1
51276,0
51277,1
51278,1
51279,0
51280,0
51281,0
51282,0
51283,0
51284,1
51285,1
51286,0
51287,1
51288,0
51289,0
51290,0
51291,0
51292,0
51293,0
51294,1
51295,0
51296,0
51297,1
51298,0
51299,0
51300,0
51301,1
51302,0
51303,1
51304,1
51305,0
51306,1
51307,0
51308,0
51309,1
51310,0
51311,0
51312,0
51313,1
51314,1
51315,0
51316,0
51317,1
51318,0
51319,1
51320,1
51321,0
51322,0
51323,1
51324,0
51325,1
51326,0
51327,0
51328,0
51329,0
51330,1
51331,0
51332,0
51333,1
51334,1
51335,1
51336,0
51337,0
51338,0
51339,1
51340,1
51341,0
51342,1
51343,1
51344,0
51345,1
51346,0
51347,1
51348,1
51349,0
51350,1
51351,0
51352,1
51353,1
51354,0
51355,0
51356,0
51357,1
51358,0
51359,0
51360,1
51361,0
51362,0
51363,1
51364,0
51365,0
51366,0
51367,0
51368,1
51369,0
51370,1
51371,0
51372,1
51373,1
51374,1
51375,1
51376,1
51377,1
51378,1
51379,1
51380,0
51381,0
51382,0
51383,1
51384,0
51385,0
51386,0
51387,0
51388,0
51389,0
51390,0
51391,0
51392,1
51393,0
51394,0
51395,1
51396,0
51397,1
51398,1
51399,0
51400,1
51401,0
51402,0
51403,1
51404,1
51405,1
51406,1
51407,0
51408,0
51409,0
51410,1
51411,0
51412,0
51413,1
51414,1
51415,0
51416,0
51417,0
51418,1
51419,0
51420,0
51421,0
51422,0
51423,1
51424,0
51425,0
51426,0
51427,0
51428,0
51429,1
51430,0
51431,1
51432,0
51433,0
51434,0
51435,1
51436,0
51437,1
51438,1
51439,1
51440,0
51441,0
51442,0
51443,1
51444,0
51445,1
51446,0
51447,0
51448,0
51449,0
51450,1
51451,1
51452,1
51453,1
51454,0
51455,1
51456,0
51457,0
51458,1
51459,0
51460,0
51461,1
51462,0
51463,1
51464,1
51465,0
51466,0
51467,1
51468,1
51469,0
51470,0
51471,0
51472,1
51473,0
51474,0
51475,1
51476,1
51477,0
51478,1
51479,0
51480,1
51481,1
51482,1
51483,1
51484,1
51485,1
51486,0
51487,1
51488,1
51489,1
51490,1
51491,1
51492,1
51493,1
51494,0
51495,0
51496,1
51497,0
51498,1
51499,0
51500,0
51501,1
51502,1
51503,0
51504,1
51505,1
51506,1
51507,0
51508,0
51509,1
51510,0
51511,1
51512,1
51513,0
51514,0
51515,1
51516,0
51517,0
51518,1
51519,0
51520,1
51521,1
51522,1
51523,0
51524,0
51525,1
51526,0
51527,0
51528,1
51529,0
51530,0
51531,1
51532,0
51533,1
51534,0
51535,1
51536,0
51537,0
51538,0
51539,0
51540,1
51541,1
51542,0
51543,0
51544,0
51545,0
51546,1
51547,0
51548,1
51549,0
51550,1
51551,1
51552,1
51553,1
51554,0
51555,1
51556,1
51557,1
51558,1
51559,1
51560,1
51561,1
51562,1
51563,1
51564,0
51565,0
51566,0
51567,1
51568,1
51569,1
51570,1
51571,1
51572,1
51573,0
51574,0
51575,0
51576,0
51577,1
51578,0
51579,1
51580,0
51581,0
51582,0
51583,1
51584,1
51585,1
51586,1
51587,1
51588,0
51589,0
51590,0
51591,1
51592,0
51593,1
51594,0
51595,0
51596,1
51597,0
51598,0
51599,1
51600,1
51601,0
51602,0
51603,1
51604,1
51605,0
51606,1
51607,1
51608,0
51609,1
51610,0
51611,0
51612,1
51613,1
51614,0
51615,1
51616,0
51617,1
51618,1
51619,1
51620,1
51621,1
51622,1
51623,0
51624,0
51625,0
51626,0
51627,0
51628,0
51629,0
51630,0
51631,1
51632,0
51633,0
51634,0
51635,0
51636,1
51637,0
51638,0
51639,0
51640,1
51641,0
51642,1
51643,0
51644,0
51645,0
51646,1
51647,0
51648,0
51649,1
51650,1
51651,1
51652,0
51653,0
51654,1
51655,1
51656,1
51657,0
51658,1
51659,0
51660,0
51661,0
51662,1
51663,0
51664,0
51665,0
51666,1
51667,0
51668,1
51669,0
51670,1
51671,1
51672,1
51673,1
51674,0
51675,0
51676,1
51677,0
51678,1
51679,1
51680,1
51681,0
51682,1
51683,0
51684,0
51685,0
51686,1
51687,1
51688,0
51689,0
51690,1
51691,1
51692,0
51693,1
51694,1
51695,1
51696,0
51697,1
51698,1
51699,1
51700,1
51701,0
51702,1
51703,0
51704,0
51705,0
51706,0
51707,1
51708,1
51709,1
51710,0
51711,0
51712,1
51713,0
51714,1
51715,0
51716,0
51717,0
51718,0
51719,1
51720,0
51721,1
51722,1
51723,1
51724,0
51725,0
51726,1
51727,1
51728,0
51729,0
51730,0
51731,1
51732,0
51733,1
51734,1
51735,1
51736,1
51737,0
51738,0
51739,0
51740,1
51741,1
51742,1
51743,0
51744,1
51745,1
51746,0
51747,0
51748,1
51749,1
51750,0
51751,0
51752,1
51753,0
51754,0
51755,1
51756,1
51757,1
51758,0
51759,0
51760,1
51761,1
51762,1
51763,1
51764,1
51765,1
51766,1
51767,1
51768,1
51769,1
51770,0
51771,1
51772,0
51773,0
51774,1
51775,0
51776,0
51777,1
51778,1
51779,1
51780,0
51781,0
51782,0
51783,0
51784,0
51785,1
51786,1
51787,1
51788,1
51789,0
51790,0
51791,0
51792,0
51793,0
51794,1
51795,1
51796,1
51797,1
51798,0
51799,0
51800,0
51801,0
51802,1
51803,0
51804,1
51805,0
51806,1
51807,1
51808,1
51809,0
51810,0
51811,0
51812,0
51813,1
51814,1
51815,1
51816,0
51817,1
51818,1
51819,1
51820,0
51821,1
51822,1
51823,1
51824,0
51825,0
51826,0
51827,0
51828,0
51829,0
51830,0
51831,0
51832,0
51833,1
51834,0
51835,1
51836,1
51837,0
51838,1
51839,1
51840,0
51841,1
51842,0
51843,1
51844,0
51845,1
51846,0
51847,1
51848,0
51849,0
51850,1
51851,1
51852,0
51853,1
51854,1
51855,0
51856,0
51857,0
51858,1
51859,0
51860,0
51861,1
51862,1
51863,0
51864,1
51865,1
51866,0
51867,0
51868,0
51869,0
51870,0
51871,0
51872,0
51873,0
51874,0
51875,0
51876,1
51877,1
51878,1
51879,1
51880,0
51881,0
51882,1
51883,1
51884,0
51885,1
51886,1
51887,0
51888,1
51889,1
51890,1
51891,0
51892,0
51893,0
51894,0
51895,1
51896,0
51897,0
51898,1
51899,0
51900,1
51901,1
51902,0
51903,1
51904,1
51905,1
51906,0
51907,0
51908,1
51909,0
51910,0
51911,0
51912,0
51913,1
51914,1
51915,0
51916,1
51917,0
51918,1
51919,0
51920,0
51921,1
51922,0
51923,0
51924,0
51925,1
51926,1
51927,0
51928,0
51929,0
51930,1
51931,1
51932,1
51933,1
51934,0
51935,1
51936,0
51937,0
51938,0
51939,0
51940,1
51941,1
51942,1
51943,0
51944,0
51945,1
51946,1
51947,1
51948,1
51949,1
51950,0
51951,0
51952,0
51953,0
51954,1
51955,1
51956,0
51957,1
51958,0
51959,1
51960,1
51961,0
51962,0
51963,1
51964,0
51965,0
51966,0
51967,1
51968,1
51969,1
51970,0
51971,1
51972,0
51973,0
51974,0
51975,1
51976,0
51977,0
51978,0
51979,0
51980,0
51981,1
51982,0
51983,0
51984,0
51985,1
51986,1
51987,0
51988,0
51989,1
51990,1
51991,0
51992,0
51993,0
51994,1
51995,0
51996,1
51997,1
51998,0
51999,1
52000,1
52001,1
52002,1
52003,0
52004,1
52005,1
52006,1
52007,1
52008,0
52009,0
52010,0
52011,1
52012,0
52013,1
52014,0
52015,0
52016,0
52017,1
52018,0
52019,0
52020,1
52021,0
52022,1
52023,1
52024,0
52025,0
52026,1
52027,0
52028,0
52029,0
52030,0
52031,0
52032,1
52033,1
52034,0
52035,0
52036,1
52037,0
52038,0
52039,0
52040,0
52041,0
52042,0
52043,0
52044,1
52045,1
52046,0
52047,0
52048,0
52049,1
52050,0
52051,0
52052,0
52053,1
52054,1
52055,0
52056,0
52057,1
52058,1
52059,0
52060,1
52061,0
52062,1
52063,1
52064,1
52065,0
52066,0
52067,1
52068,1
52069,0
52070,1
52071,1
52072,0
52073,0
52074,0
52075,0
52076,0
52077,1
52078,1
52079,0
52080,1
52081,0
52082,1
52083,0
52084,1
52085,0
52086,0
52087,1
52088,0
52089,1
52090,0
52091,0
52092,1
52093,0
52094,0
52095,0
52096,1
52097,0
52098,0
52099,0
52100,0
52101,1
52102,0
52103,1
52104,0
52105,0
52106,1
52107,0
52108,0
52109,1
52110,0
52111,1
52112,1
52113,0
52114,1
52115,0
52116,0
52117,0
52118,0
52119,1
52120,0
52121,1
52122,0
52123,0
52124,0
52125,1
52126,0
52127,1
52128,1
52129,1
52130,0
52131,1
52132,1
52133,1
52134,1
52135,1
52136,0
52137,0
52138,1
52139,0
52140,0
52141,1
52142,0
52143,0
52144,1
52145,1
52146,1
52147,0
52148,1
52149,0
52150,0
52151,0
52152,1
52153,0
52154,0
52155,0
52156,0
52157,0
52158,0
52159,1
52160,1
52161,1
52162,0
52163,0
52164,1
52165,1
52166,1
52167,0
52168,0
52169,0
52170,0
52171,0
52172,0
52173,1
52174,0
52175,1
52176,0
52177,1
52178,1
52179,1
52180,1
52181,0
52182,0
52183,1
52184,1
52185,0
52186,0
52187,0
52188,0
52189,0
52190,1
52191,1
52192,1
52193,0
52194,0
52195,0
52196,0
52197,1
52198,1
52199,1
52200,1
52201,0
52202,1
52203,0
52204,0
52205,0
52206,0
52207,0
52208,1
52209,0
52210,0
52211,1
52212,1
52213,1
52214,0
52215,0
52216,0
52217,1
52218,1
52219,1
52220,1
52221,0
52222,0
52223,1
52224,1
52225,0
52226,1
52227,0
52228,0
52229,1
52230,0
52231,1
52232,0
52233,1
52234,0
52235,0
52236,1
52237,0
52238,0
52239,0
52240,1
52241,1
52242,1
52243,0
52244,0
52245,1
52246,0
52247,0
52248,1
52249,0
52250,1
52251,0
52252,0
52253,1
52254,0
52255,0
52256,1
52257,0
52258,1
52259,1
52260,1
52261,1
52262,0
52263,1
52264,1
52265,0
52266,0
52267,1
52268,0
52269,1
52270,0
52271,0
52272,1
52273,1
52274,1
52275,0
52276,1
52277,0
52278,1
52279,0
52280,0
52281,1
52282,0
52283,1
52284,1
52285,0
52286,0
52287,0
52288,0
52289,1
52290,0
52291,0
52292,1
52293,1
52294,0
52295,0
52296,0
52297,1
52298,1
52299,0
52300,0
52301,0
52302,0
52303,0
52304,1
52305,0
52306,1
52307,0
52308,0
52309,0
52310,1
52311,1
52312,1
52313,0
52314,0
52315,1
52316,0
52317,0
52318,0
52319,1
52320,0
52321,0
52322,0
52323,0
52324,1
52325,1
52326,1
52327,1
52328,0
52329,1
52330,1
52331,0
52332,0
52333,0
52334,0
52335,0
52336,1
52337,0
52338,0
52339,0
52340,1
52341,0
52342,1
52343,1
52344,0
52345,1
52346,1
52347,0
52348,1
52349,1
52350,0
52351,0
52352,1
52353,1
52354,1
52355,0
52356,0
52357,1
52358,0
52359,0
52360,1
52361,0
52362,0
52363,0
52364,1
52365,0
52366,0
52367,1
52368,1
52369,0
52370,1
52371,0
52372,1
52373,1
52374,0
52375,1
52376,1
52377,1
52378,1
52379,1
52380,0
52381,1
52382,0
52383,1
52384,0
52385,1
52386,1
52387,0
52388,0
52389,0
52390,1
52391,0
52392,0
52393,1
52394,0
52395,1
52396,0
52397,1
52398,0
52399,0
52400,0
52401,1
52402,0
52403,1
52404,0
52405,0
52406,0
52407,0
52408,1
52409,0
52410,1
52411,0
52412,1
52413,0
52414,1
52415,1
52416,1
52417,0
52418,1
52419,1
52420,0
52421,0
52422,1
52423,0
52424,1
52425,0
52426,1
52427,0
52428,0
52429,1
52430,0
52431,1
52432,0
52433,1
52434,0
52435,0
52436,0
52437,0
52438,0
52439,0
52440,1
52441,0
52442,0
52443,1
52444,1
52445,1
52446,0
52447,0
52448,1
52449,1
52450,0
52451,0
52452,0
52453,1
52454,1
52455,0
52456,1
52457,1
52458,1
52459,0
52460,1
52461,0
52462,1
52463,1
52464,1
52465,0
52466,1
52467,0
52468,1
52469,0
52470,0
52471,1
52472,1
52473,0
52474,0
52475,1
52476,0
52477,1
52478,1
52479,1
52480,1
52481,0
52482,0
52483,1
52484,1
52485,1
52486,0
52487,1
52488,1
52489,0
52490,0
52491,1
52492,1
52493,0
52494,1
52495,0
52496,1
52497,1
52498,1
52499,1
52500,0
52501,0
52502,1
52503,1
52504,0
52505,1
52506,0
52507,1
52508,0
52509,1
52510,0
52511,1
52512,1
52513,0
52514,1
52515,0
52516,1
52517,0
52518,1
52519,1
52520,1
52521,0
52522,0
52523,1
52524,0
52525,0
52526,0
52527,1
52528,0
52529,0
52530,1
52531,0
52532,0
52533,1
52534,0
52535,1
52536,1
52537,1
52538,0
52539,0
52540,0
52541,1
52542,1
52543,1
52544,1
52545,0
52546,1
52547,1
52548,0
52549,0
52550,1
52551,1
52552,0
52553,0
52554,0
52555,1
52556,0
52557,1
52558,1
52559,1
52560,0
52561,0
52562,0
52563,0
52564,0
52565,0
52566,1
52567,0
52568,0
52569,1
52570,1
52571,0
52572,1
52573,1
52574,1
52575,0
52576,0
52577,0
52578,1
52579,1
52580,0
52581,0
52582,1
52583,1
52584,0
52585,1
52586,1
52587,0
52588,1
52589,0
52590,1
52591,1
52592,1
52593,0
52594,0
52595,1
52596,0
52597,0
52598,1
52599,0
52600,0
52601,1
52602,0
52603,0
52604,0
52605,0
52606,1
52607,0
52608,1
52609,1
52610,0
52611,0
52612,1
52613,1
52614,0
52615,0
52616,0
52617,1
52618,1
52619,0
52620,1
52621,0
52622,0
52623,0
52624,0
52625,1
52626,1
52627,0
52628,0
52629,0
52630,0
52631,0
52632,0
52633,0
52634,0
52635,0
52636,1
52637,1
52638,1
52639,0
52640,0
52641,1
52642,1
52643,0
52644,0
52645,1
52646,0
52647,1
52648,1
52649,1
52650,1
52651,0
52652,0
52653,0
52654,0
52655,0
52656,1
52657,1
52658,1
52659,0
52660,0
52661,0
52662,0
52663,0
52664,0
52665,0
52666,1
52667,1
52668,1
52669,1
52670,0
52671,1
52672,1
52673,0
52674,0
52675,1
52676,0
52677,1
52678,1
52679,0
52680,0
52681,1
52682,1
52683,0
52684,1
52685,0
52686,1
52687,0
52688,0
52689,0
52690,0
52691,0
52692,0
52693,1
52694,1
52695,1
52696,0
52697,0
52698,0
52699,1
52700,0
52701,0
52702,1
52703,0
52704,0
52705,0
52706,0
52707,0
52708,0
52709,0
52710,0
52711,1
52712,1
52713,1
52714,1
52715,1
52716,0
52717,0
52718,1
52719,0
52720,0
52721,1
52722,1
52723,1
52724,0
52725,1
52726,0
52727,1
52728,1
52729,1
52730,0
52731,0
52732,0
52733,1
52734,0
52735,1
52736,0
52737,0
52738,1
52739,0
52740,1
52741,1
52742,0
52743,1
52744,0
52745,0
52746,0
52747,0
52748,0
52749,0
52750,0
52751,1
52752,0
52753,1
52754,0
52755,0
52756,1
52757,0
52758,0
52759,0
52760,0
52761,0
52762,0
52763,0
52764,1
52765,1
52766,1
52767,0
52768,1
52769,1
52770,1
52771,0
52772,1
52773,1
52774,1
52775,1
52776,0
52777,0
52778,1
52779,0
52780,1
52781,0
52782,0
52783,1
52784,1
52785,0
52786,0
52787,0
52788,1
52789,1
52790,0
52791,1
52792,0
52793,1
52794,1
52795,0
52796,1
52797,1
52798,1
52799,1
52800,0
52801,1
52802,1
52803,0
52804,0
52805,1
52806,0
52807,0
52808,0
52809,1
52810,0
52811,0
52812,0
52813,0
52814,1
52815,1
52816,1
52817,0
52818,0
52819,0
52820,1
52821,0
52822,0
52823,0
52824,0
52825,1
52826,0
52827,0
52828,1
52829,1
52830,0
52831,1
52832,0
52833,0
52834,0
52835,0
52836,1
52837,0
52838,0
52839,0
52840,0
52841,1
52842,0
52843,1
52844,1
52845,1
52846,1
52847,0
52848,0
52849,0
52850,1
52851,1
52852,0
52853,1
52854,0
52855,0
52856,0
52857,1
52858,0
52859,0
52860,0
52861,1
52862,0
52863,0
52864,0
52865,0
52866,1
52867,0
52868,1
52869,0
52870,1
52871,0
52872,1
52873,0
52874,1
52875,0
52876,0
52877,0
52878,0
52879,0
52880,0
52881,1
52882,1
52883,0
52884,1
52885,0
52886,0
52887,0
52888,0
52889,1
52890,1
52891,1
52892,0
52893,0
52894,1
52895,0
52896,1
52897,1
52898,1
52899,1
52900,1
52901,1
52902,0
52903,0
52904,1
52905,1
52906,1
52907,1
52908,1
52909,0
52910,1
52911,0
52912,0
52913,0
52914,1
52915,0
52916,1
52917,0
52918,1
52919,0
52920,1
52921,0
52922,1
52923,1
52924,1
52925,0
52926,1
52927,0
52928,1
52929,0
52930,1
52931,0
52932,1
52933,0
52934,0
52935,0
52936,0
52937,1
52938,0
52939,0
52940,0
52941,0
52942,0
52943,0
52944,0
52945,1
52946,1
52947,1
52948,0
52949,0
52950,0
52951,0
52952,1
52953,0
52954,0
52955,1
52956,0
52957,1
52958,1
52959,1
52960,1
52961,0
52962,0
52963,1
52964,1
52965,0
52966,0
52967,1
52968,1
52969,0
52970,0
52971,0
52972,0
52973,0
52974,0
52975,0
52976,1
52977,0
52978,0
52979,0
52980,1
52981,1
52982,0
52983,0
52984,1
52985,1
52986,1
52987,1
52988,0
52989,1
52990,1
52991,1
52992,1
52993,1
52994,1
52995,1
52996,1
52997,0
52998,1
52999,0
53000,1
53001,1
53002,0
53003,0
53004,0
53005,0
53006,0
53007,1
53008,1
53009,0
53010,1
53011,0
53012,0
53013,1
53014,0
53015,1
53016,0
53017,1
53018,1
53019,0
53020,1
53021,0
53022,0
53023,1
53024,0
53025,1
53026,1
53027,0
53028,1
53029,1
53030,1
53031,0
53032,1
53033,1
53034,1
53035,0
53036,1
53037,0
53038,1
53039,0
53040,1
53041,0
53042,0
53043,0
53044,1
53045,1
53046,0
53047,1
53048,1
53049,1
53050,1
53051,0
53052,1
53053,1
53054,0
53055,1
53056,1
53057,1
53058,0
53059,0
53060,1
53061,0
53062,1
53063,0
53064,1
53065,1
53066,0
53067,1
53068,1
53069,0
53070,0
53071,1
53072,0
53073,0
53074,1
53075,1
53076,0
53077,1
53078,1
53079,1
53080,1
53081,0
53082,1
53083,1
53084,1
53085,1
53086,1
53087,0
53088,0
53089,1
53090,0
53091,0
53092,0
53093,0
53094,1
53095,0
53096,0
53097,0
53098,1
53099,1
53100,1
53101,1
53102,0
53103,1
53104,1
53105,1
53106,1
53107,0
53108,1
53109,0
53110,0
53111,1
53112,1
53113,1
53114,0
53115,1
53116,0
53117,0
53118,1
53119,1
53120,1
53121,0
53122,0
53123,1
53124,0
53125,1
53126,0
53127,1
53128,1
53129,0
53130,0
53131,1
53132,0
53133,1
53134,0
53135,1
53136,0
53137,0
53138,1
53139,0
53140,1
53141,1
53142,0
53143,1
53144,1
53145,1
53146,1
53147,1
53148,0
53149,0
53150,1
53151,0
53152,0
53153,1
53154,1
53155,1
53156,1
53157,0
53158,0
53159,0
53160,1
53161,1
53162,1
53163,0
53164,0
53165,1
53166,0
53167,1
53168,1
53169,0
53170,0
53171,0
53172,0
53173,0
53174,1
53175,0
53176,1
53177,1
53178,1
53179,1
53180,1
53181,1
53182,0
53183,0
53184,0
53185,0
53186,1
53187,0
53188,0
53189,1
53190,1
53191,0
53192,1
53193,0
53194,0
53195,0
53196,0
53197,1
53198,1
53199,1
53200,0
53201,1
53202,0
53203,0
53204,0
53205,1
53206,0
53207,1
53208,1
53209,1
53210,1
53211,1
53212,0
53213,1
53214,0
53215,1
53216,0
53217,1
53218,1
53219,0
53220,0
53221,0
53222,1
53223,0
53224,1
53225,0
53226,0
53227,1
53228,0
53229,0
53230,1
53231,0
53232,1
53233,0
53234,1
53235,0
53236,1
53237,0
53238,0
53239,0
53240,0
53241,1
53242,0
53243,1
53244,1
53245,1
53246,1
53247,0
53248,1
53249,1
53250,1
53251,0
53252,1
53253,0
53254,0
53255,0
53256,0
53257,1
53258,1
53259,1
53260,0
53261,0
53262,0
53263,0
53264,1
53265,0
53266,1
53267,1
53268,0
53269,0
53270,1
53271,0
53272,1
53273,0
53274,0
53275,0
53276,1
53277,0
53278,1
53279,0
53280,1
53281,1
53282,1
53283,1
53284,0
53285,0
53286,1
53287,1
53288,1
53289,0
53290,1
53291,0
53292,1
53293,1
53294,1
53295,1
53296,1
53297,1
53298,0
53299,1
53300,0
53301,0
53302,0
53303,0
53304,0
53305,0
53306,0
53307,0
53308,0
53309,1
53310,1
53311,0
53312,0
53313,1
53314,1
53315,0
53316,0
53317,0
53318,0
53319,1
53320,0
53321,1
53322,1
53323,1
53324,0
53325,0
53326,1
53327,0
53328,1
53329,0
53330,0
53331,1
53332,0
53333,0
53334,1
53335,1
53336,0
53337,1
53338,0
53339,0
53340,0
53341,0
53342,0
53343,0
53344,0
53345,1
53346,0
53347,0
53348,0
53349,0
53350,0
53351,0
53352,0
53353,0
53354,0
53355,0
53356,1
53357,0
53358,0
53359,0
53360,0
53361,1
53362,0
53363,0
53364,0
53365,1
53366,0
53367,1
53368,1
53369,1
53370,0
53371,1
53372,0
53373,0
53374,0
53375,1
53376,1
53377,0
53378,1
53379,0
53380,1
53381,0
53382,1
53383,1
53384,0
53385,0
53386,1
53387,1
53388,1
53389,0
53390,1
53391,1
53392,0
53393,1
53394,0
53395,1
53396,0
53397,0
53398,1
53399,1
53400,1
53401,0
53402,0
53403,1
53404,0
53405,0
53406,1
53407,0
53408,1
53409,1
53410,1
53411,0
53412,0
53413,0
53414,0
53415,0
53416,1
53417,0
53418,0
53419,1
53420,1
53421,0
53422,0
53423,1
53424,1
53425,1
53426,1
53427,1
53428,1
53429,1
53430,0
53431,1
53432,1
53433,0
53434,0
53435,1
53436,0
53437,1
53438,1
53439,0
53440,1
53441,0
53442,1
53443,0
53444,1
53445,0
53446,1
53447,1
53448,0
53449,1
53450,1
53451,1
53452,0
53453,0
53454,1
53455,0
53456,0
53457,0
53458,0
53459,0
53460,0
53461,0
53462,0
53463,1
53464,1
53465,0
53466,0
53467,0
53468,0
53469,1
53470,1
53471,1
53472,1
53473,0
53474,1
53475,0
53476,0
53477,1
53478,1
53479,1
53480,1
53481,1
53482,1
53483,1
53484,1
53485,1
53486,1
53487,0
53488,1
53489,0
53490,1
53491,1
53492,1
53493,0
53494,1
53495,1
53496,1
53497,1
53498,0
53499,0
53500,0
53501,1
53502,1
53503,1
53504,0
53505,1
53506,0
53507,1
53508,0
53509,0
53510,0
53511,0
53512,0
53513,1
53514,0
53515,0
53516,1
53517,1
53518,1
53519,1
53520,1
53521,1
53522,0
53523,0
53524,0
53525,0
53526,1
53527,0
53528,1
53529,0
53530,1
53531,1
53532,0
53533,0
53534,1
53535,1
53536,1
53537,0
53538,1
53539,1
53540,1
53541,1
53542,0
53543,0
53544,0
53545,1
53546,1
53547,0
53548,0
53549,1
53550,0
53551,0
53552,0
53553,1
53554,1
53555,0
53556,1
53557,1
53558,0
53559,0
53560,0
53561,1
53562,0
53563,1
53564,0
53565,1
53566,0
53567,0
53568,1
53569,0
53570,1
53571,0
53572,1
53573,1
53574,1
53575,1
53576,1
53577,1
53578,0
53579,0
53580,1
53581,1
53582,1
53583,1
53584,0
53585,0
53586,1
53587,0
53588,0
53589,0
53590,0
53591,1
53592,0
53593,0
53594,1
53595,1
53596,1
53597,1
53598,0
53599,1
53600,0
53601,0
53602,0
53603,0
53604,0
53605,1
53606,1
53607,1
53608,0
53609,1
53610,0
53611,0
53612,0
53613,1
53614,1
53615,0
53616,1
53617,0
53618,0
53619,0
53620,0
53621,1
53622,1
53623,0
53624,1
53625,1
53626,1
53627,0
53628,1
53629,1
53630,0
53631,1
53632,1
53633,0
53634,0
53635,1
53636,0
53637,0
53638,1
53639,1
53640,0
53641,1
53642,0
53643,0
53644,0
53645,0
53646,1
53647,1
53648,1
53649,0
53650,1
53651,1
53652,1
53653,1
53654,1
53655,0
53656,0
53657,1
53658,1
53659,1
53660,0
53661,0
53662,0
53663,1
53664,1
53665,0
53666,0
53667,0
53668,0
53669,1
53670,0
53671,1
53672,1
53673,0
53674,1
53675,0
53676,0
53677,0
53678,1
53679,0
53680,0
53681,1
53682,0
53683,0
53684,1
53685,1
53686,1
53687,1
53688,1
53689,1
53690,1
53691,1
53692,0
53693,0
53694,1
53695,0
53696,1
53697,1
53698,0
53699,1
53700,1
53701,1
53702,0
53703,1
53704,1
53705,1
53706,1
53707,1
53708,1
53709,1
53710,1
53711,1
53712,0
53713,1
53714,1
53715,0
53716,0
53717,1
53718,0
53719,0
53720,0
53721,0
53722,0
53723,1
53724,1
53725,1
53726,0
53727,0
53728,0
53729,0
53730,0
53731,1
53732,0
53733,0
53734,0
53735,1
53736,0
53737,1
53738,0
53739,1
53740,0
53741,0
53742,1
53743,1
53744,0
53745,1
53746,1
53747,1
53748,0
53749,1
53750,1
53751,0
53752,0
53753,0
53754,1
53755,1
53756,1
53757,1
53758,0
53759,1
53760,1
53761,0
53762,1
53763,1
53764,0
53765,1
53766,1
53767,1
53768,0
53769,1
53770,1
53771,1
53772,0
53773,1
53774,1
53775,1
53776,0
53777,1
53778,1
53779,1
53780,0
53781,0
53782,1
53783,0
53784,0
53785,1
53786,1
53787,0
53788,1
53789,0
53790,0
53791,0
53792,0
53793,0
53794,1
53795,1
53796,1
53797,0
53798,0
53799,1
53800,1
53801,0
53802,0
53803,0
53804,1
53805,0
53806,0
53807,1
53808,1
53809,0
53810,1
53811,0
53812,1
53813,1
53814,0
53815,1
53816,0
53817,0
53818,0
53819,0
53820,1
53821,1
53822,1
53823,1
53824,0
53825,1
53826,1
53827,1
53828,0
53829,1
53830,1
53831,1
53832,1
53833,1
53834,1
53835,1
53836,1
53837,0
53838,1
53839,1
53840,0
53841,1
53842,0
53843,0
53844,0
53845,0
53846,1
53847,1
53848,1
53849,0
53850,0
53851,1
53852,0
53853,0
53854,0
53855,0
53856,0
53857,0
53858,0
53859,1
53860,1
53861,1
53862,0
53863,0
53864,1
53865,1
53866,1
53867,1
53868,0
53869,1
53870,0
53871,0
53872,0
53873,1
53874,1
53875,1
53876,1
53877,0
53878,0
53879,0
53880,1
53881,1
53882,1
53883,0
53884,1
53885,0
53886,0
53887,1
53888,1
53889,0
53890,1
53891,0
53892,0
53893,1
53894,1
53895,0
53896,0
53897,1
53898,0
53899,0
53900,1
53901,1
53902,1
53903,0
53904,1
53905,0
53906,0
53907,1
53908,1
53909,0
53910,0
53911,1
53912,1
53913,1
53914,1
53915,1
53916,1
53917,1
53918,1
53919,1
53920,0
53921,1
53922,0
53923,1
53924,0
53925,0
53926,1
53927,1
53928,1
53929,0
53930,1
53931,1
53932,1
53933,1
53934,0
53935,1
53936,0
53937,0
53938,0
53939,0
53940,0
53941,1
53942,0
53943,1
53944,1
53945,0
53946,1
53947,0
53948,0
53949,0
53950,0
53951,1
53952,1
53953,1
53954,1
53955,0
53956,0
53957,0
53958,1
53959,1
53960,0
53961,1
53962,0
53963,0
53964,1
53965,1
53966,0
53967,1
53968,0
53969,0
53970,1
53971,1
53972,0
53973,0
53974,0
53975,0
53976,0
53977,1
53978,1
53979,1
53980,0
53981,0
53982,1
53983,0
53984,0
53985,0
53986,0
53987,1
53988,0
53989,1
53990,1
53991,1
53992,0
53993,0
53994,1
53995,0
53996,1
53997,0
53998,0
53999,1
54000,0
54001,1
54002,0
54003,1
54004,1
54005,0
54006,0
54007,0
54008,1
54009,1
54010,1
54011,0
54012,1
54013,0
54014,0
54015,0
54016,1
54017,0
54018,0
54019,1
54020,0
54021,0
54022,0
54023,0
54024,0
54025,0
54026,0
54027,0
54028,0
54029,1
54030,1
54031,0
54032,1
54033,0
54034,0
54035,1
54036,1
54037,1
54038,0
54039,1
54040,0
54041,0
54042,0
54043,1
54044,0
54045,1
54046,1
54047,1
54048,1
54049,0
54050,1
54051,0
54052,0
54053,1
54054,0
54055,1
54056,0
54057,1
54058,0
54059,1
54060,1
54061,0
54062,0
54063,1
54064,0
54065,1
54066,0
54067,0
54068,1
54069,1
54070,0
54071,1
54072,1
54073,1
54074,0
54075,0
54076,1
54077,0
54078,1
54079,1
54080,1
54081,1
54082,1
54083,0
54084,1
54085,0
54086,0
54087,1
54088,0
54089,0
54090,0
54091,1
54092,1
54093,1
54094,0
54095,1
54096,1
54097,0
54098,0
54099,0
54100,0
54101,1
54102,0
54103,1
54104,0
54105,0
54106,0
54107,0
54108,0
54109,1
54110,1
54111,0
54112,0
54113,0
54114,1
54115,0
54116,0
54117,1
54118,0
54119,1
54120,1
54121,1
54122,1
54123,1
54124,1
54125,1
54126,1
54127,1
54128,0
54129,1
54130,1
54131,1
54132,0
54133,1
54134,0
54135,1
54136,0
54137,1
54138,0
54139,1
54140,1
54141,1
54142,0
54143,0
54144,0
54145,1
54146,1
54147,0
54148,1
54149,0
54150,1
54151,0
54152,1
54153,0
54154,1
54155,0
54156,0
54157,1
54158,0
54159,1
54160,1
54161,0
54162,1
54163,0
54164,0
54165,1
54166,1
54167,1
54168,1
54169,0
54170,0
54171,1
54172,0
54173,1
54174,1
54175,0
54176,0
54177,1
54178,1
54179,0
54180,1
54181,0
54182,0
54183,0
54184,1
54185,0
54186,0
54187,1
54188,0
54189,0
54190,1
54191,1
54192,1
54193,0
54194,0
54195,1
54196,0
54197,1
54198,1
54199,1
54200,1
54201,1
54202,0
54203,0
54204,0
54205,0
54206,0
54207,0
54208,0
54209,1
54210,0
54211,1
54212,0
54213,0
54214,1
54215,1
54216,1
54217,1
54218,1
54219,0
54220,0
54221,0
54222,1
54223,1
54224,1
54225,1
54226,1
54227,1
54228,1
54229,0
54230,1
54231,1
54232,1
54233,1
54234,0
54235,1
54236,0
54237,0
54238,0
54239,0
54240,0
54241,0
54242,0
54243,0
54244,0
54245,0
54246,0
54247,0
54248,1
54249,0
54250,0
54251,1
54252,1
54253,0
54254,0
54255,1
54256,0
54257,1
54258,1
54259,0
54260,0
54261,0
54262,1
54263,1
54264,0
54265,0
54266,1
54267,1
54268,1
54269,1
54270,1
54271,0
54272,0
54273,1
54274,0
54275,1
54276,1
54277,1
54278,0
54279,0
54280,1
54281,1
54282,0
54283,0
54284,1
54285,1
54286,0
54287,1
54288,1
54289,0
54290,0
54291,0
54292,1
54293,0
54294,0
54295,1
54296,0
54297,1
54298,0
54299,1
54300,0
54301,0
54302,1
54303,0
54304,1
54305,1
54306,1
54307,1
54308,1
54309,0
54310,1
54311,0
54312,1
54313,1
54314,1
54315,1
54316,0
54317,0
54318,0
54319,0
54320,1
54321,1
54322,0
54323,1
54324,1
54325,1
54326,0
54327,1
54328,0
54329,0
54330,0
54331,1
54332,1
54333,1
54334,0
54335,1
54336,1
54337,1
54338,0
54339,1
54340,1
54341,1
54342,0
54343,1
54344,1
54345,0
54346,0
54347,0
54348,1
54349,0
54350,0
54351,0
54352,0
54353,1
54354,1
54355,1
54356,0
54357,0
54358,0
54359,0
54360,0
54361,0
54362,1
54363,0
54364,0
54365,0
54366,1
54367,1
54368,0
54369,0
54370,0
54371,0
54372,1
54373,0
54374,0
54375,0
54376,1
54377,1
54378,1
54379,0
54380,1
54381,1
54382,0
54383,0
54384,0
54385,1
54386,1
54387,1
54388,1
54389,1
54390,1
54391,1
54392,1
54393,1
54394,1
54395,0
54396,0
54397,0
54398,1
54399,1
54400,1
54401,0
54402,1
54403,0
54404,1
54405,1
54406,1
54407,1
54408,0
54409,0
54410,0
54411,1
54412,0
54413,1
54414,1
54415,1
54416,1
54417,1
54418,0
54419,1
54420,1
54421,1
54422,0
54423,1
54424,1
54425,1
54426,1
54427,0
54428,0
54429,0
54430,0
54431,0
54432,0
54433,1
54434,0
54435,0
54436,0
54437,0
54438,1
54439,0
54440,0
54441,0
54442,1
54443,0
54444,0
54445,1
54446,1
54447,1
54448,1
54449,1
54450,1
54451,0
54452,1
54453,0
54454,0
54455,1
54456,1
54457,1
54458,0
54459,0
54460,1
54461,1
54462,0
54463,1
54464,0
54465,1
54466,1
54467,0
54468,0
54469,1
54470,0
54471,0
54472,0
54473,1
54474,0
54475,0
54476,1
54477,1
54478,0
54479,0
54480,1
54481,1
54482,0
54483,1
54484,1
54485,0
54486,1
54487,0
54488,1
54489,0
54490,0
54491,0
54492,0
54493,1
54494,1
54495,1
54496,0
54497,0
54498,1
54499,0
54500,0
54501,1
54502,1
54503,0
54504,0
54505,0
54506,0
54507,0
54508,0
54509,1
54510,0
54511,1
54512,1
54513,1
54514,1
54515,1
54516,1
54517,1
54518,0
54519,0
54520,0
54521,0
54522,1
54523,0
54524,0
54525,1
54526,1
54527,1
54528,1
54529,1
54530,0
54531,1
54532,0
54533,1
54534,0
54535,1
54536,1
54537,1
54538,0
54539,1
54540,1
54541,1
54542,0
54543,1
54544,1
54545,0
54546,0
54547,1
54548,0
54549,0
54550,0
54551,1
54552,1
54553,0
54554,1
54555,0
54556,1
54557,1
54558,1
54559,1
54560,1
54561,0
54562,0
54563,0
54564,1
54565,1
54566,0
54567,0
54568,0
54569,1
54570,1
54571,0
54572,1
54573,0
54574,0
54575,0
54576,0
54577,1
54578,0
54579,0
54580,1
54581,0
54582,0
54583,0
54584,1
54585,1
54586,0
54587,1
54588,1
54589,0
54590,0
54591,0
54592,0
54593,0
54594,0
54595,0
54596,1
54597,0
54598,1
54599,0
54600,0
54601,0
54602,0
54603,1
54604,0
54605,0
54606,0
54607,0
54608,1
54609,1
54610,0
54611,0
54612,1
54613,1
54614,0
54615,0
54616,1
54617,0
54618,1
54619,1
54620,1
54621,0
54622,1
54623,0
54624,1
54625,1
54626,1
54627,1
54628,1
54629,0
54630,1
54631,0
54632,0
54633,0
54634,1
54635,0
54636,0
54637,1
54638,0
54639,0
54640,1
54641,0
54642,0
54643,1
54644,0
54645,0
54646,0
54647,0
54648,1
54649,0
54650,1
54651,1
54652,0
54653,1
54654,0
54655,1
54656,1
54657,1
54658,0
54659,0
54660,1
54661,0
54662,0
54663,0
54664,0
54665,0
54666,1
54667,1
54668,0
54669,0
54670,0
54671,0
54672,1
54673,0
54674,0
54675,1
54676,0
54677,1
54678,1
54679,1
54680,0
54681,1
54682,1
54683,1
54684,1
54685,1
54686,0
54687,0
54688,1
54689,0
54690,0
54691,0
54692,0
54693,0
54694,1
54695,1
54696,0
54697,0
54698,0
54699,0
54700,1
54701,1
54702,1
54703,0
54704,0
54705,1
54706,0
54707,0
54708,0
54709,1
54710,1
54711,1
54712,0
54713,1
54714,1
54715,0
54716,1
54717,0
54718,1
54719,0
54720,0
54721,0
54722,0
54723,1
54724,0
54725,0
54726,1
54727,0
54728,0
54729,0
54730,1
54731,0
54732,1
54733,0
54734,0
54735,0
54736,0
54737,0
54738,0
54739,0
54740,1
54741,0
54742,0
54743,0
54744,0
54745,1
54746,0
54747,1
54748,0
54749,0
54750,1
54751,1
54752,1
54753,0
54754,0
54755,0
54756,1
54757,0
54758,0
54759,1
54760,0
54761,1
54762,0
54763,1
54764,1
54765,0
54766,0
54767,1
54768,1
54769,0
54770,0
54771,1
54772,1
54773,1
54774,1
54775,0
54776,0
54777,1
54778,1
54779,1
54780,1
54781,0
54782,0
54783,0
54784,0
54785,1
54786,0
54787,0
54788,1
54789,1
54790,1
54791,0
54792,1
54793,1
54794,0
54795,1
54796,1
54797,0
54798,1
54799,0
54800,1
54801,1
54802,0
54803,0
54804,1
54805,0
54806,0
54807,0
54808,1
54809,0
54810,0
54811,0
54812,0
54813,0
54814,0
54815,1
54816,0
54817,1
54818,1
54819,1
54820,0
54821,1
54822,0
54823,1
54824,1
54825,0
54826,1
54827,0
54828,1
54829,0
54830,0
54831,1
54832,1
54833,1
54834,0
54835,1
54836,0
54837,0
54838,0
54839,1
54840,1
54841,0
54842,0
54843,1
54844,0
54845,1
54846,1
54847,1
54848,0
54849,1
54850,1
54851,1
54852,0
54853,0
54854,1
54855,1
54856,1
54857,0
54858,1
54859,0
54860,0
54861,0
54862,0
54863,0
54864,1
54865,0
54866,1
54867,1
54868,0
54869,0
54870,1
54871,1
54872,1
54873,0
54874,1
54875,1
54876,1
54877,0
54878,0
54879,1
54880,1
54881,1
54882,1
54883,0
54884,1
54885,0
54886,1
54887,0
54888,0
54889,0
54890,1
54891,1
54892,0
54893,1
54894,1
54895,0
54896,0
54897,1
54898,1
54899,0
54900,0
54901,1
54902,1
54903,1
54904,0
54905,0
54906,1
54907,1
54908,1
54909,0
54910,1
54911,0
54912,0
54913,0
54914,0
54915,0
54916,1
54917,0
54918,1
54919,0
54920,1
54921,1
54922,0
54923,1
54924,1
54925,1
54926,1
54927,1
54928,0
54929,1
54930,0
54931,0
54932,1
54933,0
54934,1
54935,1
54936,0
54937,1
54938,0
54939,0
54940,1
54941,1
54942,1
54943,0
54944,0
54945,1
54946,0
54947,1
54948,1
54949,0
54950,0
54951,0
54952,0
54953,1
54954,1
54955,0
54956,0
54957,0
54958,1
54959,0
54960,0
54961,1
54962,0
54963,0
54964,1
54965,1
54966,0
54967,0
54968,0
54969,1
54970,1
54971,0
54972,0
54973,1
54974,0
54975,0
54976,1
54977,1
54978,1
54979,1
54980,0
54981,1
54982,0
54983,1
54984,0
54985,1
54986,1
54987,1
54988,1
54989,1
54990,0
54991,0
54992,1
54993,0
54994,1
54995,1
54996,0
54997,0
54998,1
54999,1
55000,1
55001,0
55002,1
55003,0
55004,0
55005,1
55006,0
55007,1
55008,1
55009,0
55010,0
55011,1
55012,0
55013,0
55014,0
55015,1
55016,0
55017,1
55018,0
55019,1
55020,0
55021,0
55022,1
55023,0
55024,1
55025,0
55026,0
55027,1
55028,0
55029,1
55030,1
55031,0
55032,1
55033,1
55034,1
55035,1
55036,0
55037,1
55038,1
55039,1
55040,1
55041,0
55042,1
55043,0
55044,0
55045,1
55046,0
55047,1
55048,0
55049,1
55050,1
55051,0
55052,0
55053,1
55054,1
55055,1
55056,1
55057,0
55058,0
55059,1
55060,0
55061,1
55062,1
55063,0
55064,0
55065,0
55066,0
55067,1
55068,0
55069,1
55070,0
55071,0
55072,0
55073,0
55074,1
55075,1
55076,0
55077,0
55078,0
55079,1
55080,1
55081,1
55082,0
55083,0
55084,0
55085,0
55086,0
55087,1
55088,1
55089,1
55090,0
55091,1
55092,1
55093,0
55094,1
55095,0
55096,0
55097,0
55098,1
55099,1
55100,1
55101,0
55102,1
55103,1
55104,1
55105,1
55106,1
55107,1
55108,0
55109,0
55110,0
55111,1
55112,0
55113,1
55114,0
55115,1
55116,0
55117,0
55118,0
55119,1
55120,1
55121,0
55122,1
55123,0
55124,1
55125,0
55126,1
55127,1
55128,1
55129,0
55130,1
55131,1
55132,0
55133,1
55134,0
55135,1
55136,0
55137,0
55138,0
55139,1
55140,1
55141,1
55142,1
55143,1
55144,0
55145,1
55146,1
55147,1
55148,1
55149,1
55150,0
55151,1
55152,0
55153,1
55154,1
55155,0
55156,0
55157,0
55158,0
55159,1
55160,0
55161,0
55162,0
55163,1
55164,0
55165,0
55166,0
55167,0
55168,0
55169,0
55170,0
55171,1
55172,0
55173,1
55174,0
55175,1
55176,1
55177,0
55178,0
55179,0
55180,1
55181,1
55182,1
55183,1
55184,1
55185,1
55186,1
55187,0
55188,0
55189,0
55190,1
55191,1
55192,1
55193,1
55194,1
55195,0
55196,0
55197,0
55198,1
55199,1
55200,0
55201,1
55202,1
55203,0
55204,0
55205,1
55206,0
55207,1
55208,1
55209,0
55210,0
55211,1
55212,1
55213,1
55214,1
55215,1
55216,0
55217,0
55218,1
55219,1
55220,0
55221,1
55222,1
55223,0
55224,1
55225,1
55226,0
55227,1
55228,0
55229,0
55230,1
55231,0
55232,0
55233,0
55234,0
55235,0
55236,1
55237,0
55238,1
55239,0
55240,1
55241,1
55242,0
55243,1
55244,0
55245,0
55246,0
55247,0
55248,1
55249,1
55250,1
55251,1
55252,1
55253,0
55254,0
55255,1
55256,1
55257,0
55258,0
55259,0
55260,0
55261,1
55262,0
55263,1
55264,1
55265,1
55266,0
55267,1
55268,0
55269,1
55270,0
55271,0
55272,1
55273,1
55274,1
55275,0
55276,1
55277,0
55278,0
55279,1
55280,1
55281,1
55282,0
55283,0
55284,1
55285,1
55286,1
55287,1
55288,0
55289,0
55290,0
55291,1
55292,0
55293,1
55294,1
55295,0
55296,0
55297,0
55298,0
55299,1
55300,0
55301,1
55302,0
55303,1
55304,1
55305,0
55306,1
55307,0
55308,0
55309,1
55310,0
55311,0
55312,1
55313,0
55314,0
55315,0
55316,1
55317,1
55318,1
55319,0
55320,0
55321,0
55322,0
55323,0
55324,0
55325,0
55326,0
55327,0
55328,0
55329,0
55330,1
55331,1
55332,0
55333,1
55334,1
55335,1
55336,0
55337,1
55338,0
55339,1
55340,0
55341,1
55342,1
55343,1
55344,0
55345,1
55346,1
55347,0
55348,0
55349,1
55350,0
55351,0
55352,1
55353,0
55354,1
55355,1
55356,1
55357,1
55358,0
55359,1
55360,1
55361,1
55362,1
55363,0
55364,1
55365,1
55366,1
55367,0
55368,1
55369,0
55370,0
55371,0
55372,1
55373,0
55374,1
55375,1
55376,0
55377,0
55378,1
55379,1
55380,1
55381,1
55382,0
55383,1
55384,1
55385,0
55386,0
55387,0
55388,0
55389,1
55390,0
55391,0
55392,0
55393,1
55394,0
55395,1
55396,1
55397,0
55398,1
55399,0
55400,1
55401,1
55402,1
55403,0
55404,0
55405,1
55406,1
55407,1
55408,0
55409,1
55410,0
55411,1
55412,1
55413,0
55414,0
55415,1
55416,1
55417,1
55418,1
55419,0
55420,0
55421,1
55422,1
55423,0
55424,0
55425,0
55426,1
55427,0
55428,0
55429,1
55430,0
55431,1
55432,0
55433,1
55434,0
55435,0
55436,0
55437,1
55438,0
55439,1
55440,0
55441,0
55442,0
55443,1
55444,0
55445,0
55446,0
55447,1
55448,1
55449,1
55450,0
55451,1
55452,1
55453,1
55454,0
55455,1
55456,1
55457,0
55458,0
55459,0
55460,0
55461,0
55462,1
55463,1
55464,1
55465,0
55466,1
55467,1
55468,1
55469,0
55470,0
55471,0
55472,0
55473,0
55474,0
55475,1
55476,1
55477,1
55478,1
55479,0
55480,0
55481,1
55482,0
55483,0
55484,0
55485,0
55486,1
55487,0
55488,1
55489,1
55490,0
55491,0
55492,1
55493,1
55494,1
55495,1
55496,1
55497,0
55498,0
55499,0
55500,0
55501,0
55502,0
55503,1
55504,0
55505,0
55506,0
55507,1
55508,0
55509,1
55510,0
55511,0
55512,0
55513,1
55514,0
55515,1
55516,0
55517,0
55518,1
55519,0
55520,0
55521,1
55522,0
55523,1
55524,0
55525,0
55526,1
55527,0
55528,0
55529,0
55530,1
55531,0
55532,0
55533,1
55534,1
55535,0
55536,1
55537,1
55538,1
55539,1
55540,0
55541,0
55542,1
55543,0
55544,0
55545,1
55546,1
55547,0
55548,1
55549,1
55550,0
55551,1
55552,1
55553,1
55554,1
55555,0
55556,1
55557,0
55558,1
55559,1
55560,1
55561,0
55562,1
55563,1
55564,0
55565,0
55566,0
55567,0
55568,1
55569,1
55570,1
55571,1
55572,0
55573,0
55574,0
55575,1
55576,1
55577,1
55578,0
55579,0
55580,1
55581,1
55582,0
55583,1
55584,1
55585,0
55586,1
55587,0
55588,0
55589,1
55590,1
55591,1
55592,0
55593,0
55594,1
55595,1
55596,1
55597,0
55598,0
55599,0
55600,0
55601,0
55602,1
55603,0
55604,1
55605,1
55606,1
55607,0
55608,1
55609,0
55610,0
55611,1
55612,0
55613,0
55614,1
55615,1
55616,1
55617,0
55618,0
55619,0
55620,1
55621,1
55622,0
55623,1
55624,1
55625,1
55626,0
55627,1
55628,1
55629,0
55630,0
55631,1
55632,0
55633,0
55634,1
55635,0
55636,0
55637,1
55638,0
55639,0
55640,0
55641,1
55642,0
55643,0
55644,0
55645,1
55646,1
55647,0
55648,0
55649,0
55650,1
55651,0
55652,1
55653,0
55654,0
55655,1
55656,1
55657,1
55658,1
55659,0
55660,0
55661,0
55662,1
55663,1
55664,1
55665,0
55666,0
55667,0
55668,0
55669,1
55670,1
55671,0
55672,1
55673,1
55674,1
55675,0
55676,1
55677,1
55678,0
55679,0
55680,1
55681,0
55682,0
55683,0
55684,1
55685,1
55686,0
55687,1
55688,0
55689,1
55690,0
55691,0
55692,0
55693,1
55694,0
55695,1
55696,0
55697,1
55698,1
55699,0
55700,0
55701,1
55702,1
55703,1
55704,1
55705,1
55706,0
55707,1
55708,0
55709,1
55710,0
55711,0
55712,1
55713,1
55714,0
55715,1
55716,0
55717,1
55718,1
55719,1
55720,1
55721,0
55722,1
55723,0
55724,0
55725,1
55726,1
55727,0
55728,1
55729,1
55730,0
55731,1
55732,1
55733,0
55734,1
55735,0
55736,1
55737,1
55738,1
55739,0
55740,0
55741,0
55742,0
55743,1
55744,1
55745,1
55746,0
55747,1
55748,1
55749,1
55750,0
55751,1
55752,1
55753,0
55754,1
55755,0
55756,0
55757,0
55758,0
55759,0
55760,1
55761,0
55762,1
55763,1
55764,0
55765,0
55766,1
55767,1
55768,1
55769,1
55770,0
55771,1
55772,1
55773,1
55774,0
55775,1
55776,0
55777,0
55778,0
55779,0
55780,1
55781,0
55782,1
55783,1
55784,1
55785,1
55786,0
55787,1
55788,1
55789,1
55790,0
55791,0
55792,0
55793,1
55794,0
55795,0
55796,1
55797,0
55798,0
55799,1
55800,0
55801,0
55802,1
55803,1
55804,1
55805,1
55806,1
55807,0
55808,1
55809,0
55810,1
55811,1
55812,1
55813,1
55814,0
55815,0
55816,0
55817,1
55818,1
55819,1
55820,0
55821,0
55822,0
55823,1
55824,0
55825,0
55826,0
55827,1
55828,1
55829,1
55830,0
55831,1
55832,0
55833,0
55834,0
55835,1
55836,0
55837,1
55838,0
55839,0
55840,0
55841,1
55842,1
55843,0
55844,0
55845,1
55846,1
55847,0
55848,1
55849,0
55850,0
55851,1
55852,1
55853,0
55854,0
55855,1
55856,1
55857,1
55858,0
55859,1
55860,0
55861,0
55862,1
55863,1
55864,0
55865,0
55866,0
55867,0
55868,1
55869,0
55870,0
55871,0
55872,1
55873,0
55874,0
55875,0
55876,1
55877,0
55878,1
55879,1
55880,1
55881,1
55882,0
55883,0
55884,1
55885,0
55886,1
55887,0
55888,1
55889,0
55890,1
55891,1
55892,1
55893,1
55894,1
55895,1
55896,0
55897,0
55898,0
55899,1
55900,1
55901,1
55902,1
55903,1
55904,1
55905,1
55906,0
55907,1
55908,0
55909,1
55910,1
55911,0
55912,1
55913,0
55914,0
55915,0
55916,1
55917,1
55918,1
55919,1
55920,0
55921,1
55922,1
55923,0
55924,0
55925,0
55926,1
55927,0
55928,1
55929,1
55930,1
55931,0
55932,1
55933,1
55934,1
55935,1
55936,1
55937,1
55938,0
55939,1
55940,0
55941,0
55942,0
55943,0
55944,0
55945,0
55946,1
55947,1
55948,0
55949,1
55950,0
55951,1
55952,1
55953,0
55954,1
55955,1
55956,0
55957,1
55958,0
55959,1
55960,0
55961,0
55962,1
55963,1
55964,0
55965,1
55966,0
55967,0
55968,0
55969,0
55970,1
55971,0
55972,0
55973,0
55974,1
55975,0
55976,0
55977,0
55978,0
55979,1
55980,1
55981,1
55982,0
55983,1
55984,0
55985,1
55986,0
55987,0
55988,0
55989,0
55990,0
55991,1
55992,1
55993,1
55994,0
55995,1
55996,1
55997,0
55998,1
55999,0
56000,1
56001,1
56002,0
56003,0
56004,0
56005,1
56006,1
56007,0
56008,1
56009,0
56010,0
56011,0
56012,0
56013,1
56014,0
56015,1
56016,0
56017,0
56018,1
56019,1
56020,1
56021,1
56022,1
56023,1
56024,0
56025,1
56026,0
56027,0
56028,1
56029,0
56030,1
56031,0
56032,1
56033,0
56034,0
56035,1
56036,1
56037,0
56038,1
56039,0
56040,1
56041,0
56042,1
56043,1
56044,1
56045,0
56046,1
56047,0
56048,1
56049,0
56050,1
56051,1
56052,0
56053,0
56054,0
56055,0
56056,0
56057,1
56058,0
56059,0
56060,1
56061,1
56062,0
56063,1
56064,0
56065,1
56066,0
56067,1
56068,1
56069,0
56070,1
56071,0
56072,0
56073,0
56074,1
56075,1
56076,0
56077,0
56078,0
56079,1
56080,0
56081,1
56082,0
56083,1
56084,1
56085,1
56086,0
56087,1
56088,0
56089,1
56090,1
56091,1
56092,0
56093,0
56094,1
56095,0
56096,0
56097,0
56098,0
56099,1
56100,1
56101,0
56102,1
56103,0
56104,0
56105,1
56106,0
56107,0
56108,1
56109,1
56110,1
56111,1
56112,1
56113,1
56114,1
56115,1
56116,0
56117,0
56118,0
56119,0
56120,0
56121,1
56122,0
56123,0
56124,0
56125,1
56126,0
56127,1
56128,0
56129,1
56130,1
56131,1
56132,0
56133,1
56134,0
56135,1
56136,1
56137,1
56138,0
56139,1
56140,1
56141,1
56142,0
56143,1
56144,1
56145,0
56146,1
56147,1
56148,1
56149,0
56150,1
56151,1
56152,1
56153,1
56154,1
56155,1
56156,0
56157,0
56158,0
56159,0
56160,0
56161,0
56162,0
56163,1
56164,1
56165,1
56166,1
56167,1
56168,1
56169,0
56170,0
56171,1
56172,1
56173,1
56174,0
56175,0
56176,0
56177,0
56178,0
56179,0
56180,0
56181,0
56182,1
56183,0
56184,0
56185,1
56186,0
56187,1
56188,1
56189,0
56190,0
56191,0
56192,0
56193,0
56194,1
56195,1
56196,1
56197,1
56198,1
56199,0
56200,1
56201,0
56202,1
56203,1
56204,0
56205,0
56206,0
56207,0
56208,0
56209,1
56210,0
56211,1
56212,0
56213,1
56214,0
56215,0
56216,0
56217,0
56218,1
56219,1
56220,0
56221,0
56222,0
56223,1
56224,1
56225,0
56226,1
56227,1
56228,0
56229,0
56230,0
56231,0
56232,1
56233,1
56234,1
56235,1
56236,1
56237,1
56238,0
56239,1
56240,1
56241,1
56242,1
56243,0
56244,1
56245,1
56246,0
56247,0
56248,1
56249,0
56250,1
56251,0
56252,1
56253,0
56254,0
56255,1
56256,1
56257,1
56258,0
56259,1
56260,0
56261,0
56262,0
56263,1
56264,1
56265,0
56266,1
56267,0
56268,1
56269,0
56270,1
56271,0
56272,0
56273,1
56274,1
56275,1
56276,0
56277,1
56278,0
56279,0
56280,0
56281,1
56282,0
56283,0
56284,0
56285,1
56286,0
56287,0
56288,1
56289,0
56290,1
56291,1
56292,0
56293,1
56294,1
56295,1
56296,0
56297,0
56298,0
56299,0
56300,1
56301,1
56302,1
56303,0
56304,1
56305,1
56306,0
56307,0
56308,0
56309,1
56310,1
56311,1
56312,1
56313,0
56314,1
56315,1
56316,0
56317,0
56318,0
56319,1
56320,0
56321,0
56322,1
56323,0
56324,0
56325,0
56326,0
56327,1
56328,0
56329,0
56330,0
56331,0
56332,1
56333,1
56334,1
56335,0
56336,1
56337,0
56338,1
56339,0
56340,0
56341,1
56342,0
56343,0
56344,0
56345,0
56346,1
56347,1
56348,0
56349,0
56350,1
56351,1
56352,1
56353,0
56354,1
56355,1
56356,1
56357,0
56358,0
56359,0
56360,1
56361,0
56362,0
56363,1
56364,0
56365,0
56366,1
56367,0
56368,1
56369,1
56370,1
56371,1
56372,1
56373,0
56374,1
56375,0
56376,1
56377,1
56378,0
56379,0
56380,1
56381,1
56382,1
56383,0
56384,0
56385,1
56386,1
56387,0
56388,1
56389,0
56390,1
56391,1
56392,1
56393,1
56394,0
56395,0
56396,0
56397,1
56398,0
56399,1
56400,1
56401,0
56402,1
56403,0
56404,0
56405,1
56406,0
56407,0
56408,0
56409,1
56410,1
56411,1
56412,0
56413,1
56414,0
56415,1
56416,0
56417,1
56418,0
56419,0
56420,1
56421,1
56422,0
56423,0
56424,0
56425,0
56426,1
56427,0
56428,1
56429,0
56430,1
56431,1
56432,0
56433,1
56434,1
56435,0
56436,0
56437,1
56438,1
56439,1
56440,0
56441,1
56442,0
56443,0
56444,0
56445,1
56446,1
56447,1
56448,1
56449,0
56450,1
56451,0
56452,0
56453,0
56454,1
56455,0
56456,1
56457,1
56458,1
56459,1
56460,1
56461,0
56462,0
56463,1
56464,0
56465,1
56466,1
56467,0
56468,0
56469,0
56470,1
56471,0
56472,0
56473,1
56474,0
56475,1
56476,0
56477,0
56478,0
56479,1
56480,1
56481,0
56482,0
56483,0
56484,0
56485,0
56486,0
56487,0
56488,1
56489,0
56490,0
56491,1
56492,0
56493,0
56494,0
56495,0
56496,1
56497,1
56498,1
56499,1
56500,0
56501,0
56502,1
56503,1
56504,1
56505,0
56506,1
56507,0
56508,1
56509,0
56510,0
56511,1
56512,1
56513,1
56514,1
56515,1
56516,1
56517,1
56518,1
56519,0
56520,1
56521,1
56522,1
56523,0
56524,1
56525,1
56526,1
56527,1
56528,1
56529,1
56530,1
56531,1
56532,1
56533,1
56534,0
56535,0
56536,0
56537,0
56538,0
56539,1
56540,1
56541,1
56542,1
56543,0
56544,1
56545,0
56546,1
56547,0
56548,0
56549,0
56550,0
56551,0
56552,1
56553,1
56554,1
56555,1
56556,0
56557,0
56558,1
56559,1
56560,1
56561,1
56562,0
56563,0
56564,0
56565,0
56566,0
56567,1
56568,1
56569,1
56570,1
56571,0
56572,1
56573,0
56574,0
56575,0
56576,1
56577,0
56578,1
56579,1
56580,0
56581,1
56582,1
56583,0
56584,0
56585,1
56586,1
56587,0
56588,1
56589,1
56590,1
56591,1
56592,1
56593,1
56594,0
56595,0
56596,0
56597,1
56598,0
56599,0
56600,0
56601,0
56602,0
56603,1
56604,0
56605,0
56606,0
56607,1
56608,0
56609,0
56610,0
56611,1
56612,1
56613,0
56614,0
56615,1
56616,1
56617,1
56618,1
56619,1
56620,0
56621,1
56622,0
56623,0
56624,1
56625,1
56626,1
56627,1
56628,0
56629,1
56630,1
56631,1
56632,1
56633,0
56634,0
56635,1
56636,0
56637,1
56638,0
56639,1
56640,0
56641,0
56642,0
56643,0
56644,1
56645,1
56646,0
56647,1
56648,1
56649,0
56650,0
56651,0
56652,1
56653,1
56654,1
56655,1
56656,1
56657,1
56658,1
56659,0
56660,1
56661,0
56662,0
56663,0
56664,0
56665,0
56666,1
56667,0
56668,0
56669,1
56670,1
56671,0
56672,1
56673,1
56674,1
56675,0
56676,1
56677,0
56678,0
56679,1
56680,1
56681,1
56682,0
56683,1
56684,0
56685,1
56686,0
56687,0
56688,0
56689,0
56690,0
56691,0
56692,1
56693,1
56694,0
56695,0
56696,1
56697,1
56698,0
56699,0
56700,1
56701,1
56702,1
56703,0
56704,1
56705,1
56706,1
56707,0
56708,0
56709,0
56710,1
56711,0
56712,0
56713,0
56714,1
56715,0
56716,1
56717,0
56718,0
56719,1
56720,0
56721,0
56722,0
56723,0
56724,0
56725,1
56726,0
56727,1
56728,1
56729,0
56730,0
56731,1
56732,1
56733,1
56734,1
56735,0
56736,0
56737,1
56738,0
56739,0
56740,1
56741,0
56742,0
56743,0
56744,1
56745,0
56746,0
56747,1
56748,1
56749,1
56750,1
56751,0
56752,1
56753,1
56754,1
56755,1
56756,0
56757,0
56758,1
56759,1
56760,1
56761,1
56762,0
56763,0
56764,0
56765,0
56766,0
56767,1
56768,0
56769,1
56770,0
56771,0
56772,1
56773,0
56774,0
56775,0
56776,1
56777,1
56778,0
56779,0
56780,1
56781,1
56782,0
56783,1
56784,1
56785,0
56786,0
56787,0
56788,0
56789,0
56790,1
56791,0
56792,0
56793,0
56794,0
56795,1
56796,0
56797,1
56798,0
56799,0
56800,0
56801,1
56802,0
56803,1
56804,1
56805,0
56806,1
56807,0
56808,0
56809,0
56810,1
56811,0
56812,1
56813,1
56814,0
56815,1
56816,0
56817,1
56818,1
56819,1
56820,1
56821,1
56822,1
56823,0
56824,0
56825,0
56826,0
56827,1
56828,0
56829,1
56830,0
56831,1
56832,1
56833,0
56834,1
56835,1
56836,1
56837,0
56838,0
56839,1
56840,1
56841,1
56842,1
56843,1
56844,0
56845,0
56846,0
56847,0
56848,1
56849,1
56850,0
56851,0
56852,0
56853,0
56854,0
56855,0
56856,0
56857,0
56858,0
56859,1
56860,0
56861,1
56862,1
56863,0
56864,1
56865,0
56866,1
56867,1
56868,1
56869,1
56870,0
56871,0
56872,0
56873,1
56874,0
56875,1
56876,0
56877,0
56878,1
56879,1
56880,0
56881,1
56882,0
56883,0
56884,1
56885,1
56886,0
56887,0
56888,0
56889,0
56890,1
56891,1
56892,1
56893,0
56894,0
56895,0
56896,0
56897,1
56898,1
56899,0
56900,0
56901,1
56902,1
56903,0
56904,0
56905,0
56906,1
56907,1
56908,0
56909,1
56910,1
56911,1
56912,0
56913,0
56914,0
56915,1
56916,1
56917,1
56918,0
56919,1
56920,0
56921,1
56922,1
56923,0
56924,0
56925,1
56926,0
56927,0
56928,1
56929,1
56930,1
56931,0
56932,0
56933,1
56934,1
56935,1
56936,0
56937,1
56938,0
56939,1
56940,1
56941,1
56942,0
56943,0
56944,0
56945,1
56946,1
56947,1
56948,1
56949,1
56950,0
56951,0
56952,0
56953,0
56954,1
56955,1
56956,1
56957,0
56958,0
56959,1
56960,0
56961,0
56962,1
56963,1
56964,1
56965,0
56966,0
56967,0
56968,1
56969,0
56970,1
56971,0
56972,1
56973,1
56974,1
56975,0
56976,0
56977,0
56978,0
56979,0
56980,1
56981,1
56982,1
56983,0
56984,1
56985,1
56986,1
56987,0
56988,0
56989,0
56990,1
56991,1
56992,1
56993,0
56994,0
56995,0
56996,1
56997,0
56998,1
56999,0
57000,0
57001,1
57002,1
57003,1
57004,1
57005,1
57006,0
57007,1
57008,1
57009,1
57010,0
57011,0
57012,1
57013,1
57014,0
57015,1
57016,0
57017,0
57018,1
57019,0
57020,1
57021,1
57022,0
57023,1
57024,1
57025,1
57026,0
57027,1
57028,1
57029,1
57030,0
57031,0
57032,1
57033,1
57034,0
57035,1
57036,0
57037,1
57038,1
57039,1
57040,1
57041,1
57042,1
57043,0
57044,1
57045,1
57046,0
57047,0
57048,0
57049,1
57050,1
57051,1
57052,0
57053,1
57054,1
57055,0
57056,0
57057,0
57058,0
57059,0
57060,0
57061,1
57062,0
57063,1
57064,0
57065,1
57066,1
57067,0
57068,0
57069,0
57070,0
57071,1
57072,1
57073,0
57074,1
57075,1
57076,1
57077,1
57078,0
57079,0
57080,1
57081,0
57082,1
57083,0
57084,1
57085,1
57086,0
57087,1
57088,1
57089,0
57090,1
57091,1
57092,0
57093,0
57094,1
57095,0
57096,1
57097,1
57098,0
57099,0
57100,0
57101,1
57102,0
57103,1
57104,1
57105,0
57106,1
57107,0
57108,1
57109,1
57110,1
57111,1
57112,1
57113,0
57114,1
57115,0
57116,0
57117,1
57118,1
57119,0
57120,0
57121,1
57122,1
57123,1
57124,0
57125,0
57126,1
57127,0
57128,1
57129,0
57130,0
57131,0
57132,1
57133,0
57134,0
57135,1
57136,1
57137,1
57138,0
57139,0
57140,0
57141,1
57142,1
57143,1
57144,0
57145,0
57146,0
57147,0
57148,1
57149,1
57150,1
57151,0
57152,0
57153,1
57154,1
57155,0
57156,0
57157,0
57158,0
57159,1
57160,1
57161,0
57162,1
57163,1
57164,0
57165,1
57166,0
57167,1
57168,1
57169,0
57170,1
57171,1
57172,0
57173,0
57174,0
57175,1
57176,1
57177,0
57178,1
57179,0
57180,1
57181,0
57182,1
57183,1
57184,1
57185,1
57186,1
57187,0
57188,0
57189,1
57190,0
57191,0
57192,1
57193,0
57194,0
57195,1
57196,1
57197,1
57198,1
57199,0
57200,1
57201,0
57202,0
57203,1
57204,0
57205,1
57206,0
57207,1
57208,1
57209,1
57210,1
57211,1
57212,1
57213,0
57214,0
57215,0
57216,0
57217,1
57218,1
57219,0
57220,0
57221,0
57222,0
57223,1
57224,0
57225,1
57226,0
57227,1
57228,1
57229,1
57230,0
57231,0
57232,1
57233,1
57234,0
57235,0
57236,1
57237,0
57238,1
57239,1
57240,1
57241,0
57242,0
57243,0
57244,0
57245,1
57246,0
57247,0
57248,1
57249,1
57250,0
57251,0
57252,1
57253,1
57254,0
57255,1
57256,0
57257,1
57258,1
57259,0
57260,0
57261,0
57262,0
57263,0
57264,1
57265,1
57266,0
57267,0
57268,0
57269,1
57270,1
57271,1
57272,1
57273,0
57274,0
57275,0
57276,0
57277,1
57278,0
57279,0
57280,0
57281,0
57282,0
57283,0
57284,1
57285,0
57286,0
57287,0
57288,0
57289,1
57290,1
57291,1
57292,1
57293,1
57294,0
57295,0
57296,1
57297,1
57298,1
57299,0
57300,0
57301,0
57302,1
57303,0
57304,1
57305,0
57306,1
57307,1
57308,0
57309,1
57310,0
57311,1
57312,0
57313,0
57314,1
57315,0
57316,0
57317,0
57318,1
57319,0
57320,1
57321,1
57322,0
57323,1
57324,1
57325,1
57326,1
57327,0
57328,0
57329,0
57330,1
57331,1
57332,1
57333,1
57334,0
57335,1
57336,0
57337,1
57338,1
57339,0
57340,0
57341,1
57342,0
57343,0
57344,1
57345,1
57346,1
57347,0
57348,0
57349,1
57350,0
57351,1
57352,0
57353,0
57354,1
57355,1
57356,0
57357,1
57358,0
57359,0
57360,0
57361,1
57362,0
57363,0
57364,0
57365,1
57366,1
57367,0
57368,0
57369,0
57370,0
57371,1
57372,0
57373,0
57374,0
57375,1
57376,1
57377,0
57378,1
57379,0
57380,1
57381,1
57382,1
57383,0
57384,1
57385,1
57386,0
57387,0
57388,1
57389,0
57390,0
57391,0
57392,1
57393,0
57394,1
57395,1
57396,1
57397,0
57398,1
57399,1
57400,1
57401,1
57402,0
57403,0
57404,0
57405,0
57406,0
57407,0
57408,0
57409,1
57410,1
57411,1
57412,0
57413,1
57414,0
57415,1
57416,1
57417,1
57418,1
57419,0
57420,0
57421,0
57422,1
57423,0
57424,1
57425,0
57426,1
57427,1
57428,1
57429,0
57430,0
57431,1
57432,0
57433,0
57434,0
57435,1
57436,0
57437,0
57438,0
57439,0
57440,0
57441,0
57442,0
57443,0
57444,1
57445,0
57446,1
57447,0
57448,1
57449,0
57450,1
57451,0
57452,0
57453,0
57454,1
57455,1
57456,1
57457,1
57458,1
57459,1
57460,0
57461,1
57462,1
57463,1
57464,1
57465,0
57466,1
57467,1
57468,1
57469,1
57470,1
57471,1
57472,0
57473,1
57474,0
57475,1
57476,0
57477,0
57478,1
57479,1
57480,1
57481,1
57482,0
57483,0
57484,0
57485,1
57486,0
57487,1
57488,1
57489,1
57490,0
57491,1
57492,1
57493,1
57494,0
57495,1
57496,0
57497,1
57498,1
57499,0
57500,1
57501,0
57502,1
57503,1
57504,0
57505,1
57506,0
57507,1
57508,0
57509,1
57510,1
57511,0
57512,1
57513,0
57514,0
57515,1
57516,1
57517,0
57518,1
57519,1
57520,0
57521,1
57522,1
57523,1
57524,1
57525,0
57526,0
57527,1
57528,0
57529,0
57530,1
57531,0
57532,1
57533,1
57534,1
57535,1
57536,0
57537,0
57538,1
57539,1
57540,1
57541,1
57542,1
57543,0
57544,0
57545,1
57546,0
57547,0
57548,0
57549,0
57550,0
57551,1
57552,1
57553,0
57554,0
57555,0
57556,0
57557,1
57558,1
57559,0
57560,0
57561,1
57562,0
57563,1
57564,1
57565,1
57566,0
57567,0
57568,1
57569,0
57570,1
57571,1
57572,1
57573,1
57574,0
57575,1
57576,1
57577,1
57578,1
57579,0
57580,0
57581,1
57582,0
57583,1
57584,0
57585,0
57586,0
57587,0
57588,0
57589,0
57590,1
57591,1
57592,0
57593,1
57594,1
57595,0
57596,0
57597,1
57598,1
57599,1
57600,1
57601,0
57602,0
57603,0
57604,1
57605,0
57606,0
57607,1
57608,0
57609,0
57610,0
57611,1
57612,1
57613,1
57614,1
57615,0
57616,0
57617,1
57618,1
57619,0
57620,0
57621,0
57622,1
57623,1
57624,0
57625,0
57626,0
57627,1
57628,1
57629,0
57630,1
57631,0
57632,1
57633,0
57634,1
57635,1
57636,0
57637,0
57638,0
57639,0
57640,0
57641,0
57642,1
57643,0
57644,1
57645,1
57646,1
57647,1
57648,0
57649,1
57650,0
57651,1
57652,0
57653,1
57654,0
57655,1
57656,1
57657,0
57658,1
57659,0
57660,1
57661,1
57662,0
57663,1
57664,0
57665,1
57666,0
57667,0
57668,0
57669,0
57670,1
57671,1
57672,1
57673,1
57674,0
57675,1
57676,0
57677,1
57678,0
57679,0
57680,1
57681,0
57682,0
57683,1
57684,1
57685,0
57686,1
57687,0
57688,1
57689,1
57690,0
57691,0
57692,0
57693,1
57694,1
57695,0
57696,1
57697,1
57698,0
57699,1
57700,1
57701,1
57702,0
57703,1
57704,0
57705,1
57706,1
57707,0
57708,0
57709,1
57710,0
57711,1
57712,1
57713,1
57714,0
57715,1
57716,1
57717,0
57718,1
57719,1
57720,1
57721,0
57722,0
57723,1
57724,0
57725,1
57726,0
57727,0
57728,0
57729,1
57730,0
57731,1
57732,1
57733,1
57734,1
57735,1
57736,1
57737,1
57738,0
57739,0
57740,0
57741,0
57742,1
57743,0
57744,1
57745,0
57746,0
57747,1
57748,1
57749,1
57750,0
57751,1
57752,1
57753,0
57754,1
57755,1
57756,1
57757,0
57758,0
57759,0
57760,0
57761,0
57762,0
57763,0
57764,1
57765,1
57766,0
57767,1
57768,1
57769,0
57770,1
57771,1
57772,1
57773,1
57774,1
57775,0
57776,0
57777,0
57778,0
57779,1
57780,1
57781,0
57782,1
57783,1
57784,1
57785,1
57786,1
57787,1
57788,0
57789,1
57790,0
57791,0
57792,0
57793,1
57794,1
57795,1
57796,1
57797,0
57798,0
57799,0
57800,0
57801,0
57802,0
57803,1
57804,1
57805,0
57806,0
57807,0
57808,0
57809,1
57810,0
57811,1
57812,1
57813,0
57814,1
57815,1
57816,1
57817,1
57818,0
57819,1
57820,1
57821,0
57822,0
57823,1
57824,1
57825,0
57826,1
57827,1
57828,1
57829,1
57830,0
57831,1
57832,1
57833,1
57834,1
57835,0
57836,1
57837,0
57838,0
57839,0
57840,0
57841,0
57842,1
57843,0
57844,1
57845,0
57846,1
57847,0
57848,1
57849,1
57850,0
57851,1
57852,1
57853,0
57854,0
57855,0
57856,1
57857,0
57858,1
57859,1
57860,0
57861,1
57862,1
57863,0
57864,0
57865,0
57866,1
57867,1
57868,1
57869,0
57870,1
57871,1
57872,1
57873,0
57874,0
57875,0
57876,1
57877,1
57878,0
57879,1
57880,0
57881,0
57882,1
57883,0
57884,0
57885,1
57886,1
57887,1
57888,0
57889,1
57890,0
57891,0
57892,1
57893,0
57894,0
57895,0
57896,0
57897,0
57898,1
57899,0
57900,0
57901,1
57902,1
57903,1
57904,1
57905,0
57906,0
57907,1
57908,0
57909,1
57910,0
57911,1
57912,0
57913,1
57914,1
57915,0
57916,1
57917,1
57918,0
57919,0
57920,1
57921,1
57922,0
57923,0
57924,0
57925,0
57926,1
57927,0
57928,1
57929,1
57930,0
57931,1
57932,0
57933,1
57934,1
57935,1
57936,1
57937,0
57938,1
57939,1
57940,1
57941,0
57942,0
57943,0
57944,1
57945,1
57946,1
57947,0
57948,0
57949,1
57950,1
57951,0
57952,0
57953,1
57954,0
57955,1
57956,0
57957,0
57958,1
57959,1
57960,1
57961,1
57962,0
57963,0
57964,0
57965,0
57966,0
57967,0
57968,0
57969,1
57970,0
57971,1
57972,1
57973,1
57974,0
57975,0
57976,0
57977,1
57978,1
57979,0
57980,0
57981,0
57982,0
57983,1
57984,1
57985,1
57986,1
57987,0
57988,0
57989,1
57990,1
57991,1
57992,1
57993,0
57994,0
57995,1
57996,0
57997,0
57998,0
57999,0
58000,1
58001,0
58002,1
58003,0
58004,1
58005,1
58006,0
58007,0
58008,0
58009,1
58010,0
58011,0
58012,1
58013,0
58014,1
58015,1
58016,1
58017,1
58018,1
58019,0
58020,1
58021,1
58022,0
58023,0
58024,0
58025,1
58026,1
58027,0
58028,1
58029,0
58030,0
58031,0
58032,0
58033,1
58034,1
58035,1
58036,0
58037,1
58038,0
58039,0
58040,0
58041,0
58042,0
58043,0
58044,0
58045,1
58046,1
58047,0
58048,0
58049,1
58050,0
58051,0
58052,0
58053,0
58054,1
58055,1
58056,0
58057,0
58058,1
58059,0
58060,1
58061,0
58062,0
58063,0
58064,0
58065,0
58066,1
58067,1
58068,0
58069,0
58070,1
58071,0
58072,0
58073,1
58074,0
58075,0
58076,0
58077,1
58078,1
58079,1
58080,1
58081,0
58082,1
58083,1
58084,1
58085,1
58086,0
58087,0
58088,0
58089,1
58090,0
58091,1
58092,1
58093,0
58094,1
58095,0
58096,0
58097,0
58098,0
58099,0
58100,1
58101,0
58102,1
58103,1
58104,1
58105,0
58106,1
58107,1
58108,0
58109,0
58110,1
58111,1
58112,1
58113,1
58114,0
58115,1
58116,1
58117,0
58118,1
58119,0
58120,0
58121,1
58122,0
58123,1
58124,0
58125,1
58126,0
58127,1
58128,1
58129,1
58130,0
58131,0
58132,1
58133,0
58134,0
58135,1
58136,1
58137,0
58138,0
58139,0
58140,0
58141,0
58142,1
58143,0
58144,0
58145,0
58146,0
58147,1
58148,0
58149,1
58150,1
58151,0
58152,0
58153,0
58154,0
58155,1
58156,1
58157,1
58158,1
58159,1
58160,0
58161,0
58162,1
58163,1
58164,1
58165,1
58166,0
58167,1
58168,0
58169,1
58170,1
58171,1
58172,0
58173,1
58174,1
58175,1
58176,1
58177,0
58178,0
58179,0
58180,1
58181,1
58182,0
58183,1
58184,0
58185,1
58186,0
58187,0
58188,0
58189,0
58190,1
58191,0
58192,1
58193,1
58194,0
58195,0
58196,0
58197,0
58198,0
58199,1
58200,0
58201,0
58202,1
58203,0
58204,0
58205,0
58206,0
58207,1
58208,1
58209,1
58210,0
58211,1
58212,0
58213,1
58214,0
58215,1
58216,0
58217,0
58218,0
58219,1
58220,1
58221,1
58222,0
58223,1
58224,1
58225,0
58226,1
58227,0
58228,1
58229,0
58230,1
58231,1
58232,1
58233,1
58234,1
58235,0
58236,0
58237,0
58238,1
58239,0
58240,0
58241,1
58242,1
58243,0
58244,0
58245,1
58246,1
58247,1
58248,0
58249,0
58250,0
58251,1
58252,0
58253,1
58254,1
58255,0
58256,1
58257,1
58258,0
58259,1
58260,1
58261,0
58262,1
58263,0
58264,0
58265,0
58266,1
58267,1
58268,1
58269,1
58270,1
58271,0
58272,0
58273,0
58274,1
58275,0
58276,0
58277,0
58278,0
58279,0
58280,1
58281,0
58282,0
58283,1
58284,0
58285,0
58286,1
58287,0
58288,1
58289,1
58290,0
58291,0
58292,0
58293,1
58294,1
58295,0
58296,1
58297,1
58298,0
58299,0
58300,1
58301,1
58302,0
58303,1
58304,1
58305,1
58306,1
58307,0
58308,1
58309,0
58310,1
58311,0
58312,1
58313,1
58314,1
58315,1
58316,1
58317,0
58318,1
58319,0
58320,1
58321,1
58322,0
58323,0
58324,1
58325,0
58326,1
58327,1
58328,0
58329,0
58330,1
58331,1
58332,0
58333,1
58334,0
58335,0
58336,0
58337,0
58338,0
58339,0
58340,0
58341,1
58342,1
58343,0
58344,1
58345,0
58346,0
58347,0
58348,1
58349,0
58350,0
58351,0
58352,1
58353,0
58354,0
58355,0
58356,1
58357,0
58358,0
58359,1
58360,1
58361,0
58362,0
58363,0
58364,1
58365,1
58366,1
58367,0
58368,0
58369,0
58370,0
58371,1
58372,1
58373,1
58374,0
58375,1
58376,1
58377,0
58378,0
58379,0
58380,1
58381,1
58382,1
58383,1
58384,0
58385,0
58386,1
58387,0
58388,1
58389,0
58390,0
58391,1
58392,1
58393,0
58394,0
58395,1
58396,0
58397,0
58398,1
58399,1
58400,0
58401,1
58402,1
58403,0
58404,0
58405,1
58406,1
58407,1
58408,1
58409,0
58410,0
58411,1
58412,0
58413,0
58414,0
58415,0
58416,0
58417,0
58418,0
58419,0
58420,1
58421,1
58422,0
58423,0
58424,0
58425,0
58426,1
58427,0
58428,1
58429,0
58430,0
58431,0
58432,0
58433,1
58434,0
58435,1
58436,1
58437,1
58438,1
58439,0
58440,0
58441,1
58442,1
58443,0
58444,0
58445,1
58446,0
58447,1
58448,1
58449,0
58450,1
58451,1
58452,0
58453,0
58454,0
58455,1
58456,1
58457,0
58458,1
58459,1
58460,1
58461,0
58462,1
58463,1
58464,0
58465,1
58466,1
58467,0
58468,1
58469,1
58470,1
58471,1
58472,1
58473,1
58474,1
58475,0
58476,0
58477,1
58478,1
58479,1
58480,0
58481,0
58482,0
58483,0
58484,1
58485,1
58486,1
58487,0
58488,1
58489,0
58490,0
58491,0
58492,1
58493,1
58494,1
58495,1
58496,1
58497,1
58498,0
58499,0
58500,1
58501,0
58502,1
58503,0
58504,1
58505,0
58506,0
58507,0
58508,1
58509,0
58510,0
58511,1
58512,1
58513,1
58514,0
58515,1
58516,1
58517,1
58518,1
58519,0
58520,0
58521,0
58522,1
58523,0
58524,0
58525,1
58526,1
58527,1
58528,0
58529,1
58530,1
58531,0
58532,0
58533,1
58534,1
58535,1
58536,0
58537,1
58538,0
58539,1
58540,0
58541,0
58542,1
58543,0
58544,0
58545,1
58546,1
58547,1
58548,0
58549,0
58550,1
58551,1
58552,0
58553,0
58554,0
58555,1
58556,0
58557,1
58558,1
58559,1
58560,1
58561,1
58562,0
58563,0
58564,0
58565,0
58566,0
58567,0
58568,0
58569,0
58570,0
58571,0
58572,1
58573,1
58574,1
58575,1
58576,1
58577,0
58578,1
58579,0
58580,1
58581,0
58582,1
58583,1
58584,0
58585,1
58586,1
58587,1
58588,1
58589,0
58590,0
58591,1
58592,1
58593,0
58594,0
58595,0
58596,1
58597,0
58598,1
58599,1
58600,0
58601,1
58602,1
58603,0
58604,0
58605,0
58606,0
58607,1
58608,1
58609,0
58610,1
58611,1
58612,0
58613,1
58614,1
58615,0
58616,0
58617,1
58618,0
58619,0
58620,1
58621,1
58622,1
58623,1
58624,0
58625,1
58626,0
58627,1
58628,1
58629,0
58630,1
58631,0
58632,1
58633,1
58634,1
58635,0
58636,0
58637,0
58638,1
58639,1
58640,1
58641,1
58642,1
58643,1
58644,0
58645,0
58646,1
58647,0
58648,0
58649,0
58650,0
58651,0
58652,0
58653,0
58654,0
58655,0
58656,1
58657,1
58658,0
58659,1
58660,1
58661,1
58662,0
58663,1
58664,1
58665,1
58666,0
58667,0
58668,1
58669,0
58670,0
58671,0
58672,0
58673,1
58674,1
58675,1
58676,0
58677,1
58678,0
58679,0
58680,1
58681,1
58682,1
58683,1
58684,0
58685,1
58686,0
58687,1
58688,0
58689,0
58690,1
58691,1
58692,0
58693,1
58694,0
58695,1
58696,1
58697,0
58698,0
58699,1
58700,1
58701,0
58702,0
58703,1
58704,1
58705,1
58706,0
58707,1
58708,1
58709,0
58710,1
58711,1
58712,0
58713,0
58714,0
58715,0
58716,1
58717,0
58718,1
58719,0
58720,0
58721,1
58722,0
58723,1
58724,1
58725,0
58726,1
58727,1
58728,1
58729,0
58730,0
58731,1
58732,0
58733,0
58734,1
58735,0
58736,0
58737,1
58738,1
58739,1
58740,1
58741,1
58742,1
58743,1
58744,0
58745,1
58746,1
58747,1
58748,0
58749,0
58750,1
58751,0
58752,0
58753,1
58754,0
58755,1
58756,1
58757,0
58758,1
58759,1
58760,0
58761,0
58762,0
58763,1
58764,0
58765,1
58766,0
58767,1
58768,0
58769,1
58770,0
58771,1
58772,1
58773,1
58774,0
58775,0
58776,0
58777,0
58778,0
58779,0
58780,0
58781,1
58782,0
58783,0
58784,1
58785,0
58786,0
58787,1
58788,1
58789,0
58790,1
58791,1
58792,0
58793,0
58794,1
58795,0
58796,1
58797,1
58798,1
58799,0
58800,0
58801,0
58802,0
58803,0
58804,0
58805,0
58806,0
58807,1
58808,0
58809,0
58810,0
58811,1
58812,1
58813,0
58814,0
58815,0
58816,1
58817,0
58818,0
58819,0
58820,1
58821,1
58822,0
58823,0
58824,0
58825,1
58826,1
58827,0
58828,1
58829,1
58830,1
58831,0
58832,1
58833,1
58834,0
58835,1
58836,0
58837,0
58838,0
58839,0
58840,1
58841,0
58842,0
58843,1
58844,1
58845,0
58846,0
58847,1
58848,1
58849,0
58850,0
58851,1
58852,1
58853,1
58854,0
58855,0
58856,0
58857,1
58858,1
58859,0
58860,1
58861,1
58862,0
58863,1
58864,0
58865,0
58866,0
58867,0
58868,0
58869,1
58870,1
58871,1
58872,0
58873,0
58874,0
58875,1
58876,1
58877,0
58878,0
58879,0
58880,0
58881,1
58882,1
58883,0
58884,0
58885,1
58886,0
58887,1
58888,1
58889,1
58890,1
58891,0
58892,0
58893,1
58894,1
58895,0
58896,1
58897,0
58898,1
58899,0
58900,0
58901,1
58902,0
58903,1
58904,1
58905,1
58906,0
58907,1
58908,0
58909,0
58910,0
58911,0
58912,0
58913,1
58914,0
58915,1
58916,0
58917,1
58918,0
58919,0
58920,0
58921,0
58922,1
58923,0
58924,1
58925,0
58926,0
58927,0
58928,1
58929,1
58930,1
58931,1
58932,0
58933,0
58934,0
58935,1
58936,0
58937,1
58938,1
58939,0
58940,1
58941,0
58942,1
58943,1
58944,1
58945,0
58946,0
58947,0
58948,0
58949,0
58950,1
58951,1
58952,0
58953,1
58954,0
58955,1
58956,0
58957,0
58958,0
58959,0
58960,0
58961,0
58962,1
58963,0
58964,0
58965,1
58966,0
58967,1
58968,1
58969,1
58970,1
58971,1
58972,0
58973,0
58974,0
58975,1
58976,0
58977,1
58978,0
58979,0
58980,1
58981,1
58982,1
58983,1
58984,0
58985,1
58986,1
58987,1
58988,0
58989,0
58990,0
58991,1
58992,1
58993,0
58994,0
58995,0
58996,0
58997,0
58998,1
58999,0
59000,0
59001,0
59002,1
59003,0
59004,0
59005,1
59006,0
59007,1
59008,1
59009,0
59010,1
59011,0
59012,1
59013,0
59014,1
59015,0
59016,0
59017,1
59018,1
59019,1
59020,1
59021,0
59022,0
59023,0
59024,0
59025,1
59026,1
59027,1
59028,0
59029,1
59030,1
59031,0
59032,1
59033,1
59034,0
59035,0
59036,0
59037,1
59038,0
59039,1
59040,1
59041,1
59042,1
59043,0
59044,1
59045,1
59046,0
59047,0
59048,0
59049,0
59050,0
59051,1
59052,0
59053,1
59054,0
59055,0
59056,0
59057,1
59058,1
59059,1
59060,0
59061,0
59062,1
59063,0
59064,0
59065,0
59066,1
59067,0
59068,0
59069,1
59070,1
59071,0
59072,1
59073,0
59074,0
59075,0
59076,0
59077,1
59078,0
59079,0
59080,0
59081,0
59082,0
59083,0
59084,1
59085,1
59086,1
59087,0
59088,0
59089,1
59090,1
59091,0
59092,1
59093,1
59094,1
59095,1
59096,1
59097,0
59098,0
59099,0
59100,0
59101,1
59102,1
59103,0
59104,0
59105,0
59106,1
59107,0
59108,1
59109,1
59110,0
59111,0
59112,0
59113,0
59114,1
59115,1
59116,0
59117,1
59118,0
59119,0
59120,0
59121,0
59122,1
59123,0
59124,1
59125,0
59126,1
59127,0
59128,1
59129,0
59130,1
59131,1
59132,1
59133,1
59134,0
59135,0
59136,1
59137,0
59138,0
59139,0
59140,1
59141,1
59142,0
59143,0
59144,0
59145,1
59146,0
59147,0
59148,1
59149,1
59150,1
59151,0
59152,0
59153,0
59154,1
59155,0
59156,1
59157,0
59158,1
59159,1
59160,1
59161,1
59162,1
59163,0
59164,1
59165,0
59166,1
59167,1
59168,1
59169,0
59170,0
59171,1
59172,1
59173,0
59174,0
59175,0
59176,1
59177,0
59178,1
59179,0
59180,1
59181,1
59182,1
59183,0
59184,0
59185,0
59186,0
59187,1
59188,1
59189,0
59190,0
59191,0
59192,1
59193,1
59194,0
59195,0
59196,1
59197,1
59198,0
59199,1
59200,0
59201,1
59202,1
59203,0
59204,1
59205,1
59206,1
59207,0
59208,0
59209,1
59210,1
59211,0
59212,0
59213,1
59214,1
59215,1
59216,1
59217,1
59218,1
59219,1
59220,1
59221,1
59222,0
59223,0
59224,0
59225,0
59226,0
59227,0
59228,0
59229,0
59230,0
59231,0
59232,0
59233,1
59234,0
59235,1
59236,1
59237,1
59238,1
59239,1
59240,1
59241,1
59242,1
59243,1
59244,0
59245,0
59246,1
59247,0
59248,0
59249,1
59250,0
59251,1
59252,0
59253,1
59254,1
59255,0
59256,1
59257,1
59258,1
59259,0
59260,0
59261,0
59262,0
59263,0
59264,1
59265,0
59266,1
59267,1
59268,1
59269,1
59270,0
59271,1
59272,1
59273,0
59274,1
59275,1
59276,0
59277,0
59278,1
59279,1
59280,0
59281,1
59282,0
59283,1
59284,1
59285,1
59286,1
59287,1
59288,0
59289,0
59290,0
59291,1
59292,0
59293,1
59294,1
59295,0
59296,0
59297,1
59298,0
59299,0
59300,0
59301,1
59302,1
59303,0
59304,0
59305,0
59306,0
59307,1
59308,1
59309,1
59310,0
59311,1
59312,1
59313,1
59314,0
59315,0
59316,1
59317,1
59318,1
59319,1
59320,0
59321,1
59322,0
59323,1
59324,0
59325,1
59326,1
59327,0
59328,0
59329,1
59330,1
59331,1
59332,0
59333,0
59334,1
59335,1
59336,1
59337,1
59338,0
59339,1
59340,0
59341,1
59342,0
59343,1
59344,0
59345,0
59346,0
59347,1
59348,0
59349,1
59350,0
59351,1
59352,0
59353,1
59354,0
59355,1
59356,0
59357,1
59358,1
59359,1
59360,0
59361,0
59362,0
59363,0
59364,0
59365,1
59366,0
59367,0
59368,1
59369,1
59370,1
59371,1
59372,0
59373,0
59374,1
59375,0
59376,1
59377,1
59378,0
59379,0
59380,0
59381,1
59382,0
59383,0
59384,0
59385,0
59386,1
59387,0
59388,0
59389,0
59390,1
59391,1
59392,1
59393,0
59394,0
59395,0
59396,1
59397,0
59398,1
59399,0
59400,0
59401,1
59402,0
59403,1
59404,1
59405,1
59406,1
59407,1
59408,1
59409,0
59410,1
59411,1
59412,0
59413,0
59414,0
59415,1
59416,1
59417,0
59418,1
59419,1
59420,0
59421,0
59422,0
59423,1
59424,1
59425,1
59426,0
59427,1
59428,1
59429,0
59430,0
59431,1
59432,0
59433,0
59434,0
59435,1
59436,1
59437,0
59438,1
59439,1
59440,1
59441,0
59442,0
59443,0
59444,0
59445,1
59446,0
59447,0
59448,1
59449,1
59450,1
59451,1
59452,1
59453,1
59454,0
59455,1
59456,1
59457,1
59458,1
59459,1
59460,0
59461,1
59462,1
59463,1
59464,0
59465,1
59466,1
59467,0
59468,1
59469,1
59470,0
59471,0
59472,0
59473,1
59474,0
59475,0
59476,1
59477,1
59478,1
59479,1
59480,0
59481,1
59482,1
59483,0
59484,1
59485,0
59486,1
59487,0
59488,0
59489,0
59490,1
59491,1
59492,1
59493,0
59494,0
59495,0
59496,0
59497,0
59498,1
59499,1
59500,1
59501,0
59502,1
59503,1
59504,1
59505,0
59506,1
59507,0
59508,1
59509,1
59510,1
59511,0
59512,1
59513,0
59514,0
59515,0
59516,0
59517,0
59518,0
59519,1
59520,1
59521,0
59522,1
59523,0
59524,1
59525,1
59526,0
59527,1
59528,0
59529,0
59530,1
59531,1
59532,0
59533,1
59534,0
59535,1
59536,1
59537,0
59538,0
59539,0
59540,0
59541,1
59542,0
59543,1
59544,1
59545,1
59546,0
59547,0
59548,1
59549,0
59550,0
59551,0
59552,1
59553,0
59554,1
59555,1
59556,1
59557,1
59558,0
59559,0
59560,0
59561,1
59562,1
59563,1
59564,0
59565,1
59566,1
59567,0
59568,0
59569,0
59570,0
59571,0
59572,1
59573,0
59574,1
59575,1
59576,0
59577,1
59578,1
59579,0
59580,0
59581,1
59582,0
59583,1
59584,0
59585,0
59586,0
59587,1
59588,0
59589,1
59590,0
59591,1
59592,0
59593,1
59594,1
59595,0
59596,0
59597,1
59598,0
59599,0
59600,0
59601,0
59602,1
59603,1
59604,0
59605,0
59606,0
59607,0
59608,0
59609,1
59610,0
59611,0
59612,1
59613,0
59614,0
59615,0
59616,0
59617,0
59618,0
59619,1
59620,1
59621,1
59622,0
59623,1
59624,1
59625,1
59626,1
59627,1
59628,0
59629,1
59630,1
59631,0
59632,0
59633,1
59634,1
59635,1
59636,1
59637,1
59638,1
59639,0
59640,0
59641,0
59642,0
59643,1
59644,0
59645,0
59646,0
59647,0
59648,1
59649,0
59650,1
59651,1
59652,1
59653,0
59654,0
59655,0
59656,0
59657,0
59658,0
59659,0
59660,0
59661,0
59662,0
59663,1
59664,0
59665,1
59666,1
59667,0
59668,1
59669,1
59670,1
59671,0
59672,0
59673,1
59674,1
59675,0
59676,0
59677,1
59678,0
59679,1
59680,1
59681,0
59682,1
59683,0
59684,1
59685,0
59686,1
59687,0
59688,0
59689,1
59690,1
59691,1
59692,1
59693,0
59694,0
59695,1
59696,1
59697,1
59698,0
59699,1
59700,0
59701,0
59702,1
59703,1
59704,1
59705,0
59706,0
59707,1
59708,1
59709,0
59710,0
59711,0
59712,1
59713,1
59714,1
59715,0
59716,0
59717,0
59718,1
59719,1
59720,0
59721,0
59722,0
59723,0
59724,1
59725,0
59726,0
59727,1
59728,0
59729,1
59730,1
59731,1
59732,0
59733,1
59734,1
59735,1
59736,1
59737,1
59738,0
59739,0
59740,0
59741,0
59742,0
59743,1
59744,1
59745,0
59746,0
59747,0
59748,0
59749,0
59750,0
59751,1
59752,1
59753,1
59754,0
59755,1
59756,0
59757,0
59758,1
59759,1
59760,1
59761,0
59762,1
59763,1
59764,0
59765,0
59766,1
59767,1
59768,1
59769,1
59770,0
59771,0
59772,0
59773,0
59774,0
59775,0
59776,1
59777,0
59778,0
59779,1
59780,1
59781,0
59782,0
59783,0
59784,0
59785,0
59786,1
59787,1
59788,1
59789,0
59790,1
59791,1
59792,0
59793,0
59794,0
59795,1
59796,0
59797,1
59798,0
59799,1
59800,1
59801,1
59802,0
59803,0
59804,0
59805,1
59806,1
59807,0
59808,1
59809,1
59810,0
59811,0
59812,0
59813,1
59814,1
59815,0
59816,0
59817,1
59818,0
59819,0
59820,0
59821,1
59822,1
59823,0
59824,0
59825,1
59826,1
59827,0
59828,1
59829,1
59830,1
59831,1
59832,0
59833,1
59834,1
59835,0
59836,0
59837,1
59838,0
59839,0
59840,0
59841,1
59842,0
59843,1
59844,0
59845,0
59846,0
59847,1
59848,0
59849,1
59850,0
59851,0
59852,0
59853,0
59854,0
59855,1
59856,1
59857,1
59858,1
59859,1
59860,0
59861,1
59862,1
59863,0
59864,1
59865,0
59866,1
59867,1
59868,1
59869,1
59870,0
59871,1
59872,1
59873,1
59874,1
59875,1
59876,0
59877,0
59878,1
59879,0
59880,0
59881,0
59882,1
59883,0
59884,0
59885,1
59886,0
59887,0
59888,0
59889,1
59890,1
59891,0
59892,0
59893,0
59894,0
59895,1
59896,1
59897,0
59898,1
59899,1
59900,1
59901,0
59902,1
59903,0
59904,0
59905,1
59906,1
59907,1
59908,1
59909,1
59910,1
59911,0
59912,0
59913,1
59914,0
59915,1
59916,0
59917,0
59918,1
59919,1
59920,1
59921,1
59922,1
59923,0
59924,1
59925,1
59926,1
59927,1
59928,0
59929,0
59930,0
59931,1
59932,0
59933,1
59934,0
59935,1
59936,0
59937,0
59938,0
59939,0
59940,1
59941,0
59942,0
59943,0
59944,1
59945,1
59946,1
59947,1
59948,1
59949,1
59950,1
59951,0
59952,0
59953,0
59954,1
59955,1
59956,0
59957,1
59958,0
59959,0
59960,0
59961,1
59962,1
59963,0
59964,0
59965,1
59966,1
59967,0
59968,0
59969,1
59970,0
59971,1
59972,1
59973,1
59974,1
59975,0
59976,1
59977,1
59978,0
59979,1
59980,1
59981,1
59982,0
59983,1
59984,0
59985,1
59986,1
59987,0
59988,0
59989,1
59990,0
59991,0
59992,1
59993,1
59994,1
59995,0
59996,0
59997,0
59998,1
59999,0
60000,1
60001,0
60002,1
60003,1
60004,0
60005,0
60006,1
60007,0
60008,0
60009,0
60010,0
60011,1
60012,1
60013,0
60014,0
60015,0
60016,1
60017,1
60018,1
60019,0
60020,0
60021,1
60022,0
60023,0
60024,1
60025,1
60026,1
60027,1
60028,1
60029,1
60030,1
60031,1
60032,1
60033,0
60034,1
60035,0
60036,0
60037,1
60038,0
60039,1
60040,0
60041,1
60042,0
60043,1
60044,1
60045,1
60046,1
60047,1
60048,1
60049,0
60050,0
60051,0
60052,0
60053,1
60054,1
60055,1
60056,0
60057,1
60058,0
60059,0
60060,0
60061,1
60062,1
60063,1
60064,1
60065,1
60066,1
60067,0
60068,0
60069,0
60070,0
60071,1
60072,1
60073,1
60074,0
60075,0
60076,1
60077,0
60078,1
60079,1
60080,1
60081,1
60082,0
60083,1
60084,0
60085,1
60086,0
60087,1
60088,0
60089,1
60090,0
60091,0
60092,0
60093,0
60094,1
60095,1
60096,0
60097,0
60098,1
60099,0
60100,0
60101,1
60102,0
60103,1
60104,0
60105,1
60106,1
60107,0
60108,1
60109,1
60110,0
60111,0
60112,1
60113,0
60114,0
60115,1
60116,1
60117,0
60118,1
60119,1
60120,1
60121,0
60122,1
60123,0
60124,1
60125,1
60126,0
60127,1
60128,1
60129,1
60130,1
60131,0
60132,0
60133,1
60134,0
60135,0
60136,1
60137,1
60138,1
60139,0
60140,1
60141,0
60142,1
60143,0
60144,0
60145,0
60146,0
60147,0
60148,0
60149,1
60150,1
60151,1
60152,1
60153,0
60154,0
60155,1
60156,1
60157,1
60158,0
60159,1
60160,1
60161,1
60162,0
60163,1
60164,0
60165,1
60166,1
60167,1
60168,0
60169,1
60170,1
60171,1
60172,1
60173,0
60174,1
60175,0
60176,0
60177,0
60178,0
60179,0
60180,0
60181,0
60182,1
60183,1
60184,1
60185,0
60186,0
60187,0
60188,0
60189,0
60190,0
60191,1
60192,0
60193,1
60194,0
60195,1
60196,1
60197,0
60198,0
60199,1
60200,0
60201,0
60202,0
60203,1
60204,1
60205,0
60206,0
60207,0
60208,0
60209,1
60210,0
60211,0
60212,0
60213,1
60214,0
60215,0
60216,0
60217,0
60218,0
60219,1
60220,0
60221,0
60222,1
60223,1
60224,1
60225,1
60226,1
60227,1
60228,1
60229,0
60230,1
60231,0
60232,0
60233,1
60234,0
60235,1
60236,1
60237,0
60238,0
60239,1
60240,1
60241,1
60242,0
60243,0
60244,0
60245,1
60246,0
60247,1
60248,1
60249,0
60250,0
60251,1
60252,1
60253,1
60254,1
60255,1
60256,0
60257,0
60258,0
60259,0
60260,1
60261,1
60262,0
60263,0
60264,0
60265,1
60266,0
60267,1
60268,0
60269,0
60270,1
60271,0
60272,1
60273,1
60274,0
60275,0
60276,1
60277,0
60278,0
60279,1
60280,0
60281,1
60282,0
60283,1
60284,1
60285,1
60286,1
60287,1
60288,1
60289,1
60290,0
60291,1
60292,0
60293,1
60294,0
60295,1
60296,1
60297,0
60298,0
60299,1
60300,0
60301,0
60302,0
60303,0
60304,0
60305,0
60306,0
60307,1
60308,0
60309,0
60310,0
60311,0
60312,0
60313,1
60314,0
60315,0
60316,0
60317,1
60318,0
60319,1
60320,1
60321,1
60322,1
60323,0
60324,1
60325,0
60326,1
60327,0
60328,0
60329,1
60330,0
60331,0
60332,1
60333,1
60334,1
60335,1
60336,0
60337,1
60338,0
60339,1
60340,0
60341,0
60342,0
60343,0
60344,1
60345,1
60346,1
60347,0
60348,1
60349,1
60350,1
60351,1
60352,0
60353,0
60354,1
60355,1
60356,1
60357,0
60358,1
60359,0
60360,1
60361,1
60362,1
60363,0
60364,1
60365,1
60366,0
60367,0
60368,1
60369,1
60370,1
60371,1
60372,1
60373,0
60374,1
60375,1
60376,0
60377,1
60378,0
60379,1
60380,1
60381,0
60382,0
60383,1
60384,1
60385,0
60386,0
60387,1
60388,1
60389,0
60390,1
60391,0
60392,1
60393,1
60394,0
60395,1
60396,1
60397,0
60398,1
60399,0
60400,1
60401,0
60402,0
60403,1
60404,1
60405,1
60406,0
60407,1
60408,1
60409,1
60410,1
60411,0
60412,1
60413,0
60414,1
60415,0
60416,0
60417,0
60418,1
60419,1
60420,0
60421,1
60422,0
60423,0
60424,1
60425,1
60426,1
60427,0
60428,0
60429,0
60430,0
60431,1
60432,0
60433,0
60434,0
60435,1
60436,1
60437,1
60438,0
60439,1
60440,1
60441,0
60442,0
60443,0
60444,1
60445,0
60446,1
60447,1
60448,1
60449,1
60450,0
60451,0
60452,1
60453,0
60454,0
60455,1
60456,1
60457,0
60458,0
60459,0
60460,1
60461,0
60462,0
60463,0
60464,1
60465,1
60466,1
60467,1
60468,1
60469,0
60470,0
60471,1
60472,0
60473,0
60474,1
60475,1
60476,1
60477,0
60478,0
60479,1
60480,0
60481,1
60482,0
60483,0
60484,0
60485,0
60486,1
60487,1
60488,1
60489,0
60490,0
60491,1
60492,1
60493,1
60494,1
60495,0
60496,1
60497,0
60498,0
60499,0
60500,0
60501,1
60502,0
60503,1
60504,1
60505,0
60506,0
60507,1
60508,1
60509,0
60510,0
60511,1
60512,1
60513,0
60514,1
60515,1
60516,1
60517,1
60518,1
60519,0
60520,1
60521,1
60522,1
60523,0
60524,1
60525,0
60526,1
60527,0
60528,1
60529,0
60530,0
60531,1
60532,1
60533,1
60534,1
60535,1
60536,1
60537,0
60538,0
60539,0
60540,0
60541,1
60542,0
60543,1
60544,0
60545,1
60546,1
60547,1
60548,1
60549,1
60550,0
60551,1
60552,0
60553,1
60554,1
60555,0
60556,1
60557,0
60558,0
60559,1
60560,0
60561,1
60562,1
60563,0
60564,1
60565,0
60566,0
60567,0
60568,0
60569,0
60570,0
60571,1
60572,0
60573,0
60574,1
60575,0
60576,1
60577,0
60578,0
60579,0
60580,0
60581,0
60582,1
60583,0
60584,1
60585,0
60586,1
60587,0
60588,1
60589,1
60590,0
60591,0
60592,1
60593,1
60594,1
60595,0
60596,0
60597,1
60598,1
60599,0
60600,0
60601,1
60602,0
60603,0
60604,1
60605,1
60606,0
60607,1
60608,0
60609,1
60610,0
60611,1
60612,0
60613,1
60614,0
60615,1
60616,1
60617,1
60618,0
60619,0
60620,1
60621,0
60622,0
60623,1
60624,0
60625,0
60626,0
60627,1
60628,0
60629,1
60630,1
60631,0
60632,0
60633,1
60634,1
60635,0
60636,1
60637,0
60638,1
60639,1
60640,1
60641,0
60642,1
60643,0
60644,0
60645,1
60646,1
60647,0
60648,0
60649,1
60650,1
60651,0
60652,1
60653,1
60654,0
60655,0
60656,0
60657,1
60658,0
60659,1
60660,1
60661,0
60662,1
60663,0
60664,1
60665,1
60666,1
60667,0
60668,1
60669,1
60670,0
60671,0
60672,1
60673,0
60674,0
60675,1
60676,0
60677,0
60678,0
60679,1
60680,0
60681,0
60682,1
60683,0
60684,1
60685,1
60686,0
60687,0
60688,1
60689,0
60690,1
60691,0
60692,1
60693,1
60694,0
60695,1
60696,1
60697,1
60698,1
60699,0
60700,1
60701,0
60702,0
60703,0
60704,0
60705,0
60706,0
60707,0
60708,0
60709,0
60710,1
60711,1
60712,1
60713,1
60714,0
60715,0
60716,0
60717,1
60718,0
60719,0
60720,1
60721,0
60722,0
60723,1
60724,1
60725,0
60726,0
60727,0
60728,0
60729,1
60730,0
60731,0
60732,0
60733,1
60734,0
60735,0
60736,1
60737,1
60738,0
60739,0
60740,0
60741,1
60742,0
60743,1
60744,1
60745,1
60746,0
60747,1
60748,0
60749,0
60750,1
60751,1
60752,0
60753,1
60754,0
60755,0
60756,1
60757,1
60758,0
60759,0
60760,0
60761,0
60762,1
60763,0
60764,1
60765,0
60766,0
60767,1
60768,1
60769,0
60770,1
60771,1
60772,0
60773,1
60774,0
60775,1
60776,1
60777,1
60778,0
60779,0
60780,0
60781,0
60782,1
60783,1
60784,0
60785,1
60786,1
60787,0
60788,1
60789,1
60790,0
60791,1
60792,0
60793,0
60794,0
60795,1
60796,1
60797,1
60798,0
60799,1
60800,0
60801,1
60802,1
60803,0
60804,1
60805,0
60806,1
60807,1
60808,0
60809,0
60810,0
60811,0
60812,1
60813,1
60814,0
60815,1
60816,1
60817,0
60818,1
60819,0
60820,1
60821,1
60822,0
60823,1
60824,0
60825,1
60826,1
60827,1
60828,1
60829,0
60830,1
60831,0
60832,1
60833,1
60834,1
60835,0
60836,1
60837,1
60838,0
60839,0
60840,1
60841,1
60842,1
60843,1
60844,0
60845,1
60846,1
60847,1
60848,0
60849,0
60850,0
60851,1
60852,0
60853,1
60854,0
60855,1
60856,0
60857,1
60858,1
60859,0
60860,0
60861,0
60862,1
60863,0
60864,0
60865,0
60866,0
60867,0
60868,0
60869,1
60870,1
60871,0
60872,0
60873,0
60874,0
60875,1
60876,0
60877,1
60878,1
60879,1
60880,1
60881,0
60882,0
60883,1
60884,1
60885,0
60886,0
60887,0
60888,1
60889,0
60890,1
60891,0
60892,0
60893,0
60894,1
60895,1
60896,1
60897,0
60898,1
60899,1
60900,0
60901,1
60902,0
60903,1
60904,1
60905,1
60906,1
60907,0
60908,0
60909,0
60910,0
60911,1
60912,0
60913,1
60914,0
60915,1
60916,1
60917,0
60918,0
60919,0
60920,1
60921,1
60922,0
60923,1
60924,1
60925,1
60926,0
60927,1
60928,0
60929,1
60930,0
60931,0
60932,0
60933,0
60934,0
60935,1
60936,1
60937,0
60938,1
60939,1
60940,0
60941,1
60942,1
60943,0
60944,0
60945,0
60946,0
60947,0
60948,1
60949,0
60950,0
60951,0
60952,0
60953,1
60954,1
60955,1
60956,0
60957,1
60958,1
60959,0
60960,1
60961,0
60962,0
60963,0
60964,0
60965,0
60966,1
60967,0
60968,1
60969,1
60970,1
60971,1
60972,1
60973,1
60974,1
60975,1
60976,0
60977,1
60978,1
60979,1
60980,1
60981,1
60982,1
60983,1
60984,0
60985,0
60986,0
60987,0
60988,1
60989,1
60990,1
60991,1
60992,0
60993,0
60994,1
60995,0
60996,0
60997,1
60998,1
60999,1
61000,1
61001,1
61002,1
61003,1
61004,1
61005,1
61006,1
61007,0
61008,1
61009,0
61010,1
61011,0
61012,0
61013,0
61014,1
61015,0
61016,0
61017,1
61018,1
61019,1
61020,1
61021,0
61022,0
61023,1
61024,1
61025,0
61026,0
61027,0
61028,0
61029,0
61030,0
61031,0
61032,1
61033,1
61034,0
61035,0
61036,1
61037,0
61038,1
61039,0
61040,0
61041,0
61042,1
61043,0
61044,0
61045,1
61046,0
61047,1
61048,0
61049,1
61050,0
61051,1
61052,1
61053,1
61054,1
61055,0
61056,1
61057,1
61058,0
61059,1
61060,0
61061,0
61062,1
61063,1
61064,1
61065,0
61066,0
61067,0
61068,0
61069,1
61070,0
61071,1
61072,1
61073,1
61074,0
61075,1
61076,0
61077,1
61078,0
61079,1
61080,0
61081,1
61082,0
61083,0
61084,0
61085,1
61086,0
61087,1
61088,1
61089,0
61090,0
61091,1
61092,1
61093,0
61094,0
61095,0
61096,1
61097,1
61098,0
61099,1
61100,1
61101,1
61102,1
61103,1
61104,0
61105,0
61106,0
61107,1
61108,0
61109,0
61110,0
61111,1
61112,0
61113,0
61114,1
61115,1
61116,1
61117,0
61118,1
61119,0
61120,1
61121,0
61122,0
61123,0
61124,1
61125,0
61126,1
61127,1
61128,0
61129,0
61130,0
61131,1
61132,1
61133,1
61134,1
61135,1
61136,0
61137,0
61138,1
61139,0
61140,1
61141,1
61142,0
61143,1
61144,1
61145,0
61146,0
61147,0
61148,0
61149,1
61150,0
61151,1
61152,0
61153,1
61154,1
61155,0
61156,0
61157,1
61158,0
61159,1
61160,1
61161,1
61162,0
61163,1
61164,1
61165,0
61166,1
61167,0
61168,1
61169,1
61170,1
61171,0
61172,0
61173,1
61174,0
61175,0
61176,0
61177,1
61178,0
61179,1
61180,1
61181,1
61182,0
61183,1
61184,0
61185,0
61186,1
61187,0
61188,0
61189,0
61190,0
61191,1
61192,1
61193,1
61194,0
61195,0
61196,0
61197,1
61198,0
61199,1
61200,1
61201,0
61202,0
61203,0
61204,1
61205,0
61206,1
61207,1
61208,0
61209,0
61210,1
61211,0
61212,0
61213,1
61214,0
61215,0
61216,0
61217,1
61218,1
61219,0
61220,0
61221,0
61222,1
61223,0
61224,1
61225,0
61226,1
61227,0
61228,1
61229,0
61230,0
61231,1
61232,1
61233,1
61234,1
61235,0
61236,0
61237,1
61238,1
61239,0
61240,0
61241,1
61242,0
61243,0
61244,1
61245,1
61246,1
61247,1
61248,1
61249,0
61250,1
61251,0
61252,0
61253,1
61254,0
61255,0
61256,0
61257,0
61258,1
61259,1
61260,1
61261,0
61262,1
61263,0
61264,0
61265,0
61266,1
61267,0
61268,0
61269,0
61270,1
61271,0
61272,1
61273,0
61274,1
61275,1
61276,1
61277,1
61278,0
61279,0
61280,0
61281,0
61282,1
61283,0
61284,1
61285,0
61286,0
61287,1
61288,0
61289,1
61290,1
61291,0
61292,0
61293,1
61294,1
61295,1
61296,0
61297,0
61298,0
61299,0
61300,0
61301,0
61302,1
61303,0
61304,0
61305,1
61306,0
61307,0
61308,1
61309,0
61310,1
61311,1
61312,1
61313,0
61314,1
61315,0
61316,1
61317,1
61318,1
61319,1
61320,0
61321,0
61322,0
61323,1
61324,0
61325,1
61326,0
61327,0
61328,1
61329,0
61330,0
61331,0
61332,0
61333,0
61334,0
61335,1
61336,0
61337,1
61338,0
61339,1
61340,1
61341,1
61342,1
61343,0
61344,0
61345,1
61346,0
61347,0
61348,0
61349,0
61350,0
61351,1
61352,1
61353,1
61354,1
61355,1
61356,1
61357,0
61358,1
61359,0
61360,0
61361,1
61362,1
61363,0
61364,1
61365,1
61366,1
61367,0
61368,0
61369,0
61370,1
61371,1
61372,0
61373,1
61374,0
61375,1
61376,0
61377,0
61378,1
61379,0
61380,0
61381,0
61382,0
61383,1
61384,1
61385,0
61386,0
61387,0
61388,1
61389,0
61390,1
61391,0
61392,0
61393,1
61394,0
61395,0
61396,0
61397,1
61398,1
61399,1
61400,0
61401,1
61402,1
61403,0
61404,1
61405,1
61406,1
61407,0
61408,0
61409,1
61410,1
61411,0
61412,1
61413,0
61414,0
61415,1
61416,0
61417,0
61418,1
61419,1
61420,0
61421,0
61422,0
61423,0
61424,1
61425,0
61426,0
61427,0
61428,1
61429,0
61430,1
61431,1
61432,1
61433,0
61434,0
61435,0
61436,1
61437,0
61438,0
61439,0
61440,0
61441,0
61442,1
61443,1
61444,0
61445,1
61446,0
61447,1
61448,1
61449,1
61450,0
61451,0
61452,0
61453,1
61454,0
61455,1
61456,1
61457,0
61458,1
61459,0
61460,0
61461,1
61462,1
61463,1
61464,1
61465,0
61466,0
61467,1
61468,1
61469,1
61470,1
61471,0
61472,1
61473,0
61474,0
61475,1
61476,1
61477,1
61478,0
61479,1
61480,1
61481,0
61482,0
61483,1
61484,0
61485,0
61486,0
61487,1
61488,1
61489,0
61490,0
61491,0
61492,1
61493,1
61494,0
61495,0
61496,1
61497,1
61498,0
61499,0
61500,1
61501,1
61502,0
61503,0
61504,1
61505,0
61506,0
61507,1
61508,1
61509,0
61510,0
61511,1
61512,1
61513,1
61514,1
61515,0
61516,0
61517,1
61518,1
61519,1
61520,1
61521,1
61522,0
61523,0
61524,1
61525,0
61526,1
61527,1
61528,0
61529,0
61530,1
61531,1
61532,1
61533,0
61534,0
61535,0
61536,1
61537,1
61538,1
61539,1
61540,0
61541,0
61542,0
61543,0
61544,0
61545,1
61546,0
61547,1
61548,0
61549,1
61550,0
61551,0
61552,1
61553,0
61554,1
61555,1
61556,0
61557,0
61558,0
61559,1
61560,0
61561,0
61562,0
61563,1
61564,1
61565,0
61566,1
61567,1
61568,0
61569,1
61570,1
61571,1
61572,0
61573,1
61574,1
61575,0
61576,1
61577,0
61578,0
61579,1
61580,0
61581,1
61582,1
61583,0
61584,0
61585,1
61586,1
61587,1
61588,0
61589,0
61590,0
61591,0
61592,0
61593,1
61594,1
61595,0
61596,1
61597,0
61598,1
61599,1
61600,1
61601,1
61602,1
61603,0
61604,1
61605,1
61606,1
61607,1
61608,0
61609,0
61610,0
61611,1
61612,0
61613,1
61614,0
61615,0
61616,1
61617,0
61618,0
61619,1
61620,0
61621,0
61622,1
61623,0
61624,1
61625,1
61626,1
61627,1
61628,1
61629,0
61630,1
61631,1
61632,1
61633,1
61634,0
61635,0
61636,0
61637,1
61638,0
61639,1
61640,0
61641,0
61642,1
61643,0
61644,1
61645,0
61646,1
61647,0
61648,0
61649,0
61650,1
61651,0
61652,1
61653,0
61654,0
61655,0
61656,1
61657,0
61658,1
61659,1
61660,1
61661,1
61662,1
61663,0
61664,0
61665,1
61666,1
61667,0
61668,0
61669,1
61670,1
61671,0
61672,1
61673,1
61674,1
61675,1
61676,1
61677,1
61678,0
61679,1
61680,0
61681,0
61682,0
61683,0
61684,0
61685,0
61686,0
61687,0
61688,0
61689,0
61690,0
61691,1
61692,0
61693,0
61694,0
61695,0
61696,0
61697,1
61698,0
61699,1
61700,1
61701,0
61702,0
61703,0
61704,1
61705,1
61706,1
61707,1
61708,1
61709,1
61710,0
61711,0
61712,1
61713,1
61714,0
61715,1
61716,1
61717,0
61718,0
61719,1
61720,0
61721,0
61722,1
61723,0
61724,1
61725,1
61726,1
61727,1
61728,0
61729,0
61730,0
61731,1
61732,0
61733,1
61734,0
61735,1
61736,1
61737,1
61738,0
61739,0
61740,1
61741,0
61742,1
61743,1
61744,1
61745,0
61746,0
61747,1
61748,0
61749,0
61750,1
61751,0
61752,1
61753,1
61754,0
61755,0
61756,0
61757,0
61758,1
61759,1
61760,1
61761,1
61762,1
61763,1
61764,0
61765,0
61766,0
61767,0
61768,0
61769,0
61770,0
61771,0
61772,1
61773,1
61774,1
61775,0
61776,1
61777,0
61778,1
61779,1
61780,1
61781,1
61782,1
61783,1
61784,0
61785,0
61786,0
61787,0
61788,0
61789,0
61790,0
61791,1
61792,0
61793,1
61794,1
61795,0
61796,1
61797,0
61798,1
61799,0
61800,0
61801,0
61802,1
61803,1
61804,0
61805,1
61806,0
61807,0
61808,0
61809,1
61810,0
61811,0
61812,1
61813,1
61814,0
61815,1
61816,0
61817,1
61818,0
61819,0
61820,0
61821,1
61822,1
61823,1
61824,0
61825,0
61826,1
61827,1
61828,0
61829,0
61830,0
61831,1
61832,0
61833,1
61834,0
61835,1
61836,1
61837,0
61838,1
61839,1
61840,1
61841,1
61842,1
61843,0
61844,1
61845,1
61846,0
61847,0
61848,0
61849,0
61850,1
61851,0
61852,0
61853,1
61854,1
61855,1
61856,0
61857,0
61858,0
61859,1
61860,0
61861,0
61862,1
61863,0
61864,1
61865,1
61866,0
61867,0
61868,0
61869,1
61870,0
61871,0
61872,0
61873,0
61874,0
61875,0
61876,0
61877,0
61878,0
61879,0
61880,0
61881,1
61882,1
61883,0
61884,0
61885,0
61886,1
61887,0
61888,1
61889,0
61890,1
61891,1
61892,0
61893,1
61894,1
61895,1
61896,1
61897,0
61898,0
61899,0
61900,1
61901,1
61902,0
61903,0
61904,1
61905,0
61906,0
61907,0
61908,1
61909,0
61910,0
61911,0
61912,0
61913,0
61914,0
61915,1
61916,0
61917,0
61918,1
61919,1
61920,0
61921,0
61922,1
61923,0
61924,0
61925,0
61926,1
61927,1
61928,0
61929,1
61930,0
61931,1
61932,1
61933,1
61934,1
61935,0
61936,0
61937,1
61938,1
61939,0
61940,1
61941,0
61942,0
61943,1
61944,0
61945,0
61946,0
61947,0
61948,0
61949,1
61950,1
61951,1
61952,1
61953,1
61954,1
61955,1
61956,1
61957,0
61958,0
61959,0
61960,0
61961,0
61962,0
61963,0
61964,0
61965,0
61966,1
61967,1
61968,1
61969,0
61970,1
61971,0
61972,0
61973,0
61974,0
61975,0
61976,0
61977,1
61978,0
61979,1
61980,1
61981,1
61982,0
61983,0
61984,0
61985,0
61986,0
61987,0
61988,1
61989,1
61990,0
61991,1
61992,0
61993,0
61994,1
61995,1
61996,1
61997,1
61998,0
61999,0
62000,1
62001,1
62002,1
62003,1
62004,0
62005,0
62006,1
62007,1
62008,0
62009,0
62010,1
62011,1
62012,0
62013,1
62014,0
62015,1
62016,1
62017,0
62018,1
62019,0
62020,1
62021,0
62022,0
62023,0
62024,0
62025,1
62026,1
62027,0
62028,0
62029,0
62030,0
62031,1
62032,0
62033,0
62034,1
62035,1
62036,1
62037,1
62038,0
62039,0
62040,1
62041,0
62042,1
62043,0
62044,1
62045,0
62046,0
62047,1
62048,1
62049,1
62050,1
62051,1
62052,1
62053,1
62054,1
62055,0
62056,0
62057,0
62058,1
62059,0
62060,1
62061,1
62062,0
62063,0
62064,1
62065,1
62066,1
62067,0
62068,1
62069,1
62070,1
62071,0
62072,0
62073,0
62074,1
62075,0
62076,1
62077,0
62078,1
62079,0
62080,1
62081,1
62082,1
62083,0
62084,0
62085,0
62086,1
62087,0
62088,1
62089,0
62090,0
62091,1
62092,1
62093,0
62094,0
62095,1
62096,1
62097,0
62098,1
62099,1
62100,1
62101,1
62102,0
62103,1
62104,0
62105,0
62106,0
62107,1
62108,1
62109,0
62110,0
62111,1
62112,0
62113,1
62114,1
62115,1
62116,1
62117,0
62118,1
62119,0
62120,0
62121,0
62122,1
62123,1
62124,1
62125,0
62126,1
62127,0
62128,1
62129,0
62130,1
62131,1
62132,0
62133,0
62134,0
62135,1
62136,1
62137,1
62138,0
62139,1
62140,1
62141,0
62142,1
62143,0
62144,1
62145,1
62146,1
62147,0
62148,1
62149,1
62150,0
62151,0
62152,0
62153,0
62154,1
62155,1
62156,1
62157,0
62158,1
62159,0
62160,0
62161,0
62162,1
62163,0
62164,0
62165,0
62166,0
62167,1
62168,0
62169,1
62170,0
62171,0
62172,1
62173,1
62174,0
62175,1
62176,0
62177,1
62178,0
62179,0
62180,1
62181,1
62182,0
62183,1
62184,0
62185,1
62186,0
62187,1
62188,1
62189,0
62190,0
62191,0
62192,1
62193,1
62194,1
62195,0
62196,1
62197,1
62198,1
62199,1
62200,0
62201,1
62202,1
62203,0
62204,0
62205,1
62206,0
62207,0
62208,0
62209,1
62210,1
62211,0
62212,1
62213,1
62214,1
62215,1
62216,0
62217,1
62218,0
62219,0
62220,0
62221,1
62222,1
62223,1
62224,1
62225,1
62226,1
62227,1
62228,0
62229,0
62230,1
62231,1
62232,0
62233,0
62234,0
62235,0
62236,0
62237,0
62238,0
62239,0
62240,0
62241,1
62242,0
62243,0
62244,0
62245,0
62246,1
62247,0
62248,0
62249,1
62250,1
62251,0
62252,1
62253,0
62254,0
62255,1
62256,1
62257,0
62258,1
62259,0
62260,0
62261,1
62262,1
62263,1
62264,1
62265,1
62266,0
62267,0
62268,1
62269,1
62270,1
62271,0
62272,1
62273,1
62274,0
62275,1
62276,1
62277,0
62278,1
62279,0
62280,1
62281,0
62282,1
62283,1
62284,0
62285,0
62286,0
62287,1
62288,0
62289,0
62290,1
62291,0
62292,1
62293,0
62294,1
62295,0
62296,0
62297,0
62298,0
62299,0
62300,0
62301,0
62302,1
62303,0
62304,0
62305,1
62306,0
62307,0
62308,1
62309,1
62310,0
62311,0
62312,1
62313,0
62314,1
62315,0
62316,0
62317,1
62318,1
62319,1
62320,0
62321,0
62322,1
62323,1
62324,0
62325,0
62326,1
62327,0
62328,0
62329,1
62330,1
62331,1
62332,0
62333,0
62334,0
62335,1
62336,1
62337,0
62338,1
62339,1
62340,1
62341,0
62342,1
62343,1
62344,1
62345,0
62346,0
62347,0
62348,1
62349,0
62350,1
62351,0
62352,1
62353,0
62354,1
62355,0
62356,1
62357,0
62358,0
62359,1
62360,0
62361,0
62362,0
62363,1
62364,1
62365,1
62366,1
62367,1
62368,1
62369,0
62370,1
62371,0
62372,1
62373,0
62374,1
62375,1
62376,0
62377,0
62378,0
62379,1
62380,0
62381,0
62382,0
62383,1
62384,0
62385,0
62386,0
62387,1
62388,1
62389,0
62390,0
62391,1
62392,0
62393,0
62394,1
62395,1
62396,1
62397,0
62398,1
62399,1
62400,0
62401,0
62402,1
62403,1
62404,1
62405,1
62406,0
62407,1
62408,0
62409,1
62410,0
62411,0
62412,0
62413,1
62414,0
62415,0
62416,0
62417,1
62418,1
62419,0
62420,0
62421,0
62422,1
62423,0
62424,1
62425,1
62426,1
62427,0
62428,0
62429,0
62430,1
62431,0
62432,0
62433,0
62434,0
62435,0
62436,0
62437,1
62438,1
62439,1
62440,1
62441,1
62442,0
62443,1
62444,0
62445,0
62446,1
62447,0
62448,0
62449,0
62450,0
62451,0
62452,1
62453,0
62454,0
62455,0
62456,1
62457,0
62458,1
62459,1
62460,0
62461,0
62462,1
62463,0
62464,0
62465,0
62466,0
62467,1
62468,0
62469,1
62470,1
62471,0
62472,1
62473,0
62474,1
62475,1
62476,0
62477,0
62478,1
62479,0
62480,0
62481,1
62482,0
62483,0
62484,0
62485,1
62486,1
62487,0
62488,0
62489,1
62490,0
62491,0
62492,1
62493,1
62494,1
62495,1
62496,1
62497,0
62498,0
62499,1
62500,1
62501,0
62502,0
62503,1
62504,1
62505,0
62506,0
62507,0
62508,0
62509,1
62510,0
62511,1
62512,0
62513,0
62514,0
62515,1
62516,1
62517,0
62518,1
62519,0
62520,0
62521,0
62522,1
62523,0
62524,1
62525,0
62526,1
62527,1
62528,0
62529,0
62530,1
62531,1
62532,1
62533,1
62534,0
62535,1
62536,0
62537,0
62538,1
62539,0
62540,1
62541,1
62542,0
62543,1
62544,1
62545,1
62546,0
62547,0
62548,0
62549,0
62550,0
62551,0
62552,0
62553,0
62554,0
62555,0
62556,0
62557,0
62558,1
62559,1
62560,0
62561,1
62562,1
62563,1
62564,0
62565,0
62566,0
62567,1
62568,1
62569,0
62570,1
62571,0
62572,0
62573,0
62574,1
62575,1
62576,0
62577,1
62578,0
62579,0
62580,0
62581,0
62582,0
62583,1
62584,1
62585,0
62586,0
62587,0
62588,0
62589,0
62590,1
62591,0
62592,0
62593,1
62594,1
62595,1
62596,0
62597,0
62598,0
62599,1
62600,1
62601,0
62602,0
62603,0
62604,1
62605,1
62606,0
62607,1
62608,0
62609,1
62610,1
62611,1
62612,1
62613,1
62614,0
62615,1
62616,0
62617,1
62618,0
62619,0
62620,0
62621,0
62622,0
62623,1
62624,0
62625,1
62626,1
62627,0
62628,0
62629,1
62630,1
62631,0
62632,1
62633,0
62634,1
62635,0
62636,0
62637,1
62638,1
62639,0
62640,0
62641,0
62642,1
62643,0
62644,1
62645,0
62646,0
62647,1
62648,1
62649,1
62650,1
62651,1
62652,1
62653,0
62654,0
62655,1
62656,1
62657,1
62658,0
62659,1
62660,1
62661,0
62662,1
62663,0
62664,1
62665,1
62666,1
62667,0
62668,1
62669,0
62670,1
62671,1
62672,0
62673,1
62674,0
62675,1
62676,1
62677,1
62678,0
62679,0
62680,0
62681,1
62682,0
62683,0
62684,1
62685,1
62686,0
62687,1
62688,1
62689,0
62690,0
62691,1
62692,0
62693,1
62694,1
62695,0
62696,0
62697,0
62698,0
62699,1
62700,1
62701,0
62702,0
62703,0
62704,1
62705,1
62706,0
62707,1
62708,0
62709,1
62710,1
62711,0
62712,1
62713,1
62714,1
62715,1
62716,0
62717,0
62718,0
62719,1
62720,1
62721,1
62722,1
62723,1
62724,0
62725,0
62726,1
62727,0
62728,0
62729,1
62730,0
62731,1
62732,0
62733,0
62734,0
62735,0
62736,1
62737,0
62738,1
62739,1
62740,1
62741,1
62742,0
62743,0
62744,1
62745,0
62746,1
62747,1
62748,1
62749,1
62750,0
62751,1
62752,1
62753,0
62754,0
62755,1
62756,0
62757,0
62758,0
62759,0
62760,1
62761,0
62762,1
62763,0
62764,1
62765,0
62766,0
62767,1
62768,0
62769,1
62770,1
62771,0
62772,0
62773,1
62774,1
62775,0
62776,1
62777,0
62778,0
62779,0
62780,0
62781,1
62782,1
62783,1
62784,1
62785,1
62786,1
62787,0
62788,1
62789,1
62790,1
62791,1
62792,0
62793,1
62794,1
62795,1
62796,0
62797,0
62798,1
62799,1
62800,1
62801,1
62802,1
62803,1
62804,0
62805,1
62806,0
62807,1
62808,0
62809,0
62810,1
62811,0
62812,0
62813,0
62814,0
62815,1
62816,0
62817,1
62818,0
62819,1
62820,0
62821,1
62822,0
62823,1
62824,0
62825,0
62826,1
62827,1
62828,0
62829,0
62830,0
62831,0
62832,0
62833,0
62834,1
62835,0
62836,1
62837,0
62838,1
62839,0
62840,0
62841,0
62842,0
62843,1
62844,1
62845,0
62846,1
62847,0
62848,0
62849,1
62850,0
62851,0
62852,1
62853,1
62854,1
62855,1
62856,0
62857,0
62858,0
62859,1
62860,1
62861,1
62862,0
62863,0
62864,1
62865,1
62866,0
62867,0
62868,0
62869,0
62870,1
62871,1
62872,0
62873,0
62874,1
62875,0
62876,1
62877,0
62878,1
62879,1
62880,0
62881,0
62882,0
62883,0
62884,0
62885,0
62886,0
62887,0
62888,0
62889,1
62890,0
62891,1
62892,0
62893,1
62894,0
62895,0
62896,1
62897,1
62898,1
62899,1
62900,1
62901,1
62902,1
62903,1
62904,0
62905,1
62906,0
62907,1
62908,1
62909,1
62910,1
62911,0
62912,0
62913,1
62914,0
62915,0
62916,1
62917,0
62918,1
62919,1
62920,0
62921,1
62922,1
62923,1
62924,0
62925,1
62926,0
62927,0
62928,1
62929,1
62930,0
62931,0
62932,1
62933,1
62934,0
62935,0
62936,1
62937,1
62938,1
62939,0
62940,1
62941,1
62942,1
62943,1
62944,0
62945,0
62946,1
62947,1
62948,0
62949,0
62950,1
62951,0
62952,1
62953,1
62954,0
62955,0
62956,1
62957,1
62958,1
62959,0
62960,1
62961,0
62962,0
62963,0
62964,1
62965,1
62966,1
62967,1
62968,1
62969,1
62970,1
62971,1
62972,0
62973,0
62974,1
62975,0
62976,1
62977,0
62978,1
62979,0
62980,0
62981,1
62982,1
62983,1
62984,0
62985,0
62986,1
62987,0
62988,1
62989,1
62990,1
62991,1
62992,1
62993,0
62994,1
62995,0
62996,0
62997,0
62998,1
62999,1
63000,1
63001,1
63002,0
63003,1
63004,1
63005,0
63006,0
63007,0
63008,1
63009,1
63010,1
63011,1
63012,1
63013,0
63014,0
63015,0
63016,1
63017,1
63018,0
63019,0
63020,1
63021,1
63022,0
63023,0
63024,1
63025,0
63026,1
63027,0
63028,0
63029,1
63030,1
63031,0
63032,1
63033,0
63034,1
63035,0
63036,1
63037,1
63038,1
63039,1
63040,0
63041,0
63042,1
63043,1
63044,1
63045,1
63046,1
63047,0
63048,0
63049,1
63050,1
63051,0
63052,0
63053,0
63054,1
63055,1
63056,0
63057,0
63058,1
63059,1
63060,1
63061,1
63062,0
63063,0
63064,0
63065,1
63066,1
63067,0
63068,0
63069,0
63070,0
63071,1
63072,1
63073,0
63074,1
63075,1
63076,1
63077,1
63078,1
63079,0
63080,0
63081,1
63082,1
63083,0
63084,0
63085,0
63086,0
63087,1
63088,1
63089,0
63090,0
63091,0
63092,0
63093,0
63094,1
63095,1
63096,0
63097,1
63098,1
63099,0
63100,0
63101,1
63102,1
63103,0
63104,1
63105,0
63106,1
63107,0
63108,1
63109,0
63110,0
63111,1
63112,1
63113,0
63114,1
63115,0
63116,1
63117,0
63118,0
63119,0
63120,0
63121,0
63122,1
63123,1
63124,1
63125,1
63126,0
63127,1
63128,1
63129,1
63130,1
63131,1
63132,0
63133,1
63134,1
63135,1
63136,0
63137,0
63138,0
63139,0
63140,1
63141,1
63142,0
63143,0
63144,0
63145,0
63146,1
63147,0
63148,0
63149,1
63150,1
63151,1
63152,1
63153,0
63154,0
63155,0
63156,0
63157,0
63158,0
63159,0
63160,1
63161,1
63162,1
63163,0
63164,1
63165,0
63166,1
63167,0
63168,0
63169,1
63170,1
63171,0
63172,1
63173,1
63174,0
63175,1
63176,0
63177,0
63178,0
63179,1
63180,1
63181,0
63182,1
63183,1
63184,1
63185,1
63186,0
63187,1
63188,0
63189,0
63190,0
63191,0
63192,1
63193,1
63194,1
63195,1
63196,1
63197,1
63198,1
63199,1
63200,1
63201,0
63202,1
63203,1
63204,0
63205,0
63206,0
63207,0
63208,1
63209,1
63210,1
63211,0
63212,0
63213,1
63214,1
63215,0
63216,1
63217,1
63218,1
63219,1
63220,1
63221,0
63222,1
63223,0
63224,0
63225,0
63226,0
63227,0
63228,1
63229,0
63230,0
63231,0
63232,0
63233,1
63234,0
63235,1
63236,0
63237,0
63238,0
63239,0
63240,0
63241,0
63242,0
63243,0
63244,1
63245,0
63246,1
63247,1
63248,0
63249,1
63250,0
63251,0
63252,1
63253,1
63254,1
63255,0
63256,0
63257,1
63258,0
63259,0
63260,1
63261,1
63262,1
63263,0
63264,1
63265,0
63266,0
63267,0
63268,1
63269,1
63270,1
63271,0
63272,1
63273,0
63274,0
63275,1
63276,1
63277,1
63278,1
63279,1
63280,1
63281,0
63282,0
63283,0
63284,1
63285,0
63286,0
63287,0
63288,0
63289,1
63290,0
63291,1
63292,0
63293,0
63294,0
63295,1
63296,1
63297,1
63298,1
63299,0
63300,0
63301,1
63302,1
63303,1
63304,1
63305,0
63306,0
63307,0
63308,0
63309,0
63310,1
63311,0
63312,0
63313,1
63314,1
63315,1
63316,0
63317,1
63318,0
63319,0
63320,0
63321,0
63322,1
63323,0
63324,0
63325,1
63326,1
63327,0
63328,0
63329,1
63330,1
63331,1
63332,1
63333,0
63334,0
63335,0
63336,1
63337,1
63338,1
63339,0
63340,1
63341,1
63342,1
63343,1
63344,1
63345,1
63346,0
63347,1
63348,0
63349,0
63350,0
63351,0
63352,1
63353,1
63354,1
63355,0
63356,0
63357,1
63358,0
63359,1
63360,0
63361,0
63362,1
63363,0
63364,0
63365,1
63366,0
63367,1
63368,0
63369,1
63370,1
63371,0
63372,1
63373,0
63374,1
63375,1
63376,0
63377,1
63378,0
63379,1
63380,1
63381,0
63382,1
63383,1
63384,1
63385,1
63386,1
63387,1
63388,1
63389,1
63390,1
63391,0
63392,0
63393,0
63394,1
63395,0
63396,0
63397,0
63398,0
63399,1
63400,1
63401,0
63402,0
63403,0
63404,0
63405,0
63406,1
63407,0
63408,1
63409,1
63410,0
63411,1
63412,0
63413,0
63414,1
63415,1
63416,1
63417,0
63418,0
63419,1
63420,0
63421,1
63422,0
63423,0
63424,0
63425,0
63426,0
63427,1
63428,1
63429,0
63430,1
63431,1
63432,1
63433,1
63434,0
63435,1
63436,0
63437,1
63438,1
63439,0
63440,0
63441,0
63442,0
63443,0
63444,1
63445,1
63446,0
63447,1
63448,0
63449,0
63450,1
63451,0
63452,0
63453,1
63454,1
63455,1
63456,1
63457,0
63458,0
63459,1
63460,1
63461,0
63462,1
63463,0
63464,0
63465,0
63466,1
63467,0
63468,1
63469,0
63470,0
63471,0
63472,1
63473,0
63474,1
63475,1
63476,0
63477,0
63478,0
63479,0
63480,1
63481,1
63482,1
63483,0
63484,1
63485,0
63486,1
63487,0
63488,1
63489,1
63490,0
63491,0
63492,0
63493,0
63494,1
63495,0
63496,0
63497,1
63498,1
63499,0
63500,1
63501,0
63502,0
63503,0
63504,1
63505,0
63506,1
63507,0
63508,0
63509,1
63510,1
63511,1
63512,1
63513,0
63514,1
63515,0
63516,0
63517,0
63518,1
63519,0
63520,1
63521,0
63522,0
63523,0
63524,0
63525,0
63526,0
63527,0
63528,0
63529,0
63530,0
63531,0
63532,0
63533,0
63534,1
63535,0
63536,0
63537,1
63538,1
63539,0
63540,1
63541,1
63542,1
63543,1
63544,0
63545,1
63546,0
63547,0
63548,0
63549,1
63550,0
63551,0
63552,1
63553,1
63554,1
63555,1
63556,1
63557,0
63558,1
63559,0
63560,1
63561,1
63562,1
63563,1
63564,1
63565,0
63566,0
63567,1
63568,1
63569,1
63570,1
63571,0
63572,1
63573,1
63574,0
63575,0
63576,1
63577,1
63578,1
63579,1
63580,1
63581,1
63582,1
63583,0
63584,1
63585,1
63586,1
63587,1
63588,0
63589,0
63590,1
63591,0
63592,0
63593,0
63594,0
63595,1
63596,1
63597,0
63598,0
63599,1
63600,1
63601,0
63602,0
63603,0
63604,0
63605,1
63606,1
63607,1
63608,0
63609,1
63610,1
63611,1
63612,1
63613,1
63614,1
63615,0
63616,0
63617,0
63618,1
63619,0
63620,1
63621,1
63622,1
63623,1
63624,1
63625,1
63626,0
63627,1
63628,0
63629,0
63630,1
63631,0
63632,1
63633,1
63634,1
63635,1
63636,1
63637,1
63638,0
63639,0
63640,0
63641,1
63642,1
63643,0
63644,1
63645,0
63646,1
63647,1
63648,1
63649,0
63650,0
63651,0
63652,1
63653,1
63654,1
63655,1
63656,1
63657,1
63658,1
63659,0
63660,1
63661,0
63662,0
63663,1
63664,0
63665,1
63666,0
63667,0
63668,1
63669,1
63670,0
63671,0
63672,1
63673,1
63674,1
63675,0
63676,0
63677,0
63678,0
63679,0
63680,0
63681,0
63682,0
63683,0
63684,0
63685,1
63686,0
63687,1
63688,0
63689,1
63690,1
63691,1
63692,1
63693,0
63694,1
63695,1
63696,1
63697,0
63698,1
63699,1
63700,0
63701,1
63702,1
63703,0
63704,0
63705,1
63706,0
63707,1
63708,1
63709,0
63710,1
63711,0
63712,0
63713,1
63714,1
63715,0
63716,1
63717,0
63718,1
63719,0
63720,1
63721,0
63722,0
63723,1
63724,1
63725,1
63726,1
63727,0
63728,0
63729,0
63730,1
63731,0
63732,0
63733,1
63734,1
63735,0
63736,1
63737,1
63738,0
63739,0
63740,0
63741,1
63742,1
63743,1
63744,0
63745,0
63746,0
63747,1
63748,0
63749,0
63750,1
63751,0
63752,1
63753,1
63754,0
63755,0
63756,0
63757,1
63758,1
63759,0
63760,0
63761,1
63762,1
63763,1
63764,0
63765,1
63766,0
63767,1
63768,0
63769,0
63770,0
63771,0
63772,1
63773,0
63774,0
63775,1
63776,0
63777,1
63778,1
63779,0
63780,1
63781,1
63782,0
63783,1
63784,0
63785,1
63786,1
63787,1
63788,1
63789,1
63790,1
63791,1
63792,1
63793,1
63794,1
63795,1
63796,1
63797,1
63798,0
63799,1
63800,1
63801,1
63802,1
63803,0
63804,1
63805,1
63806,1
63807,0
63808,0
63809,1
63810,0
63811,1
63812,1
63813,1
63814,0
63815,0
63816,1
63817,1
63818,0
63819,0
63820,0
63821,1
63822,0
63823,1
63824,0
63825,1
63826,1
63827,1
63828,1
63829,1
63830,0
63831,0
63832,0
63833,0
63834,1
63835,0
63836,0
63837,1
63838,0
63839,1
63840,0
63841,0
63842,1
63843,1
63844,1
63845,0
63846,0
63847,0
63848,1
63849,0
63850,1
63851,1
63852,0
63853,1
63854,1
63855,0
63856,1
63857,1
63858,1
63859,0
63860,0
63861,1
63862,1
63863,0
63864,1
63865,0
63866,1
63867,1
63868,0
63869,0
63870,1
63871,0
63872,0
63873,1
63874,1
63875,1
63876,0
63877,0
63878,1
63879,0
63880,0
63881,1
63882,0
63883,0
63884,1
63885,0
63886,1
63887,1
63888,1
63889,1
63890,0
63891,0
63892,1
63893,1
63894,0
63895,1
63896,1
63897,0
63898,0
63899,0
63900,1
63901,1
63902,1
63903,1
63904,1
63905,1
63906,1
63907,1
63908,1
63909,1
63910,0
63911,0
63912,0
63913,0
63914,0
63915,1
63916,0
63917,1
63918,1
63919,1
63920,0
63921,1
63922,1
63923,1
63924,0
63925,1
63926,1
63927,0
63928,0
63929,0
63930,0
63931,1
63932,0
63933,0
63934,0
63935,1
63936,1
63937,1
63938,1
63939,1
63940,0
63941,1
63942,1
63943,1
63944,0
63945,0
63946,0
63947,0
63948,0
63949,0
63950,1
63951,0
63952,1
63953,1
63954,1
63955,1
63956,1
63957,1
63958,0
63959,1
63960,1
63961,1
63962,1
63963,1
63964,1
63965,1
63966,0
63967,1
63968,0
63969,1
63970,0
63971,0
63972,1
63973,1
63974,1
63975,1
63976,0
63977,0
63978,0
63979,0
63980,0
63981,1
63982,1
63983,1
63984,1
63985,1
63986,1
63987,0
63988,1
63989,0
63990,1
63991,1
63992,0
63993,0
63994,1
63995,1
63996,0
63997,0
63998,0
63999,0
64000,0
64001,1
64002,1
64003,1
64004,1
64005,0
64006,1
64007,1
64008,1
64009,0
64010,1
64011,0
64012,0
64013,1
64014,0
64015,1
64016,0
64017,1
64018,1
64019,1
64020,0
64021,1
64022,0
64023,0
64024,1
64025,0
64026,1
64027,0
64028,0
64029,1
64030,0
64031,1
64032,1
64033,0
64034,0
64035,0
64036,0
64037,1
64038,1
64039,1
64040,0
64041,1
64042,0
64043,0
64044,1
64045,1
64046,0
64047,0
64048,1
64049,0
64050,1
64051,1
64052,1
64053,1
64054,1
64055,1
64056,1
64057,0
64058,1
64059,1
64060,1
64061,0
64062,0
64063,0
64064,1
64065,0
64066,1
64067,1
64068,1
64069,1
64070,0
64071,1
64072,1
64073,0
64074,1
64075,1
64076,1
64077,1
64078,1
64079,0
64080,0
64081,0
64082,1
64083,0
64084,1
64085,1
64086,0
64087,0
64088,0
64089,0
64090,0
64091,0
64092,1
64093,0
64094,0
64095,1
64096,0
64097,1
64098,0
64099,1
64100,0
64101,0
64102,1
64103,1
64104,0
64105,0
64106,0
64107,1
64108,1
64109,1
64110,1
64111,0
64112,1
64113,0
64114,1
64115,0
64116,1
64117,0
64118,0
64119,1
64120,0
64121,0
64122,0
64123,1
64124,0
64125,0
64126,0
64127,1
64128,1
64129,0
64130,1
64131,0
64132,1
64133,1
64134,1
64135,1
64136,1
64137,0
64138,1
64139,0
64140,0
64141,0
64142,0
64143,0
64144,0
64145,0
64146,0
64147,0
64148,1
64149,0
64150,1
64151,1
64152,0
64153,0
64154,0
64155,1
64156,0
64157,1
64158,1
64159,1
64160,0
64161,0
64162,0
64163,1
64164,0
64165,0
64166,1
64167,0
64168,1
64169,1
64170,0
64171,0
64172,0
64173,0
64174,0
64175,1
64176,1
64177,1
64178,0
64179,0
64180,1
64181,1
64182,0
64183,0
64184,0
64185,1
64186,0
64187,0
64188,0
64189,0
64190,0
64191,1
64192,0
64193,1
64194,0
64195,1
64196,1
64197,1
64198,0
64199,1
64200,1
64201,0
64202,1
64203,0
64204,0
64205,1
64206,1
64207,1
64208,0
64209,1
64210,1
64211,0
64212,0
64213,0
64214,0
64215,0
64216,1
64217,0
64218,1
64219,0
64220,1
64221,0
64222,0
64223,0
64224,1
64225,1
64226,1
64227,0
64228,0
64229,1
64230,0
64231,1
64232,1
64233,1
64234,1
64235,0
64236,1
64237,0
64238,1
64239,1
64240,1
64241,0
64242,1
64243,0
64244,0
64245,0
64246,0
64247,0
64248,0
64249,1
64250,0
64251,1
64252,1
64253,1
64254,0
64255,0
64256,1
64257,0
64258,1
64259,1
64260,1
64261,1
64262,1
64263,1
64264,1
64265,0
64266,0
64267,0
64268,0
64269,1
64270,1
64271,1
64272,0
64273,0
64274,0
64275,0
64276,1
64277,1
64278,0
64279,1
64280,1
64281,0
64282,1
64283,0
64284,1
64285,0
64286,1
64287,1
64288,1
64289,1
64290,1
64291,1
64292,0
64293,0
64294,1
64295,1
64296,1
64297,1
64298,0
64299,1
64300,0
64301,0
64302,1
64303,1
64304,0
64305,1
64306,1
64307,1
64308,0
64309,1
64310,0
64311,0
64312,1
64313,0
64314,0
64315,1
64316,0
64317,0
64318,1
64319,1
64320,1
64321,0
64322,0
64323,1
64324,1
64325,1
64326,1
64327,1
64328,0
64329,1
64330,1
64331,1
64332,0
64333,0
64334,1
64335,1
64336,1
64337,0
64338,1
64339,1
64340,1
64341,0
64342,1
64343,1
64344,1
64345,1
64346,0
64347,1
64348,1
64349,0
64350,1
64351,0
64352,0
64353,1
64354,1
64355,1
64356,0
64357,1
64358,0
64359,0
64360,0
64361,1
64362,0
64363,0
64364,1
64365,1
64366,0
64367,1
64368,1
64369,0
64370,1
64371,1
64372,1
64373,1
64374,0
64375,1
64376,0
64377,1
64378,0
64379,1
64380,1
64381,0
64382,0
64383,0
64384,0
64385,0
64386,0
64387,0
64388,0
64389,1
64390,1
64391,1
64392,0
64393,0
64394,0
64395,1
64396,1
64397,1
64398,0
64399,0
64400,1
64401,0
64402,0
64403,0
64404,1
64405,0
64406,0
64407,0
64408,1
64409,1
64410,0
64411,1
64412,1
64413,1
64414,0
64415,0
64416,0
64417,0
64418,0
64419,1
64420,1
64421,0
64422,1
64423,1
64424,1
64425,0
64426,0
64427,1
64428,0
64429,1
64430,1
64431,1
64432,0
64433,0
64434,1
64435,0
64436,1
64437,0
64438,1
64439,1
64440,0
64441,1
64442,1
64443,0
64444,0
64445,0
64446,1
64447,0
64448,1
64449,0
64450,1
64451,0
64452,1
64453,0
64454,1
64455,0
64456,0
64457,1
64458,1
64459,0
64460,0
64461,0
64462,1
64463,0
64464,1
64465,1
64466,0
64467,0
64468,1
64469,0
64470,0
64471,0
64472,1
64473,1
64474,0
64475,1
64476,1
64477,1
64478,1
64479,0
64480,0
64481,1
64482,0
64483,1
64484,1
64485,0
64486,0
64487,0
64488,1
64489,1
64490,0
64491,1
64492,0
64493,0
64494,0
64495,1
64496,1
64497,0
64498,0
64499,1
64500,0
64501,1
64502,1
64503,0
64504,1
64505,1
64506,1
64507,0
64508,1
64509,0
64510,0
64511,0
64512,1
64513,0
64514,1
64515,1
64516,0
64517,0
64518,0
64519,0
64520,1
64521,0
64522,1
64523,0
64524,1
64525,0
64526,1
64527,0
64528,1
64529,1
64530,0
64531,1
64532,1
64533,0
64534,1
64535,1
64536,0
64537,1
64538,1
64539,0
64540,1
64541,0
64542,0
64543,1
64544,0
64545,0
64546,1
64547,0
64548,0
64549,1
64550,0
64551,0
64552,1
64553,1
64554,0
64555,1
64556,1
64557,0
64558,0
64559,0
64560,1
64561,0
64562,0
64563,1
64564,0
64565,0
64566,0
64567,1
64568,0
64569,0
64570,1
64571,1
64572,0
64573,1
64574,1
64575,0
64576,0
64577,0
64578,1
64579,0
64580,1
64581,0
64582,0
64583,0
64584,1
64585,1
64586,0
64587,1
64588,1
64589,0
64590,0
64591,0
64592,0
64593,0
64594,1
64595,0
64596,1
64597,1
64598,0
64599,1
64600,1
64601,0
64602,0
64603,0
64604,1
64605,0
64606,1
64607,1
64608,0
64609,0
64610,0
64611,1
64612,1
64613,0
64614,0
64615,0
64616,0
64617,1
64618,1
64619,0
64620,0
64621,1
64622,1
64623,0
64624,1
64625,1
64626,0
64627,0
64628,0
64629,0
64630,0
64631,1
64632,1
64633,0
64634,1
64635,1
64636,0
64637,0
64638,1
64639,0
64640,1
64641,1
64642,0
64643,1
64644,1
64645,1
64646,1
64647,0
64648,1
64649,1
64650,0
64651,1
64652,1
64653,0
64654,0
64655,0
64656,1
64657,0
64658,0
64659,0
64660,0
64661,1
64662,1
64663,0
64664,0
64665,0
64666,1
64667,0
64668,1
64669,0
64670,1
64671,1
64672,0
64673,0
64674,1
64675,0
64676,1
64677,1
64678,0
64679,1
64680,1
64681,0
64682,1
64683,0
64684,0
64685,1
64686,1
64687,1
64688,0
64689,0
64690,1
64691,1
64692,0
64693,1
64694,1
64695,1
64696,1
64697,1
64698,1
64699,1
64700,0
64701,0
64702,0
64703,1
64704,0
64705,0
64706,0
64707,1
64708,1
64709,1
64710,1
64711,1
64712,0
64713,0
64714,1
64715,1
64716,1
64717,1
64718,0
64719,1
64720,0
64721,1
64722,1
64723,1
64724,0
64725,1
64726,0
64727,0
64728,0
64729,0
64730,0
64731,1
64732,1
64733,1
64734,1
64735,0
64736,0
64737,0
64738,1
64739,1
64740,1
64741,1
64742,1
64743,0
64744,0
64745,0
64746,0
64747,0
64748,1
64749,1
64750,0
64751,0
64752,1
64753,0
64754,0
64755,1
64756,0
64757,0
64758,1
64759,1
64760,0
64761,0
64762,0
64763,1
64764,0
64765,1
64766,1
64767,1
64768,0
64769,1
64770,1
64771,1
64772,1
64773,1
64774,0
64775,0
64776,0
64777,1
64778,0
64779,0
64780,0
64781,1
64782,0
64783,0
64784,0
64785,0
64786,1
64787,0
64788,1
64789,1
64790,1
64791,0
64792,1
64793,0
64794,1
64795,0
64796,0
64797,1
64798,1
64799,1
64800,0
64801,1
64802,1
64803,1
64804,1
64805,0
64806,1
64807,1
64808,1
64809,1
64810,1
64811,1
64812,0
64813,1
64814,1
64815,0
64816,1
64817,1
64818,1
64819,0
64820,1
64821,1
64822,1
64823,0
64824,1
64825,0
64826,1
64827,1
64828,0
64829,0
64830,0
64831,1
64832,0
64833,1
64834,0
64835,0
64836,1
64837,1
64838,1
64839,1
64840,0
64841,0
64842,1
64843,1
64844,1
64845,0
64846,1
64847,0
64848,0
64849,0
64850,1
64851,1
64852,0
64853,1
64854,1
64855,0
64856,1
64857,1
64858,0
64859,1
64860,1
64861,0
64862,0
64863,0
64864,1
64865,0
64866,1
64867,1
64868,1
64869,1
64870,0
64871,0
64872,1
64873,1
64874,1
64875,1
64876,1
64877,0
64878,1
64879,0
64880,1
64881,1
64882,0
64883,1
64884,0
64885,0
64886,1
64887,0
64888,1
64889,0
64890,1
64891,1
64892,1
64893,1
64894,1
64895,0
64896,1
64897,1
64898,0
64899,0
64900,0
64901,1
64902,1
64903,1
64904,0
64905,0
64906,1
64907,1
64908,1
64909,1
64910,0
64911,1
64912,1
64913,0
64914,0
64915,0
64916,1
64917,0
64918,0
64919,1
64920,0
64921,0
64922,1
64923,1
64924,0
64925,1
64926,0
64927,1
64928,0
64929,1
64930,0
64931,1
64932,0
64933,0
64934,0
64935,1
64936,1
64937,0
64938,0
64939,1
64940,0
64941,1
64942,1
64943,0
64944,1
64945,1
64946,0
64947,1
64948,1
64949,1
64950,1
64951,0
64952,0
64953,1
64954,1
64955,1
64956,0
64957,0
64958,1
64959,0
64960,1
64961,1
64962,0
64963,0
64964,0
64965,1
64966,1
64967,0
64968,0
64969,1
64970,1
64971,0
64972,0
64973,0
64974,0
64975,0
64976,0
64977,0
64978,1
64979,0
64980,0
64981,1
64982,0
64983,0
64984,1
64985,0
64986,1
64987,0
64988,1
64989,1
64990,0
64991,0
64992,1
64993,1
64994,0
64995,0
64996,0
64997,1
64998,0
64999,1
65000,1
65001,1
65002,0
65003,1
65004,0
65005,0
65006,0
65007,1
65008,1
65009,0
65010,0
65011,1
65012,1
65013,0
65014,0
65015,0
65016,1
65017,1
65018,1
65019,1
65020,1
65021,0
65022,1
65023,1
65024,1
65025,0
65026,1
65027,1
65028,0
65029,0
65030,0
65031,1
65032,1
65033,1
65034,0
65035,0
65036,1
65037,0
65038,1
65039,1
65040,0
65041,0
65042,0
65043,1
65044,0
65045,0
65046,0
65047,0
65048,0
65049,0
65050,0
65051,1
65052,0
65053,0
65054,1
65055,1
65056,0
65057,0
65058,0
65059,0
65060,1
65061,0
65062,1
65063,0
65064,0
65065,0
65066,1
65067,1
65068,1
65069,1
65070,1
65071,1
65072,0
65073,1
65074,1
65075,0
65076,0
65077,0
65078,1
65079,1
65080,0
65081,0
65082,1
65083,1
65084,1
65085,1
65086,0
65087,0
65088,1
65089,0
65090,0
65091,0
65092,0
65093,1
65094,0
65095,0
65096,0
65097,1
65098,1
65099,1
65100,1
65101,0
65102,1
65103,0
65104,1
65105,1
65106,0
65107,1
65108,1
65109,0
65110,0
65111,0
65112,1
65113,1
65114,0
65115,1
65116,0
65117,1
65118,1
65119,1
65120,1
65121,0
65122,0
65123,1
65124,1
65125,0
65126,0
65127,0
65128,1
65129,1
65130,0
65131,0
65132,1
65133,0
65134,1
65135,0
65136,1
65137,1
65138,0
65139,1
65140,1
65141,1
65142,1
65143,0
65144,0
65145,1
65146,0
65147,1
65148,1
65149,0
65150,1
65151,0
65152,0
65153,0
65154,0
65155,1
65156,0
65157,0
65158,1
65159,0
65160,1
65161,1
65162,1
65163,1
65164,0
65165,0
65166,1
65167,1
65168,0
65169,0
65170,0
65171,0
65172,1
65173,1
65174,0
65175,0
65176,0
65177,1
65178,0
65179,0
65180,0
65181,1
65182,0
65183,1
65184,1
65185,1
65186,0
65187,1
65188,0
65189,1
65190,0
65191,1
65192,0
65193,1
65194,0
65195,1
65196,0
65197,1
65198,0
65199,0
65200,1
65201,1
65202,1
65203,0
65204,0
65205,0
65206,0
65207,0
65208,0
65209,1
65210,1
65211,0
65212,1
65213,0
65214,0
65215,1
65216,0
65217,1
65218,0
65219,1
65220,1
65221,1
65222,1
65223,0
65224,0
65225,1
65226,0
65227,0
65228,1
65229,0
65230,0
65231,0
65232,0
65233,1
65234,1
65235,1
65236,0
65237,1
65238,1
65239,0
65240,1
65241,1
65242,1
65243,1
65244,1
65245,0
65246,0
65247,1
65248,1
65249,1
65250,1
65251,0
65252,0
65253,1
65254,1
65255,1
65256,0
65257,0
65258,1
65259,1
65260,0
65261,0
65262,0
65263,1
65264,1
65265,0
65266,1
65267,1
65268,1
65269,1
65270,0
65271,1
65272,1
65273,0
65274,1
65275,0
65276,1
65277,1
65278,1
65279,1
65280,0
65281,0
65282,1
65283,0
65284,1
65285,0
65286,1
65287,0
65288,0
65289,1
65290,1
65291,0
65292,0
65293,1
65294,1
65295,1
65296,1
65297,0
65298,1
65299,0
65300,0
65301,1
65302,1
65303,1
65304,1
65305,0
65306,0
65307,0
65308,0
65309,0
65310,1
65311,0
65312,0
65313,0
65314,0
65315,1
65316,1
65317,0
65318,1
65319,0
65320,1
65321,1
65322,1
65323,0
65324,1
65325,0
65326,0
65327,0
65328,1
65329,0
65330,0
65331,0
65332,0
65333,1
65334,0
65335,1
65336,0
65337,0
65338,0
65339,1
65340,1
65341,0
65342,0
65343,0
65344,0
65345,1
65346,1
65347,0
65348,1
65349,0
65350,1
65351,0
65352,1
65353,0
65354,0
65355,0
65356,1
65357,0
65358,1
65359,0
65360,1
65361,1
65362,0
65363,1
65364,1
65365,1
65366,0
65367,1
65368,0
65369,1
65370,1
65371,0
65372,1
65373,1
65374,1
65375,1
65376,1
65377,0
65378,1
65379,1
65380,1
65381,1
65382,1
65383,0
65384,1
65385,1
65386,0
65387,0
65388,0
65389,0
65390,1
65391,1
65392,1
65393,1
65394,1
65395,0
65396,0
65397,1
65398,1
65399,0
65400,0
65401,0
65402,1
65403,0
65404,1
65405,1
65406,1
65407,0
65408,0
65409,1
65410,1
65411,1
65412,0
65413,1
65414,1
65415,1
65416,1
65417,1
65418,1
65419,0
65420,1
65421,0
65422,0
65423,0
65424,0
65425,1
65426,1
65427,1
65428,1
65429,1
65430,0
65431,0
65432,1
65433,1
65434,1
65435,0
65436,1
65437,0
65438,0
65439,1
65440,1
65441,0
65442,1
65443,0
65444,0
65445,1
65446,0
65447,1
65448,1
65449,0
65450,1
65451,0
65452,0
65453,1
65454,0
65455,0
65456,1
65457,0
65458,0
65459,1
65460,0
65461,0
65462,1
65463,1
65464,0
65465,1
65466,1
65467,0
65468,0
65469,0
65470,0
65471,0
65472,0
65473,1
65474,1
65475,1
65476,1
65477,0
65478,0
65479,1
65480,1
65481,0
65482,0
65483,0
65484,0
65485,1
65486,1
65487,1
65488,0
65489,0
65490,0
65491,1
65492,0
65493,0
65494,0
65495,0
65496,0
65497,1
65498,1
65499,1
65500,1
65501,0
65502,0
65503,0
65504,0
65505,1
65506,1
65507,0
65508,1
65509,1
65510,0
65511,1
65512,0
65513,0
65514,1
65515,0
65516,0
65517,1
65518,0
65519,0
65520,1
65521,0
65522,0
65523,0
65524,0
65525,1
65526,1
65527,1
65528,0
65529,0
65530,1
65531,0
65532,1
65533,1
65534,0
65535,0
65536,0
65537,0
65538,0
65539,0
65540,1
65541,1
65542,1
65543,1
65544,1
65545,0
65546,1
65547,0
65548,1
65549,1
65550,1
65551,1
65552,1
65553,1
65554,0
65555,1
65556,0
65557,0
65558,0
65559,1
65560,1
65561,1
65562,0
65563,0
65564,0
65565,1
65566,1
65567,1
65568,0
65569,1
65570,0
65571,1
65572,0
65573,0
65574,0
65575,1
65576,0
65577,0
65578,0
65579,1
65580,0
65581,0
65582,0
65583,1
65584,0
65585,0
65586,1
65587,0
65588,0
65589,0
65590,1
65591,1
65592,1
65593,0
65594,1
65595,1
65596,0
65597,0
65598,0
65599,0
65600,1
65601,0
65602,0
65603,0
65604,0
65605,0
65606,1
65607,1
65608,1
65609,1
65610,0
65611,1
65612,1
65613,0
65614,0
65615,0
65616,1
65617,1
65618,0
65619,1
65620,0
65621,1
65622,1
65623,1
65624,0
65625,1
65626,1
65627,1
65628,1
65629,0
65630,1
65631,0
65632,0
65633,0
65634,1
65635,0
65636,0
65637,0
65638,1
65639,1
65640,0
65641,0
65642,1
65643,1
65644,1
65645,1
65646,1
65647,0
65648,0
65649,1
65650,1
65651,0
65652,0
65653,0
65654,0
65655,1
65656,0
65657,0
65658,1
65659,1
65660,1
65661,1
65662,1
65663,1
65664,1
65665,1
65666,1
65667,0
65668,1
65669,1
65670,0
65671,0
65672,1
65673,0
65674,0
65675,1
65676,1
65677,0
65678,0
65679,1
65680,1
65681,0
65682,1
65683,0
65684,1
65685,1
65686,1
65687,0
65688,1
65689,0
65690,0
65691,1
65692,0
65693,0
65694,1
65695,1
65696,1
65697,0
65698,1
65699,1
65700,0
65701,1
65702,0
65703,1
65704,1
65705,0
65706,1
65707,1
65708,0
65709,1
65710,1
65711,1
65712,0
65713,1
65714,1
65715,0
65716,0
65717,1
65718,1
65719,0
65720,1
65721,1
65722,0
65723,0
65724,0
65725,0
65726,1
65727,1
65728,1
65729,0
65730,0
65731,1
65732,1
65733,0
65734,0
65735,1
65736,1
65737,0
65738,0
65739,1
65740,0
65741,0
65742,1
65743,0
65744,1
65745,0
65746,1
65747,1
65748,1
65749,1
65750,0
65751,0
65752,0
65753,1
65754,1
65755,0
65756,1
65757,1
65758,1
65759,0
65760,0
65761,0
65762,1
65763,1
65764,1
65765,0
65766,0
65767,1
65768,0
65769,1
65770,1
65771,0
65772,0
65773,0
65774,0
65775,0
65776,1
65777,0
65778,0
65779,1
65780,1
65781,0
65782,0
65783,1
65784,1
65785,0
65786,1
65787,1
65788,1
65789,0
65790,0
65791,1
65792,0
65793,1
65794,1
65795,1
65796,0
65797,0
65798,0
65799,0
65800,1
65801,1
65802,0
65803,1
65804,0
65805,0
65806,1
65807,0
65808,0
65809,1
65810,1
65811,0
65812,1
65813,1
65814,0
65815,0
65816,0
65817,1
65818,0
65819,0
65820,1
65821,0
65822,0
65823,0
65824,1
65825,1
65826,0
65827,0
65828,0
65829,1
65830,1
65831,1
65832,0
65833,0
65834,1
65835,0
65836,1
65837,0
65838,0
65839,0
65840,0
65841,1
65842,1
65843,1
65844,0
65845,1
65846,0
65847,0
65848,0
65849,1
65850,1
65851,1
65852,1
65853,1
65854,0
65855,0
65856,1
65857,0
65858,1
65859,0
65860,0
65861,0
65862,1
65863,1
65864,0
65865,1
65866,1
65867,1
65868,1
65869,0
65870,1
65871,1
65872,1
65873,1
65874,1
65875,0
65876,1
65877,0
65878,1
65879,0
65880,1
65881,0
65882,0
65883,1
65884,1
65885,1
65886,1
65887,1
65888,1
65889,0
65890,0
65891,1
65892,0
65893,0
65894,0
65895,0
65896,1
65897,1
65898,1
65899,0
65900,0
65901,1
65902,0
65903,0
65904,1
65905,1
65906,1
65907,1
65908,1
65909,1
65910,0
65911,0
65912,0
65913,1
65914,0
65915,1
65916,1
65917,0
65918,0
65919,0
65920,1
65921,1
65922,0
65923,1
65924,1
65925,0
65926,1
65927,1
65928,0
65929,1
65930,0
65931,0
65932,0
65933,0
65934,0
65935,1
65936,0
65937,1
65938,0
65939,0
65940,0
65941,1
65942,1
65943,0
65944,0
65945,0
65946,0
65947,1
65948,0
65949,1
65950,0
65951,1
65952,1
65953,1
65954,0
65955,0
65956,1
65957,0
65958,0
65959,1
65960,0
65961,0
65962,1
65963,1
65964,0
65965,1
65966,0
65967,1
65968,1
65969,1
65970,0
65971,0
65972,1
65973,0
65974,1
65975,1
65976,1
65977,0
65978,1
65979,0
65980,0
65981,0
65982,0
65983,1
65984,1
65985,1
65986,1
65987,1
65988,1
65989,0
65990,1
65991,0
65992,0
65993,1
65994,0
65995,0
65996,0
65997,1
65998,0
65999,0
66000,1
66001,0
66002,0
66003,1
66004,0
66005,0
66006,0
66007,1
66008,0
66009,0
66010,1
66011,1
66012,1
66013,1
66014,0
66015,1
66016,0
66017,0
66018,1
66019,1
66020,1
66021,1
66022,1
66023,0
66024,1
66025,1
66026,0
66027,1
66028,0
66029,1
66030,0
66031,0
66032,1
66033,1
66034,0
66035,1
66036,0
66037,0
66038,0
66039,1
66040,1
66041,1
66042,0
66043,0
66044,1
66045,1
66046,0
66047,1
66048,1
66049,1
66050,0
66051,0
66052,0
66053,1
66054,0
66055,1
66056,1
66057,0
66058,0
66059,0
66060,1
66061,1
66062,1
66063,1
66064,0
66065,0
66066,0
66067,0
66068,0
66069,0
66070,0
66071,0
66072,0
66073,1
66074,1
66075,1
66076,1
66077,0
66078,1
66079,0
66080,0
66081,0
66082,1
66083,1
66084,1
66085,0
66086,1
66087,0
66088,0
66089,0
66090,1
66091,1
66092,0
66093,1
66094,1
66095,0
66096,1
66097,1
66098,1
66099,1
66100,0
66101,1
66102,0
66103,0
66104,0
66105,1
66106,1
66107,0
66108,1
66109,1
66110,0
66111,1
66112,0
66113,1
66114,1
66115,1
66116,1
66117,0
66118,1
66119,0
66120,0
66121,0
66122,1
66123,1
66124,1
66125,0
66126,0
66127,0
66128,0
66129,1
66130,0
66131,0
66132,1
66133,0
66134,1
66135,0
66136,0
66137,0
66138,1
66139,0
66140,0
66141,0
66142,1
66143,1
66144,1
66145,0
66146,0
66147,0
66148,1
66149,1
66150,1
66151,1
66152,0
66153,1
66154,0
66155,1
66156,0
66157,0
66158,1
66159,0
66160,1
66161,0
66162,0
66163,1
66164,1
66165,0
66166,0
66167,0
66168,1
66169,1
66170,1
66171,1
66172,0
66173,0
66174,0
66175,0
66176,1
66177,0
66178,1
66179,1
66180,1
66181,0
66182,0
66183,1
66184,1
66185,1
66186,0
66187,0
66188,1
66189,1
66190,0
66191,1
66192,1
66193,0
66194,0
66195,0
66196,0
66197,1
66198,0
66199,0
66200,1
66201,0
66202,0
66203,0
66204,1
66205,1
66206,1
66207,0
66208,1
66209,1
66210,1
66211,1
66212,0
66213,0
66214,1
66215,0
66216,0
66217,0
66218,0
66219,0
66220,0
66221,0
66222,1
66223,0
66224,0
66225,1
66226,1
66227,1
66228,0
66229,1
66230,0
66231,0
66232,1
66233,0
66234,1
66235,1
66236,1
66237,0
66238,1
66239,0
66240,0
66241,0
66242,0
66243,1
66244,0
66245,0
66246,0
66247,1
66248,0
66249,0
66250,1
66251,1
66252,1
66253,1
66254,0
66255,0
66256,0
66257,1
66258,1
66259,1
66260,0
66261,0
66262,1
66263,0
66264,1
66265,1
66266,0
66267,0
66268,1
66269,0
66270,0
66271,0
66272,0
66273,1
66274,0
66275,1
66276,1
66277,0
66278,0
66279,0
66280,1
66281,1
66282,1
66283,1
66284,1
66285,0
66286,0
66287,0
66288,0
66289,0
66290,0
66291,0
66292,1
66293,1
66294,0
66295,1
66296,0
66297,0
66298,1
66299,1
66300,1
66301,1
66302,0
66303,1
66304,1
66305,0
66306,0
66307,0
66308,1
66309,1
66310,0
66311,1
66312,0
66313,1
66314,0
66315,0
66316,1
66317,0
66318,0
66319,0
66320,0
66321,0
66322,1
66323,1
66324,1
66325,1
66326,1
66327,1
66328,0
66329,0
66330,0
66331,1
66332,0
66333,1
66334,1
66335,0
66336,0
66337,1
66338,0
66339,1
66340,1
66341,0
66342,1
66343,1
66344,0
66345,1
66346,0
66347,0
66348,1
66349,1
66350,0
66351,1
66352,1
66353,0
66354,0
66355,1
66356,0
66357,1
66358,1
66359,0
66360,1
66361,1
66362,0
66363,0
66364,0
66365,0
66366,1
66367,1
66368,1
66369,0
66370,1
66371,0
66372,1
66373,0
66374,0
66375,0
66376,0
66377,1
66378,1
66379,1
66380,0
66381,0
66382,0
66383,1
66384,0
66385,0
66386,1
66387,1
66388,1
66389,0
66390,1
66391,1
66392,0
66393,1
66394,0
66395,0
66396,0
66397,1
66398,1
66399,1
66400,0
66401,0
66402,1
66403,0
66404,1
66405,1
66406,1
66407,0
66408,0
66409,1
66410,1
66411,1
66412,0
66413,1
66414,1
66415,0
66416,1
66417,1
66418,1
66419,1
66420,1
66421,0
66422,1
66423,1
66424,0
66425,0
66426,1
66427,1
66428,1
66429,1
66430,0
66431,0
66432,1
66433,0
66434,1
66435,1
66436,0
66437,0
66438,1
66439,1
66440,0
66441,0
66442,0
66443,0
66444,0
66445,0
66446,1
66447,1
66448,1
66449,1
66450,0
66451,1
66452,0
66453,1
66454,0
66455,0
66456,0
66457,0
66458,1
66459,0
66460,1
66461,0
66462,1
66463,0
66464,1
66465,1
66466,1
66467,0
66468,0
66469,0
66470,1
66471,1
66472,1
66473,0
66474,0
66475,0
66476,1
66477,1
66478,0
66479,1
66480,1
66481,1
66482,0
66483,1
66484,0
66485,0
66486,0
66487,0
66488,0
66489,1
66490,0
66491,1
66492,0
66493,0
66494,1
66495,0
66496,0
66497,0
66498,1
66499,0
66500,1
66501,1
66502,0
66503,0
66504,1
66505,1
66506,1
66507,0
66508,0
66509,1
66510,1
66511,0
66512,1
66513,1
66514,0
66515,1
66516,0
66517,0
66518,0
66519,0
66520,0
66521,1
66522,1
66523,0
66524,0
66525,0
66526,0
66527,0
66528,1
66529,0
66530,0
66531,0
66532,0
66533,0
66534,0
66535,0
66536,1
66537,1
66538,1
66539,0
66540,1
66541,0
66542,1
66543,1
66544,0
66545,1
66546,1
66547,1
66548,0
66549,1
66550,0
66551,0
66552,1
66553,1
66554,1
66555,0
66556,0
66557,0
66558,0
66559,0
66560,1
66561,1
66562,0
66563,1
66564,1
66565,0
66566,0
66567,0
66568,1
66569,0
66570,0
66571,1
66572,0
66573,1
66574,0
66575,1
66576,1
66577,1
66578,1
66579,0
66580,1
66581,0
66582,1
66583,0
66584,0
66585,1
66586,0
66587,1
66588,0
66589,1
66590,0
66591,1
66592,0
66593,0
66594,1
66595,1
66596,1
66597,0
66598,1
66599,0
66600,0
66601,0
66602,1
66603,1
66604,0
66605,1
66606,0
66607,0
66608,1
66609,0
66610,0
66611,1
66612,1
66613,0
66614,0
66615,0
66616,0
66617,0
66618,1
66619,1
66620,1
66621,1
66622,1
66623,0
66624,1
66625,1
66626,0
66627,0
66628,0
66629,1
66630,0
66631,0
66632,0
66633,1
66634,0
66635,1
66636,0
66637,1
66638,0
66639,0
66640,0
66641,1
66642,0
66643,1
66644,0
66645,0
66646,0
66647,1
66648,0
66649,0
66650,0
66651,1
66652,0
66653,0
66654,1
66655,1
66656,1
66657,0
66658,0
66659,1
66660,1
66661,0
66662,1
66663,1
66664,0
66665,0
66666,1
66667,0
66668,0
66669,0
66670,0
66671,0
66672,1
66673,1
66674,0
66675,0
66676,1
66677,0
66678,0
66679,0
66680,0
66681,0
66682,0
66683,1
66684,1
66685,0
66686,0
66687,0
66688,1
66689,1
66690,0
66691,0
66692,1
66693,1
66694,1
66695,1
66696,1
66697,0
66698,0
66699,0
66700,0
66701,0
66702,1
66703,0
66704,1
66705,0
66706,1
66707,1
66708,0
66709,1
66710,1
66711,0
66712,1
66713,0
66714,1
66715,1
66716,1
66717,0
66718,1
66719,1
66720,1
66721,1
66722,1
66723,0
66724,0
66725,1
66726,0
66727,1
66728,0
66729,0
66730,0
66731,1
66732,1
66733,1
66734,1
66735,1
66736,1
66737,0
66738,1
66739,1
66740,1
66741,1
66742,1
66743,0
66744,1
66745,1
66746,1
66747,0
66748,1
66749,0
66750,0
66751,1
66752,1
66753,0
66754,1
66755,0
66756,1
66757,0
66758,1
66759,0
66760,0
66761,1
66762,1
66763,0
66764,0
66765,1
66766,0
66767,0
66768,0
66769,1
66770,0
66771,1
66772,0
66773,0
66774,1
66775,1
66776,0
66777,1
66778,1
66779,0
66780,1
66781,1
66782,1
66783,0
66784,1
66785,0
66786,1
66787,1
66788,1
66789,0
66790,0
66791,1
66792,0
66793,0
66794,0
66795,1
66796,0
66797,0
66798,0
66799,1
66800,1
66801,1
66802,0
66803,0
66804,0
66805,0
66806,1
66807,0
66808,0
66809,0
66810,1
66811,1
66812,0
66813,1
66814,0
66815,0
66816,0
66817,1
66818,1
66819,0
66820,1
66821,1
66822,1
66823,1
66824,1
66825,0
66826,0
66827,1
66828,0
66829,0
66830,0
66831,1
66832,0
66833,1
66834,0
66835,0
66836,1
66837,0
66838,0
66839,1
66840,1
66841,0
66842,0
66843,0
66844,0
66845,1
66846,1
66847,1
66848,1
66849,1
66850,1
66851,0
66852,0
66853,0
66854,0
66855,1
66856,0
66857,1
66858,0
66859,0
66860,0
66861,0
66862,0
66863,1
66864,0
66865,0
66866,0
66867,1
66868,0
66869,0
66870,1
66871,0
66872,1
66873,1
66874,0
66875,1
66876,1
66877,1
66878,0
66879,1
66880,0
66881,1
66882,1
66883,0
66884,0
66885,0
66886,0
66887,1
66888,0
66889,0
66890,0
66891,1
66892,0
66893,1
66894,0
66895,0
66896,1
66897,0
66898,1
66899,0
66900,1
66901,0
66902,0
66903,1
66904,1
66905,1
66906,0
66907,0
66908,1
66909,1
66910,0
66911,1
66912,0
66913,1
66914,1
66915,0
66916,1
66917,0
66918,0
66919,0
66920,1
66921,1
66922,1
66923,0
66924,1
66925,0
66926,0
66927,0
66928,1
66929,1
66930,1
66931,0
66932,0
66933,0
66934,1
66935,1
66936,1
66937,0
66938,1
66939,1
66940,1
66941,0
66942,0
66943,0
66944,0
66945,0
66946,0
66947,1
66948,0
66949,1
66950,1
66951,1
66952,0
66953,0
66954,1
66955,1
66956,0
66957,0
66958,0
66959,0
66960,1
66961,0
66962,1
66963,0
66964,0
66965,1
66966,1
66967,0
66968,1
66969,1
66970,1
66971,1
66972,0
66973,0
66974,1
66975,0
66976,1
66977,1
66978,1
66979,0
66980,0
66981,1
66982,1
66983,0
66984,0
66985,0
66986,0
66987,1
66988,1
66989,0
66990,1
66991,0
66992,1
66993,1
66994,0
66995,1
66996,1
66997,1
66998,1
66999,1
67000,1
67001,0
67002,0
67003,0
67004,0
67005,0
67006,1
67007,0
67008,0
67009,1
67010,0
67011,1
67012,0
67013,0
67014,1
67015,0
67016,1
67017,1
67018,0
67019,0
67020,0
67021,1
67022,0
67023,0
67024,0
67025,0
67026,1
67027,1
67028,0
67029,0
67030,0
67031,0
67032,0
67033,1
67034,0
67035,1
67036,1
67037,1
67038,0
67039,0
67040,1
67041,0
67042,0
67043,0
67044,0
67045,1
67046,0
67047,1
67048,1
67049,1
67050,0
67051,0
67052,0
67053,1
67054,0
67055,1
67056,0
67057,0
67058,0
67059,1
67060,1
67061,1
67062,0
67063,1
67064,0
67065,1
67066,1
67067,0
67068,1
67069,0
67070,0
67071,1
67072,0
67073,0
67074,0
67075,1
67076,1
67077,1
67078,0
67079,0
67080,0
67081,0
67082,0
67083,1
67084,1
67085,1
67086,0
67087,1
67088,1
67089,0
67090,0
67091,0
67092,0
67093,0
67094,1
67095,1
67096,1
67097,0
67098,0
67099,0
67100,0
67101,0
67102,0
67103,0
67104,1
67105,1
67106,0
67107,1
67108,1
67109,0
67110,0
67111,1
67112,1
67113,0
67114,1
67115,1
67116,1
67117,0
67118,0
67119,0
67120,1
67121,1
67122,1
67123,1
67124,1
67125,0
67126,0
67127,0
67128,0
67129,1
67130,1
67131,1
67132,1
67133,0
67134,1
67135,0
67136,1
67137,0
67138,1
67139,0
67140,0
67141,1
67142,0
67143,1
67144,0
67145,1
67146,0
67147,1
67148,0
67149,1
67150,1
67151,0
67152,0
67153,0
67154,0
67155,1
67156,1
67157,1
67158,0
67159,1
67160,0
67161,1
67162,1
67163,0
67164,1
67165,0
67166,1
67167,1
67168,0
67169,1
67170,1
67171,0
67172,1
67173,0
67174,0
67175,1
67176,0
67177,1
67178,1
67179,0
67180,1
67181,1
67182,1
67183,0
67184,0
67185,1
67186,1
67187,1
67188,1
67189,1
67190,0
67191,1
67192,0
67193,0
67194,1
67195,1
67196,1
67197,0
67198,0
67199,1
67200,1
67201,1
67202,1
67203,0
67204,1
67205,0
67206,0
67207,1
67208,0
67209,0
67210,0
67211,1
67212,1
67213,0
67214,0
67215,0
67216,0
67217,1
67218,0
67219,0
67220,1
67221,0
67222,1
67223,0
67224,0
67225,1
67226,1
67227,0
67228,1
67229,1
67230,1
67231,1
67232,1
67233,1
67234,1
67235,0
67236,1
67237,1
67238,1
67239,0
67240,1
67241,0
67242,1
67243,1
67244,0
67245,0
67246,1
67247,1
67248,0
67249,0
67250,0
67251,1
67252,1
67253,0
67254,1
67255,1
67256,1
67257,0
67258,0
67259,0
67260,1
67261,1
67262,0
67263,1
67264,1
67265,0
67266,0
67267,0
67268,0
67269,1
67270,0
67271,1
67272,0
67273,0
67274,0
67275,0
67276,0
67277,0
67278,1
67279,1
67280,0
67281,1
67282,0
67283,0
67284,1
67285,0
67286,0
67287,1
67288,1
67289,0
67290,0
67291,1
67292,1
67293,0
67294,0
67295,0
67296,1
67297,1
67298,1
67299,1
67300,0
67301,1
67302,1
67303,1
67304,0
67305,0
67306,0
67307,1
67308,1
67309,0
67310,1
67311,1
67312,1
67313,1
67314,0
67315,0
67316,0
67317,1
67318,0
67319,0
67320,0
67321,1
67322,1
67323,0
67324,1
67325,0
67326,1
67327,0
67328,1
67329,1
67330,1
67331,1
67332,1
67333,0
67334,1
67335,0
67336,1
67337,0
67338,0
67339,0
67340,0
67341,0
67342,1
67343,1
67344,1
67345,1
67346,0
67347,1
67348,1
67349,1
67350,0
67351,1
67352,1
67353,0
67354,1
67355,0
67356,0
67357,1
67358,1
67359,1
67360,0
67361,1
67362,0
67363,1
67364,1
67365,0
67366,1
67367,1
67368,1
67369,1
67370,1
67371,0
67372,0
67373,1
67374,1
67375,0
67376,1
67377,1
67378,0
67379,0
67380,0
67381,1
67382,0
67383,1
67384,0
67385,1
67386,1
67387,0
67388,1
67389,1
67390,0
67391,0
67392,0
67393,0
67394,0
67395,0
67396,0
67397,1
67398,0
67399,1
67400,0
67401,1
67402,0
67403,0
67404,1
67405,1
67406,0
67407,1
67408,1
67409,0
67410,0
67411,1
67412,0
67413,0
67414,0
67415,1
67416,0
67417,1
67418,1
67419,1
67420,0
67421,1
67422,0
67423,0
67424,0
67425,1
67426,0
67427,0
67428,0
67429,1
67430,1
67431,0
67432,0
67433,0
67434,0
67435,0
67436,0
67437,0
67438,0
67439,1
67440,0
67441,1
67442,1
67443,1
67444,1
67445,1
67446,0
67447,0
67448,1
67449,1
67450,1
67451,1
67452,0
67453,1
67454,1
67455,0
67456,1
67457,1
67458,1
67459,0
67460,1
67461,1
67462,1
67463,0
67464,0
67465,0
67466,0
67467,0
67468,0
67469,0
67470,1
67471,0
67472,1
67473,0
67474,0
67475,1
67476,0
67477,1
67478,1
67479,0
67480,0
67481,0
67482,0
67483,1
67484,0
67485,0
67486,0
67487,0
67488,1
67489,1
67490,1
67491,0
67492,0
67493,0
67494,0
67495,0
67496,0
67497,1
67498,1
67499,0
67500,1
67501,0
67502,1
67503,0
67504,0
67505,0
67506,1
67507,0
67508,1
67509,1
67510,1
67511,1
67512,1
67513,0
67514,0
67515,1
67516,0
67517,0
67518,1
67519,1
67520,0
67521,1
67522,1
67523,1
67524,0
67525,1
67526,1
67527,1
67528,0
67529,0
67530,1
67531,1
67532,1
67533,0
67534,0
67535,0
67536,1
67537,0
67538,1
67539,0
67540,1
67541,1
67542,1
67543,1
67544,1
67545,0
67546,1
67547,0
67548,0
67549,1
67550,0
67551,1
67552,0
67553,0
67554,1
67555,0
67556,1
67557,0
67558,1
67559,1
67560,0
67561,0
67562,1
67563,1
67564,0
67565,1
67566,0
67567,1
67568,0
67569,0
67570,0
67571,0
67572,0
67573,0
67574,0
67575,0
67576,0
67577,0
67578,1
67579,1
67580,1
67581,1
67582,1
67583,0
67584,1
67585,0
67586,1
67587,0
67588,1
67589,0
67590,1
67591,0
67592,0
67593,0
67594,0
67595,0
67596,0
67597,1
67598,0
67599,0
67600,1
67601,0
67602,1
67603,1
67604,1
67605,0
67606,1
67607,1
67608,0
67609,0
67610,0
67611,0
67612,1
67613,1
67614,1
67615,0
67616,1
67617,0
67618,1
67619,0
67620,0
67621,0
67622,0
67623,1
67624,1
67625,0
67626,0
67627,0
67628,0
67629,1
67630,0
67631,0
67632,1
67633,1
67634,1
67635,0
67636,1
67637,1
67638,0
67639,0
67640,1
67641,0
67642,0
67643,0
67644,1
67645,1
67646,0
67647,0
67648,1
67649,1
67650,1
67651,1
67652,0
67653,1
67654,1
67655,1
67656,0
67657,0
67658,0
67659,1
67660,1
67661,1
67662,1
67663,1
67664,1
67665,1
67666,1
67667,0
67668,1
67669,1
67670,0
67671,0
67672,0
67673,0
67674,0
67675,1
67676,0
67677,0
67678,0
67679,0
67680,0
67681,0
67682,1
67683,1
67684,1
67685,0
67686,0
67687,0
67688,0
67689,0
67690,0
67691,1
67692,1
67693,0
67694,0
67695,1
67696,1
67697,0
67698,0
67699,0
67700,1
67701,1
67702,0
67703,1
67704,1
67705,0
67706,1
67707,1
67708,1
67709,1
67710,1
67711,1
67712,0
67713,0
67714,1
67715,0
67716,1
67717,1
67718,0
67719,1
67720,0
67721,0
67722,0
67723,0
67724,0
67725,1
67726,0
67727,1
67728,1
67729,1
67730,1
67731,0
67732,0
67733,0
67734,1
67735,0
67736,0
67737,0
67738,0
67739,1
67740,0
67741,0
67742,1
67743,1
67744,1
67745,0
67746,1
67747,0
67748,0
67749,0
67750,1
67751,1
67752,1
67753,0
67754,1
67755,1
67756,0
67757,0
67758,1
67759,1
67760,0
67761,1
67762,1
67763,1
67764,0
67765,1
67766,1
67767,0
67768,0
67769,1
67770,0
67771,1
67772,0
67773,0
67774,1
67775,1
67776,1
67777,1
67778,1
67779,1
67780,1
67781,1
67782,0
67783,0
67784,1
67785,0
67786,0
67787,1
67788,0
67789,0
67790,1
67791,1
67792,0
67793,0
67794,0
67795,1
67796,1
67797,0
67798,0
67799,0
67800,0
67801,0
67802,0
67803,1
67804,0
67805,0
67806,1
67807,0
67808,1
67809,1
67810,0
67811,1
67812,0
67813,1
67814,0
67815,0
67816,0
67817,1
67818,1
67819,0
67820,1
67821,1
67822,1
67823,1
67824,1
67825,1
67826,0
67827,1
67828,1
67829,0
67830,0
67831,1
67832,0
67833,1
67834,1
67835,1
67836,1
67837,0
67838,1
67839,0
67840,0
67841,0
67842,1
67843,1
67844,0
67845,1
67846,0
67847,1
67848,0
67849,0
67850,1
67851,0
67852,0
67853,0
67854,0
67855,0
67856,1
67857,1
67858,0
67859,0
67860,0
67861,0
67862,1
67863,0
67864,0
67865,1
67866,1
67867,1
67868,0
67869,1
67870,1
67871,0
67872,0
67873,1
67874,0
67875,0
67876,1
67877,0
67878,1
67879,0
67880,1
67881,0
67882,0
67883,1
67884,1
67885,0
67886,0
67887,0
67888,0
67889,1
67890,1
67891,1
67892,1
67893,0
67894,0
67895,1
67896,1
67897,0
67898,1
67899,0
67900,1
67901,0
67902,1
67903,0
67904,0
67905,0
67906,0
67907,0
67908,1
67909,1
67910,1
67911,1
67912,1
67913,1
67914,0
67915,1
67916,1
67917,1
67918,0
67919,0
67920,0
67921,1
67922,1
67923,0
67924,0
67925,1
67926,1
67927,1
67928,1
67929,1
67930,1
67931,0
67932,1
67933,0
67934,0
67935,0
67936,1
67937,0
67938,1
67939,0
67940,0
67941,0
67942,0
67943,1
67944,0
67945,0
67946,1
67947,1
67948,0
67949,1
67950,0
67951,1
67952,0
67953,0
67954,1
67955,1
67956,0
67957,0
67958,1
67959,0
67960,1
67961,0
67962,1
67963,1
67964,0
67965,1
67966,1
67967,0
67968,1
67969,1
67970,0
67971,1
67972,1
67973,1
67974,0
67975,1
67976,1
67977,0
67978,0
67979,1
67980,0
67981,0
67982,1
67983,0
67984,1
67985,0
67986,0
67987,1
67988,0
67989,0
67990,0
67991,0
67992,0
67993,0
67994,0
67995,1
67996,0
67997,0
67998,0
67999,0
68000,1
68001,1
68002,0
68003,0
68004,0
68005,1
68006,1
68007,1
68008,1
68009,1
68010,1
68011,0
68012,0
68013,0
68014,0
68015,1
68016,0
68017,0
68018,0
68019,1
68020,0
68021,1
68022,1
68023,1
68024,1
68025,0
68026,0
68027,0
68028,1
68029,1
68030,0
68031,1
68032,0
68033,1
68034,0
68035,0
68036,1
68037,0
68038,1
68039,1
68040,1
68041,1
68042,1
68043,1
68044,0
68045,0
68046,0
68047,1
68048,0
68049,1
68050,1
68051,1
68052,0
68053,0
68054,0
68055,0
68056,1
68057,0
68058,0
68059,1
68060,0
68061,0
68062,0
68063,1
68064,0
68065,0
68066,0
68067,0
68068,1
68069,1
68070,0
68071,0
68072,0
68073,0
68074,0
68075,1
68076,0
68077,0
68078,1
68079,0
68080,0
68081,0
68082,0
68083,0
68084,0
68085,1
68086,0
68087,0
68088,0
68089,1
68090,1
68091,1
68092,1
68093,0
68094,1
68095,0
68096,0
68097,0
68098,1
68099,1
68100,1
68101,0
68102,0
68103,0
68104,1
68105,0
68106,1
68107,0
68108,0
68109,1
68110,1
68111,0
68112,0
68113,1
68114,0
68115,0
68116,0
68117,0
68118,0
68119,1
68120,0
68121,1
68122,1
68123,0
68124,1
68125,1
68126,1
68127,1
68128,0
68129,1
68130,1
68131,0
68132,0
68133,0
68134,1
68135,0
68136,1
68137,0
68138,1
68139,1
68140,1
68141,0
68142,0
68143,0
68144,0
68145,1
68146,1
68147,1
68148,1
68149,1
68150,1
68151,1
68152,1
68153,1
68154,0
68155,1
68156,0
68157,0
68158,1
68159,1
68160,0
68161,0
68162,0
68163,1
68164,1
68165,0
68166,1
68167,0
68168,0
68169,0
68170,0
68171,0
68172,1
68173,0
68174,1
68175,1
68176,0
68177,1
68178,0
68179,1
68180,1
68181,1
68182,0
68183,0
68184,1
68185,0
68186,1
68187,1
68188,0
68189,0
68190,0
68191,0
68192,1
68193,1
68194,0
68195,0
68196,1
68197,0
68198,1
68199,0
68200,1
68201,1
68202,0
68203,1
68204,0
68205,1
68206,0
68207,1
68208,0
68209,1
68210,0
68211,0
68212,0
68213,0
68214,1
68215,1
68216,1
68217,0
68218,1
68219,0
68220,0
68221,0
68222,0
68223,0
68224,0
68225,0
68226,0
68227,0
68228,1
68229,0
68230,0
68231,1
68232,1
68233,1
68234,0
68235,0
68236,1
68237,1
68238,0
68239,1
68240,1
68241,1
68242,1
68243,0
68244,0
68245,1
68246,0
68247,1
68248,0
68249,0
68250,0
68251,1
68252,1
68253,0
68254,0
68255,1
68256,0
68257,1
68258,0
68259,1
68260,0
68261,1
68262,1
68263,0
68264,1
68265,1
68266,1
68267,0
68268,0
68269,0
68270,0
68271,0
68272,0
68273,0
68274,0
68275,1
68276,0
68277,1
68278,1
68279,0
68280,1
68281,0
68282,0
68283,1
68284,1
68285,0
68286,0
68287,1
68288,0
68289,1
68290,1
68291,0
68292,1
68293,0
68294,1
68295,0
68296,1
68297,0
68298,0
68299,0
68300,0
68301,0
68302,1
68303,1
68304,0
68305,0
68306,1
68307,0
68308,0
68309,1
68310,0
68311,0
68312,1
68313,1
68314,0
68315,1
68316,1
68317,0
68318,0
68319,0
68320,1
68321,0
68322,1
68323,1
68324,1
68325,0
68326,0
68327,0
68328,1
68329,1
68330,1
68331,1
68332,1
68333,0
68334,1
68335,1
68336,1
68337,1
68338,0
68339,1
68340,0
68341,0
68342,0
68343,0
68344,0
68345,1
68346,0
68347,0
68348,1
68349,1
68350,0
68351,1
68352,1
68353,0
68354,1
68355,1
68356,0
68357,1
68358,1
68359,1
68360,1
68361,0
68362,0
68363,0
68364,1
68365,0
68366,1
68367,0
68368,1
68369,1
68370,1
68371,0
68372,0
68373,1
68374,0
68375,0
68376,0
68377,1
68378,1
68379,1
68380,1
68381,1
68382,1
68383,0
68384,1
68385,1
68386,1
68387,1
68388,1
68389,0
68390,1
68391,0
68392,0
68393,0
68394,0
68395,1
68396,0
68397,0
68398,0
68399,0
68400,1
68401,0
68402,1
68403,0
68404,0
68405,0
68406,1
68407,1
68408,1
68409,1
68410,0
68411,1
68412,0
68413,0
68414,1
68415,0
68416,0
68417,1
68418,0
68419,0
68420,0
68421,0
68422,1
68423,0
68424,0
68425,1
68426,0
68427,1
68428,1
68429,0
68430,0
68431,1
68432,0
68433,1
68434,0
68435,1
68436,1
68437,1
68438,0
68439,0
68440,1
68441,1
68442,1
68443,0
68444,1
68445,0
68446,0
68447,0
68448,1
68449,1
68450,1
68451,0
68452,0
68453,1
68454,0
68455,1
68456,0
68457,0
68458,1
68459,0
68460,1
68461,0
68462,1
68463,1
68464,1
68465,1
68466,0
68467,0
68468,0
68469,0
68470,0
68471,1
68472,1
68473,0
68474,0
68475,0
68476,1
68477,0
68478,0
68479,1
68480,1
68481,1
68482,1
68483,0
68484,1
68485,0
68486,1
68487,0
68488,0
68489,0
68490,1
68491,0
68492,1
68493,0
68494,1
68495,1
68496,0
68497,1
68498,0
68499,0
68500,0
68501,1
68502,1
68503,0
68504,1
68505,1
68506,1
68507,0
68508,0
68509,1
68510,0
68511,1
68512,0
68513,1
68514,0
68515,0
68516,0
68517,0
68518,0
68519,0
68520,1
68521,1
68522,1
68523,0
68524,0
68525,1
68526,0
68527,1
68528,0
68529,0
68530,0
68531,0
68532,0
68533,0
68534,1
68535,1
68536,1
68537,1
68538,1
68539,1
68540,0
68541,1
68542,1
68543,1
68544,1
68545,1
68546,1
68547,1
68548,0
68549,0
68550,1
68551,1
68552,0
68553,1
68554,1
68555,0
68556,0
68557,1
68558,0
68559,0
68560,1
68561,1
68562,1
68563,0
68564,1
68565,0
68566,1
68567,0
68568,0
68569,0
68570,1
68571,0
68572,1
68573,1
68574,0
68575,0
68576,1
68577,1
68578,1
68579,1
68580,1
68581,0
68582,0
68583,0
68584,0
68585,1
68586,0
68587,0
68588,1
68589,1
68590,1
68591,0
68592,1
68593,1
68594,0
68595,0
68596,1
68597,1
68598,1
68599,1
68600,1
68601,0
68602,1
68603,0
68604,0
68605,0
68606,0
68607,1
68608,1
68609,0
68610,1
68611,0
68612,0
68613,0
68614,1
68615,0
68616,1
68617,0
68618,1
68619,0
68620,1
68621,0
68622,1
68623,0
68624,0
68625,0
68626,1
68627,1
68628,1
68629,0
68630,0
68631,1
68632,1
68633,0
68634,1
68635,1
68636,1
68637,1
68638,1
68639,0
68640,1
68641,1
68642,0
68643,0
68644,1
68645,1
68646,1
68647,0
68648,1
68649,0
68650,0
68651,0
68652,0
68653,1
68654,1
68655,0
68656,1
68657,1
68658,1
68659,1
68660,1
68661,0
68662,0
68663,1
68664,0
68665,1
68666,0
68667,1
68668,1
68669,1
68670,0
68671,1
68672,1
68673,0
68674,1
68675,1
68676,0
68677,0
68678,1
68679,0
68680,0
68681,1
68682,0
68683,0
68684,0
68685,0
68686,1
68687,1
68688,1
68689,1
68690,0
68691,1
68692,1
68693,0
68694,1
68695,0
68696,0
68697,1
68698,1
68699,1
68700,0
68701,0
68702,0
68703,1
68704,0
68705,0
68706,0
68707,1
68708,0
68709,1
68710,1
68711,1
68712,0
68713,1
68714,0
68715,0
68716,1
68717,1
68718,0
68719,0
68720,0
68721,1
68722,1
68723,0
68724,0
68725,1
68726,0
68727,1
68728,0
68729,1
68730,1
68731,0
68732,0
68733,1
68734,1
68735,0
68736,1
68737,1
68738,1
68739,0
68740,1
68741,1
68742,0
68743,0
68744,1
68745,1
68746,0
68747,0
68748,1
68749,0
68750,1
68751,1
68752,0
68753,1
68754,0
68755,1
68756,1
68757,1
68758,0
68759,0
68760,1
68761,0
68762,1
68763,1
68764,0
68765,0
68766,1
68767,0
68768,1
68769,1
68770,0
68771,1
68772,0
68773,0
68774,1
68775,0
68776,1
68777,0
68778,1
68779,0
68780,0
68781,1
68782,0
68783,0
68784,1
68785,1
68786,1
68787,0
68788,1
68789,1
68790,1
68791,1
68792,1
68793,0
68794,0
68795,1
68796,0
68797,0
68798,0
68799,1
68800,1
68801,0
68802,1
68803,1
68804,0
68805,0
68806,0
68807,0
68808,0
68809,0
68810,0
68811,1
68812,1
68813,0
68814,0
68815,1
68816,1
68817,1
68818,0
68819,0
68820,1
68821,0
68822,0
68823,0
68824,1
68825,0
68826,1
68827,1
68828,1
68829,1
68830,0
68831,1
68832,0
68833,0
68834,1
68835,1
68836,1
68837,0
68838,0
68839,0
68840,0
68841,0
68842,1
68843,0
68844,0
68845,0
68846,0
68847,0
68848,0
68849,1
68850,0
68851,1
68852,1
68853,1
68854,0
68855,0
68856,0
68857,0
68858,0
68859,1
68860,0
68861,1
68862,1
68863,0
68864,0
68865,1
68866,0
68867,1
68868,0
68869,0
68870,0
68871,0
68872,1
68873,0
68874,0
68875,1
68876,1
68877,0
68878,1
68879,1
68880,1
68881,1
68882,1
68883,0
68884,0
68885,0
68886,0
68887,1
68888,1
68889,1
68890,0
68891,1
68892,0
68893,0
68894,0
68895,0
68896,0
68897,1
68898,1
68899,0
68900,0
68901,0
68902,1
68903,0
68904,1
68905,0
68906,1
68907,0
68908,1
68909,0
68910,1
68911,0
68912,1
68913,0
68914,1
68915,0
68916,1
68917,1
68918,1
68919,0
68920,0
68921,1
68922,1
68923,1
68924,0
68925,1
68926,0
68927,0
68928,1
68929,1
68930,0
68931,1
68932,1
68933,0
68934,0
68935,1
68936,0
68937,1
68938,1
68939,1
68940,1
68941,0
68942,1
68943,1
68944,0
68945,1
68946,0
68947,1
68948,0
68949,0
68950,1
68951,0
68952,1
68953,1
68954,0
68955,1
68956,1
68957,0
68958,0
68959,0
68960,1
68961,1
68962,1
68963,1
68964,1
68965,1
68966,0
68967,0
68968,0
68969,1
68970,1
68971,0
68972,1
68973,1
68974,0
68975,0
68976,0
68977,1
68978,1
68979,1
68980,1
68981,0
68982,0
68983,0
68984,0
68985,1
68986,0
68987,1
68988,0
68989,1
68990,1
68991,0
68992,1
68993,0
68994,1
68995,1
68996,0
68997,1
68998,1
68999,1
69000,1
69001,1
69002,0
69003,1
69004,0
69005,1
69006,1
69007,0
69008,1
69009,0
69010,1
69011,0
69012,0
69013,0
69014,0
69015,0
69016,0
69017,1
69018,0
69019,0
69020,1
69021,0
69022,1
69023,1
69024,1
69025,1
69026,0
69027,0
69028,1
69029,1
69030,1
69031,0
69032,1
69033,1
69034,1
69035,1
69036,1
69037,1
69038,0
69039,1
69040,1
69041,1
69042,0
69043,0
69044,1
69045,0
69046,1
69047,1
69048,1
69049,0
69050,0
69051,0
69052,1
69053,0
69054,1
69055,1
69056,0
69057,1
69058,1
69059,1
69060,0
69061,1
69062,1
69063,0
69064,0
69065,0
69066,0
69067,0
69068,1
69069,1
69070,1
69071,0
69072,0
69073,1
69074,1
69075,0
69076,0
69077,1
69078,0
69079,1
69080,0
69081,0
69082,0
69083,1
69084,1
69085,0
69086,0
69087,0
69088,1
69089,1
69090,1
69091,1
69092,0
69093,1
69094,1
69095,0
69096,1
69097,1
69098,1
69099,0
69100,1
69101,1
69102,0
69103,1
69104,0
69105,0
69106,1
69107,1
69108,1
69109,1
69110,1
69111,0
69112,1
69113,0
69114,0
69115,0
69116,1
69117,0
69118,0
69119,0
69120,1
69121,1
69122,1
69123,0
69124,0
69125,0
69126,0
69127,0
69128,0
69129,0
69130,0
69131,0
69132,0
69133,1
69134,1
69135,1
69136,0
69137,1
69138,0
69139,0
69140,0
69141,0
69142,1
69143,1
69144,1
69145,0
69146,0
69147,1
69148,1
69149,1
69150,1
69151,1
69152,1
69153,0
69154,0
69155,1
69156,0
69157,1
69158,1
69159,0
69160,1
69161,1
69162,0
69163,1
69164,0
69165,0
69166,1
69167,1
69168,0
69169,0
69170,1
69171,1
69172,0
69173,1
69174,1
69175,0
69176,0
69177,1
69178,1
69179,0
69180,1
69181,1
69182,1
69183,1
69184,1
69185,1
69186,1
69187,0
69188,0
69189,0
69190,0
69191,0
69192,1
69193,1
69194,1
69195,0
69196,0
69197,0
69198,0
69199,1
69200,1
69201,1
69202,0
69203,0
69204,1
69205,0
69206,1
69207,1
69208,1
69209,0
69210,0
69211,0
69212,1
69213,1
69214,1
69215,0
69216,0
69217,0
69218,0
69219,1
69220,1
69221,0
69222,1
69223,1
69224,0
69225,0
69226,0
69227,0
69228,1
69229,0
69230,0
69231,1
69232,1
69233,0
69234,1
69235,1
69236,1
69237,0
69238,1
69239,1
69240,1
69241,1
69242,1
69243,0
69244,1
69245,1
69246,0
69247,0
69248,0
69249,1
69250,1
69251,1
69252,1
69253,0
69254,0
69255,1
69256,1
69257,1
69258,0
69259,1
69260,1
69261,0
69262,0
69263,1
69264,0
69265,0
69266,1
69267,0
69268,1
69269,0
69270,1
69271,0
69272,1
69273,1
69274,0
69275,0
69276,1
69277,1
69278,1
69279,0
69280,1
69281,1
69282,0
69283,1
69284,1
69285,1
69286,0
69287,1
69288,0
69289,0
69290,0
69291,0
69292,1
69293,0
69294,0
69295,1
69296,1
69297,0
69298,1
69299,1
69300,1
69301,0
69302,1
69303,1
69304,0
69305,1
69306,0
69307,0
69308,0
69309,1
69310,0
69311,1
69312,1
69313,0
69314,0
69315,1
69316,0
69317,0
69318,1
69319,1
69320,0
69321,0
69322,1
69323,0
69324,0
69325,0
69326,0
69327,1
69328,1
69329,1
69330,1
69331,0
69332,0
69333,1
69334,0
69335,0
69336,1
69337,1
69338,0
69339,1
69340,1
69341,0
69342,0
69343,1
69344,1
69345,1
69346,1
69347,0
69348,0
69349,1
69350,0
69351,1
69352,0
69353,0
69354,1
69355,0
69356,1
69357,0
69358,0
69359,1
69360,1
69361,1
69362,0
69363,0
69364,1
69365,1
69366,0
69367,1
69368,1
69369,0
69370,0
69371,0
69372,1
69373,0
69374,1
69375,0
69376,0
69377,0
69378,1
69379,0
69380,0
69381,1
69382,1
69383,0
69384,0
69385,0
69386,1
69387,1
69388,0
69389,1
69390,1
69391,0
69392,1
69393,0
69394,0
69395,1
69396,0
69397,1
69398,1
69399,1
69400,1
69401,0
69402,0
69403,1
69404,0
69405,1
69406,0
69407,1
69408,1
69409,1
69410,1
69411,1
69412,0
69413,1
69414,0
69415,1
69416,0
69417,0
69418,0
69419,0
69420,1
69421,0
69422,1
69423,0
69424,0
69425,0
69426,0
69427,1
69428,0
69429,1
69430,0
69431,0
69432,0
69433,0
69434,1
69435,1
69436,0
69437,0
69438,1
69439,0
69440,1
69441,0
69442,1
69443,1
69444,1
69445,0
69446,0
69447,0
69448,1
69449,0
69450,0
69451,0
69452,0
69453,0
69454,1
69455,1
69456,0
69457,0
69458,0
69459,0
69460,0
69461,1
69462,0
69463,1
69464,0
69465,0
69466,1
69467,1
69468,1
69469,1
69470,1
69471,1
69472,0
69473,1
69474,1
69475,0
69476,0
69477,1
69478,0
69479,1
69480,1
69481,1
69482,1
69483,1
69484,0
69485,0
69486,1
69487,0
69488,0
69489,0
69490,1
69491,0
69492,1
69493,1
69494,0
69495,0
69496,0
69497,1
69498,1
69499,0
69500,1
69501,0
69502,1
69503,0
69504,0
69505,1
69506,0
69507,0
69508,0
69509,1
69510,0
69511,0
69512,0
69513,1
69514,0
69515,1
69516,1
69517,0
69518,1
69519,1
69520,0
69521,0
69522,0
69523,0
69524,0
69525,0
69526,0
69527,1
69528,1
69529,0
69530,0
69531,0
69532,1
69533,1
69534,1
69535,0
69536,0
69537,0
69538,0
69539,0
69540,0
69541,1
69542,1
69543,0
69544,0
69545,0
69546,1
69547,0
69548,0
69549,1
69550,1
69551,1
69552,0
69553,0
69554,0
69555,0
69556,0
69557,1
69558,1
69559,0
69560,0
69561,0
69562,0
69563,1
69564,1
69565,1
69566,1
69567,1
69568,0
69569,1
69570,1
69571,0
69572,0
69573,0
69574,1
69575,0
69576,0
69577,1
69578,1
69579,0
69580,1
69581,0
69582,0
69583,0
69584,0
69585,1
69586,1
69587,0
69588,0
69589,1
69590,0
69591,0
69592,0
69593,1
69594,1
69595,0
69596,1
69597,0
69598,0
69599,0
69600,1
69601,1
69602,1
69603,0
69604,1
69605,0
69606,0
69607,1
69608,1
69609,0
69610,1
69611,0
69612,0
69613,0
69614,0
69615,0
69616,0
69617,1
69618,1
69619,1
69620,0
69621,0
69622,0
69623,0
69624,0
69625,0
69626,0
69627,0
69628,0
69629,1
69630,1
69631,0
69632,1
69633,0
69634,0
69635,1
69636,1
69637,1
69638,1
69639,0
69640,0
69641,0
69642,0
69643,0
69644,1
69645,0
69646,1
69647,1
69648,1
69649,1
69650,0
69651,1
69652,1
69653,1
69654,1
69655,1
69656,1
69657,0
69658,1
69659,1
69660,1
69661,0
69662,0
69663,1
69664,0
69665,0
69666,0
69667,1
69668,0
69669,0
69670,1
69671,0
69672,0
69673,0
69674,0
69675,1
69676,0
69677,1
69678,1
69679,0
69680,0
69681,0
69682,1
69683,0
69684,0
69685,1
69686,0
69687,0
69688,0
69689,1
69690,1
69691,0
69692,1
69693,1
69694,0
69695,0
69696,1
69697,1
69698,1
69699,0
69700,0
69701,0
69702,0
69703,0
69704,0
69705,1
69706,1
69707,1
69708,0
69709,1
69710,1
69711,1
69712,1
69713,0
69714,0
69715,1
69716,0
69717,0
69718,1
69719,0
69720,1
69721,0
69722,1
69723,0
69724,1
69725,1
69726,1
69727,1
69728,1
69729,1
69730,1
69731,0
69732,0
69733,0
69734,0
69735,1
69736,0
69737,1
69738,0
69739,1
69740,1
69741,0
69742,0
69743,1
69744,1
69745,1
69746,0
69747,0
69748,1
69749,1
69750,1
69751,0
69752,0
69753,1
69754,0
69755,0
69756,0
69757,1
69758,1
69759,1
69760,0
69761,1
69762,1
69763,0
69764,1
69765,0
69766,0
69767,0
69768,0
69769,0
69770,1
69771,1
69772,1
69773,1
69774,1
69775,1
69776,0
69777,0
69778,0
69779,1
69780,1
69781,0
69782,1
69783,0
69784,1
69785,1
69786,1
69787,0
69788,1
69789,0
69790,0
69791,1
69792,1
69793,1
69794,0
69795,1
69796,1
69797,0
69798,1
69799,1
69800,1
69801,0
69802,1
69803,0
69804,1
69805,1
69806,1
69807,1
69808,0
69809,1
69810,1
69811,1
69812,0
69813,0
69814,0
69815,0
69816,1
69817,0
69818,1
69819,1
69820,1
69821,1
69822,1
69823,0
69824,1
69825,0
69826,0
69827,0
69828,1
69829,0
69830,1
69831,0
69832,1
69833,1
69834,1
69835,1
69836,0
69837,0
69838,1
69839,0
69840,0
69841,1
69842,1
69843,1
69844,0
69845,1
69846,1
69847,0
69848,1
69849,0
69850,0
69851,1
69852,1
69853,1
69854,1
69855,1
69856,0
69857,0
69858,1
69859,1
69860,0
69861,1
69862,1
69863,1
69864,1
69865,0
69866,1
69867,1
69868,1
69869,0
69870,0
69871,1
69872,0
69873,0
69874,0
69875,1
69876,1
69877,1
69878,1
69879,0
69880,1
69881,0
69882,1
69883,0
69884,0
69885,1
69886,0
69887,1
69888,0
69889,1
69890,0
69891,0
69892,1
69893,0
69894,1
69895,1
69896,1
69897,0
69898,1
69899,1
69900,1
69901,0
69902,1
69903,0
69904,0
69905,1
69906,0
69907,0
69908,0
69909,0
69910,0
69911,1
69912,1
69913,0
69914,1
69915,1
69916,0
69917,0
69918,1
69919,1
69920,0
69921,1
69922,0
69923,1
69924,0
69925,1
69926,1
69927,0
69928,1
69929,1
69930,0
69931,0
69932,1
69933,0
69934,0
69935,1
69936,0
69937,0
69938,0
69939,0
69940,0
69941,1
69942,1
69943,1
69944,1
69945,1
69946,1
69947,0
69948,0
69949,1
69950,1
69951,1
69952,0
69953,1
69954,1
69955,1
69956,1
69957,0
69958,0
69959,0
69960,1
69961,1
69962,0
69963,1
69964,0
69965,0
69966,1
69967,0
69968,0
69969,1
69970,1
69971,1
69972,0
69973,1
69974,1
69975,1
69976,0
69977,0
69978,1
69979,1
69980,0
69981,0
69982,0
69983,0
69984,0
69985,0
69986,1
69987,0
69988,0
69989,1
69990,0
69991,0
69992,1
69993,1
69994,1
69995,0
69996,1
69997,0
69998,0
69999,1
70000,0
70001,0
70002,0
70003,0
70004,0
70005,0
70006,1
70007,0
70008,1
70009,1
70010,0
70011,0
70012,1
70013,0
70014,1
70015,1
70016,0
70017,1
70018,1
70019,1
70020,0
70021,0
70022,1
70023,1
70024,0
70025,0
70026,1
70027,0
70028,0
70029,1
70030,0
70031,1
70032,0
70033,0
70034,1
70035,1
70036,1
70037,0
70038,0
70039,1
70040,1
70041,0
70042,1
70043,0
70044,0
70045,1
70046,0
70047,0
70048,1
70049,0
70050,0
70051,0
70052,0
70053,1
70054,0
70055,1
70056,0
70057,0
70058,0
70059,1
70060,0
70061,1
70062,1
70063,1
70064,0
70065,1
70066,0
70067,1
70068,0
70069,0
70070,0
70071,1
70072,1
70073,0
70074,1
70075,0
70076,0
70077,1
70078,0
70079,1
70080,1
70081,1
70082,1
70083,1
70084,0
70085,0
70086,0
70087,0
70088,1
70089,1
70090,1
70091,0
70092,1
70093,1
70094,1
70095,0
70096,0
70097,1
70098,0
70099,1
70100,1
70101,1
70102,0
70103,1
70104,0
70105,0
70106,0
70107,1
70108,0
70109,1
70110,0
70111,0
70112,1
70113,1
70114,0
70115,1
70116,1
70117,0
70118,1
70119,0
70120,0
70121,1
70122,1
70123,0
70124,0
70125,0
70126,1
70127,1
70128,1
70129,0
70130,1
70131,0
70132,1
70133,1
70134,0
70135,0
70136,0
70137,0
70138,1
70139,0
70140,0
70141,0
70142,1
70143,0
70144,1
70145,0
70146,0
70147,0
70148,0
70149,1
70150,1
70151,1
70152,1
70153,1
70154,0
70155,0
70156,0
70157,1
70158,1
70159,0
70160,0
70161,0
70162,1
70163,0
70164,0
70165,1
70166,1
70167,0
70168,1
70169,1
70170,0
70171,1
70172,1
70173,0
70174,0
70175,1
70176,0
70177,0
70178,1
70179,1
70180,0
70181,0
70182,0
70183,0
70184,1
70185,1
70186,0
70187,1
70188,0
70189,0
70190,0
70191,0
70192,1
70193,1
70194,1
70195,1
70196,1
70197,1
70198,0
70199,1
70200,0
70201,0
70202,1
70203,1
70204,1
70205,1
70206,1
70207,0
70208,0
70209,1
70210,0
70211,0
70212,1
70213,1
70214,0
70215,1
70216,0
70217,0
70218,1
70219,0
70220,1
70221,1
70222,1
70223,0
70224,0
70225,1
70226,0
70227,1
70228,1
70229,1
70230,0
70231,0
70232,0
70233,1
70234,0
70235,0
70236,0
70237,1
70238,0
70239,1
70240,0
70241,1
70242,0
70243,1
70244,1
70245,1
70246,1
70247,0
70248,0
70249,1
70250,0
70251,1
70252,1
70253,0
70254,0
70255,0
70256,1
70257,0
70258,0
70259,0
70260,1
70261,0
70262,0
70263,0
70264,0
70265,1
70266,0
70267,1
70268,1
70269,0
70270,0
70271,0
70272,1
70273,1
70274,1
70275,1
70276,1
70277,1
70278,1
70279,0
70280,1
70281,0
70282,1
70283,1
70284,1
70285,0
70286,0
70287,0
70288,1
70289,1
70290,1
70291,0
70292,1
70293,1
70294,1
70295,0
70296,1
70297,0
70298,1
70299,0
70300,0
70301,1
70302,1
70303,1
70304,1
70305,0
70306,1
70307,0
70308,0
70309,1
70310,0
70311,0
70312,0
70313,0
70314,1
70315,1
70316,1
70317,0
70318,0
70319,0
70320,0
70321,1
70322,1
70323,0
70324,0
70325,0
70326,1
70327,0
70328,1
70329,1
70330,1
70331,1
70332,1
70333,1
70334,1
70335,1
70336,0
70337,1
70338,1
70339,0
70340,1
70341,0
70342,0
70343,0
70344,0
70345,1
70346,1
70347,0
70348,1
70349,0
70350,1
70351,1
70352,1
70353,1
70354,0
70355,0
70356,0
70357,0
70358,0
70359,0
70360,1
70361,1
70362,0
70363,1
70364,0
70365,1
70366,0
70367,0
70368,1
70369,0
70370,0
70371,1
70372,1
70373,1
70374,0
70375,0
70376,1
70377,0
70378,0
70379,0
70380,1
70381,1
70382,0
70383,1
70384,0
70385,1
70386,0
70387,1
70388,1
70389,0
70390,0
70391,1
70392,1
70393,0
70394,1
70395,0
70396,0
70397,0
70398,0
70399,0
70400,1
70401,0
70402,0
70403,1
70404,0
70405,1
70406,1
70407,0
70408,0
70409,1
70410,1
70411,1
70412,0
70413,1
70414,0
70415,1
70416,0
70417,1
70418,1
70419,0
70420,1
70421,1
70422,0
70423,1
70424,0
70425,1
70426,1
70427,0
70428,1
70429,0
70430,0
70431,0
70432,1
70433,1
70434,0
70435,1
70436,1
70437,0
70438,0
70439,1
70440,0
70441,1
70442,0
70443,0
70444,1
70445,1
70446,0
70447,0
70448,0
70449,1
70450,1
70451,0
70452,0
70453,0
70454,0
70455,1
70456,0
70457,1
70458,1
70459,1
70460,1
70461,0
70462,0
70463,1
70464,1
70465,1
70466,0
70467,0
70468,0
70469,0
70470,0
70471,1
70472,1
70473,1
70474,1
70475,1
70476,0
70477,1
70478,0
70479,0
70480,0
70481,1
70482,1
70483,1
70484,0
70485,1
70486,0
70487,1
70488,1
70489,0
70490,0
70491,0
70492,0
70493,0
70494,0
70495,1
70496,1
70497,0
70498,1
70499,1
70500,1
70501,0
70502,0
70503,0
70504,1
70505,0
70506,1
70507,0
70508,1
70509,0
70510,1
70511,0
70512,0
70513,1
70514,1
70515,0
70516,0
70517,0
70518,1
70519,1
70520,0
70521,0
70522,1
70523,1
70524,0
70525,1
70526,1
70527,0
70528,1
70529,0
70530,1
70531,0
70532,1
70533,0
70534,1
70535,0
70536,1
70537,0
70538,0
70539,1
70540,0
70541,0
70542,1
70543,1
70544,1
70545,1
70546,0
70547,1
70548,1
70549,1
70550,1
70551,0
70552,1
70553,1
70554,0
70555,1
70556,1
70557,0
70558,0
70559,0
70560,1
70561,1
70562,0
70563,0
70564,1
70565,0
70566,1
70567,0
70568,0
70569,1
70570,0
70571,0
70572,1
70573,0
70574,1
70575,0
70576,1
70577,1
70578,0
70579,1
70580,1
70581,1
70582,1
70583,0
70584,0
70585,0
70586,1
70587,0
70588,0
70589,1
70590,0
70591,1
70592,0
70593,0
70594,1
70595,0
70596,0
70597,0
70598,1
70599,0
70600,1
70601,1
70602,0
70603,1
70604,1
70605,0
70606,1
70607,0
70608,0
70609,0
70610,0
70611,1
70612,0
70613,1
70614,1
70615,0
70616,1
70617,0
70618,1
70619,0
70620,1
70621,1
70622,1
70623,0
70624,1
70625,1
70626,0
70627,0
70628,0
70629,1
70630,1
70631,1
70632,0
70633,1
70634,1
70635,0
70636,0
70637,0
70638,0
70639,1
70640,0
70641,1
70642,0
70643,1
70644,0
70645,1
70646,1
70647,1
70648,0
70649,0
70650,1
70651,0
70652,0
70653,0
70654,1
70655,0
70656,0
70657,0
70658,0
70659,1
70660,1
70661,1
70662,0
70663,0
70664,1
70665,0
70666,0
70667,1
70668,1
70669,1
70670,0
70671,1
70672,1
70673,0
70674,0
70675,1
70676,1
70677,0
70678,0
70679,1
70680,0
70681,0
70682,0
70683,0
70684,0
70685,1
70686,1
70687,0
70688,0
70689,1
70690,1
70691,0
70692,0
70693,1
70694,1
70695,1
70696,0
70697,1
70698,1
70699,1
70700,0
70701,1
70702,0
70703,0
70704,0
70705,0
70706,0
70707,0
70708,0
70709,0
70710,1
70711,1
70712,0
70713,1
70714,1
70715,0
70716,1
70717,0
70718,0
70719,0
70720,0
70721,0
70722,1
70723,1
70724,1
70725,1
70726,0
70727,0
70728,1
70729,0
70730,1
70731,0
70732,1
70733,0
70734,0
70735,1
70736,1
70737,0
70738,0
70739,1
70740,0
70741,1
70742,1
70743,0
70744,0
70745,0
70746,1
70747,1
70748,1
70749,1
70750,0
70751,1
70752,1
70753,0
70754,0
70755,1
70756,0
70757,1
70758,0
70759,1
70760,0
70761,0
70762,0
70763,1
70764,0
70765,1
70766,0
70767,0
70768,0
70769,1
70770,0
70771,0
70772,0
70773,0
70774,1
70775,1
70776,0
70777,0
70778,0
70779,0
70780,0
70781,1
70782,0
70783,1
70784,0
70785,1
70786,0
70787,0
70788,1
70789,0
70790,1
70791,0
70792,1
70793,1
70794,1
70795,1
70796,0
70797,1
70798,0
70799,1
70800,1
70801,0
70802,0
70803,0
70804,0
70805,0
70806,1
70807,1
70808,1
70809,0
70810,1
70811,0
70812,1
70813,1
70814,0
70815,0
70816,0
70817,0
70818,1
70819,0
70820,0
70821,0
70822,0
70823,0
70824,0
70825,0
70826,0
70827,1
70828,0
70829,0
70830,0
70831,1
70832,1
70833,0
70834,0
70835,1
70836,1
70837,0
70838,1
70839,0
70840,0
70841,0
70842,1
70843,0
70844,0
70845,1
70846,0
70847,0
70848,0
70849,0
70850,0
70851,1
70852,0
70853,1
70854,1
70855,1
70856,0
70857,0
70858,0
70859,0
70860,1
70861,0
70862,1
70863,0
70864,0
70865,1
70866,1
70867,0
70868,0
70869,1
70870,0
70871,1
70872,1
70873,0
70874,1
70875,0
70876,1
70877,1
70878,1
70879,0
70880,1
70881,1
70882,1
70883,0
70884,1
70885,1
70886,0
70887,1
70888,0
70889,0
70890,1
70891,0
70892,0
70893,0
70894,0
70895,1
70896,1
70897,1
70898,0
70899,1
70900,1
70901,0
70902,1
70903,1
70904,1
70905,1
70906,0
70907,1
70908,1
70909,0
70910,1
70911,1
70912,1
70913,1
70914,0
70915,0
70916,0
70917,0
70918,1
70919,1
70920,0
70921,1
70922,1
70923,0
70924,0
70925,1
70926,1
70927,0
70928,0
70929,0
70930,1
70931,0
70932,0
70933,1
70934,0
70935,0
70936,1
70937,1
70938,0
70939,0
70940,1
70941,0
70942,0
70943,0
70944,1
70945,0
70946,0
70947,1
70948,0
70949,1
70950,1
70951,0
70952,1
70953,0
70954,0
70955,0
70956,1
70957,0
70958,0
70959,0
70960,0
70961,0
70962,0
70963,1
70964,0
70965,0
70966,0
70967,0
70968,0
70969,1
70970,1
70971,1
70972,1
70973,1
70974,0
70975,0
70976,0
70977,1
70978,1
70979,0
70980,0
70981,1
70982,0
70983,0
70984,1
70985,0
70986,0
70987,1
70988,1
70989,1
70990,0
70991,1
70992,1
70993,1
70994,0
70995,0
70996,1
70997,1
70998,0
70999,0
71000,1
71001,1
71002,1
71003,0
71004,1
71005,0
71006,0
71007,1
71008,0
71009,0
71010,0
71011,0
71012,0
71013,0
71014,0
71015,0
71016,0
71017,1
71018,1
71019,0
71020,0
71021,0
71022,0
71023,1
71024,0
71025,1
71026,1
71027,1
71028,0
71029,0
71030,1
71031,1
71032,1
71033,0
71034,0
71035,1
71036,0
71037,1
71038,0
71039,0
71040,1
71041,0
71042,1
71043,1
71044,0
71045,0
71046,1
71047,1
71048,1
71049,1
71050,0
71051,0
71052,0
71053,1
71054,0
71055,0
71056,1
71057,0
71058,1
71059,1
71060,1
71061,1
71062,1
71063,1
71064,1
71065,0
71066,1
71067,0
71068,0
71069,0
71070,1
71071,0
71072,1
71073,0
71074,0
71075,1
71076,0
71077,1
71078,0
71079,0
71080,1
71081,0
71082,1
71083,1
71084,0
71085,0
71086,1
71087,0
71088,0
71089,1
71090,1
71091,0
71092,0
71093,0
71094,0
71095,1
71096,0
71097,1
71098,1
71099,0
71100,1
71101,0
71102,1
71103,1
71104,0
71105,1
71106,0
71107,1
71108,0
71109,0
71110,0
71111,1
71112,0
71113,0
71114,0
71115,0
71116,1
71117,0
71118,0
71119,0
71120,0
71121,1
71122,1
71123,1
71124,1
71125,1
71126,1
71127,1
71128,0
71129,1
71130,1
71131,0
71132,0
71133,1
71134,1
71135,0
71136,0
71137,1
71138,1
71139,1
71140,0
71141,0
71142,0
71143,1
71144,1
71145,0
71146,1
71147,1
71148,1
71149,0
71150,1
71151,0
71152,0
71153,1
71154,0
71155,1
71156,1
71157,0
71158,1
71159,0
71160,0
71161,0
71162,1
71163,1
71164,1
71165,0
71166,1
71167,0
71168,1
71169,1
71170,0
71171,1
71172,1
71173,1
71174,0
71175,0
71176,1
71177,1
71178,0
71179,0
71180,1
71181,0
71182,0
71183,1
71184,0
71185,1
71186,1
71187,1
71188,0
71189,0
71190,0
71191,0
71192,1
71193,1
71194,0
71195,0
71196,0
71197,1
71198,0
71199,0
71200,1
71201,1
71202,0
71203,1
71204,1
71205,0
71206,1
71207,0
71208,0
71209,0
71210,1
71211,1
71212,0
71213,1
71214,1
71215,1
71216,0
71217,0
71218,1
71219,0
71220,0
71221,1
71222,1
71223,0
71224,1
71225,1
71226,1
71227,1
71228,1
71229,1
71230,0
71231,0
71232,1
71233,1
71234,0
71235,1
71236,1
71237,1
71238,0
71239,1
71240,0
71241,0
71242,0
71243,1
71244,1
71245,0
71246,0
71247,1
71248,0
71249,0
71250,1
71251,0
71252,0
71253,0
71254,1
71255,1
71256,0
71257,0
71258,1
71259,0
71260,1
71261,0
71262,1
71263,1
71264,1
71265,0
71266,1
71267,1
71268,1
71269,1
71270,1
71271,0
71272,0
71273,0
71274,0
71275,1
71276,0
71277,1
71278,0
71279,1
71280,0
71281,1
71282,1
71283,1
71284,0
71285,0
71286,0
71287,1
71288,1
71289,1
71290,1
71291,0
71292,0
71293,1
71294,0
71295,1
71296,1
71297,1
71298,0
71299,0
71300,0
71301,0
71302,0
71303,1
71304,0
71305,0
71306,1
71307,0
71308,0
71309,1
71310,1
71311,0
71312,0
71313,0
71314,1
71315,1
71316,1
71317,1
71318,0
71319,0
71320,1
71321,0
71322,0
71323,1
71324,1
71325,0
71326,0
71327,0
71328,1
71329,0
71330,0
71331,0
71332,1
71333,1
71334,0
71335,1
71336,1
71337,1
71338,1
71339,0
71340,0
71341,1
71342,1
71343,1
71344,1
71345,1
71346,1
71347,1
71348,0
71349,1
71350,1
71351,0
71352,1
71353,1
71354,0
71355,0
71356,1
71357,1
71358,1
71359,0
71360,1
71361,0
71362,1
71363,1
71364,0
71365,1
71366,0
71367,1
71368,0
71369,0
71370,0
71371,0
71372,0
71373,1
71374,1
71375,1
71376,0
71377,0
71378,0
71379,1
71380,0
71381,1
71382,0
71383,0
71384,1
71385,0
71386,0
71387,0
71388,0
71389,1
71390,1
71391,1
71392,1
71393,0
71394,0
71395,1
71396,0
71397,1
71398,1
71399,0
71400,0
71401,0
71402,0
71403,1
71404,0
71405,0
71406,0
71407,0
71408,0
71409,1
71410,1
71411,1
71412,0
71413,1
71414,1
71415,1
71416,1
71417,1
71418,1
71419,0
71420,1
71421,1
71422,0
71423,1
71424,1
71425,1
71426,1
71427,1
71428,0
71429,0
71430,0
71431,1
71432,0
71433,1
71434,0
71435,1
71436,0
71437,0
71438,1
71439,1
71440,0
71441,1
71442,0
71443,0
71444,0
71445,0
71446,1
71447,1
71448,1
71449,0
71450,0
71451,1
71452,0
71453,0
71454,0
71455,1
71456,0
71457,0
71458,0
71459,1
71460,0
71461,1
71462,1
71463,1
71464,1
71465,0
71466,0
71467,0
71468,0
71469,1
71470,0
71471,0
71472,0
71473,0
71474,0
71475,0
71476,0
71477,1
71478,1
71479,1
71480,1
71481,1
71482,1
71483,1
71484,1
71485,0
71486,0
71487,0
71488,1
71489,1
71490,1
71491,0
71492,1
71493,1
71494,1
71495,1
71496,1
71497,1
71498,1
71499,1
71500,1
71501,1
71502,1
71503,1
71504,1
71505,0
71506,0
71507,0
71508,1
71509,1
71510,0
71511,1
71512,0
71513,1
71514,0
71515,1
71516,0
71517,1
71518,0
71519,0
71520,1
71521,1
71522,0
71523,1
71524,0
71525,0
71526,0
71527,0
71528,0
71529,0
71530,1
71531,1
71532,1
71533,0
71534,1
71535,1
71536,0
71537,0
71538,0
71539,0
71540,1
71541,1
71542,1
71543,0
71544,1
71545,0
71546,1
71547,0
71548,0
71549,1
71550,0
71551,0
71552,0
71553,1
71554,0
71555,1
71556,1
71557,1
71558,1
71559,1
71560,0
71561,1
71562,0
71563,0
71564,1
71565,1
71566,1
71567,0
71568,1
71569,0
71570,0
71571,0
71572,0
71573,0
71574,0
71575,0
71576,0
71577,1
71578,0
71579,0
71580,0
71581,0
71582,1
71583,1
71584,0
71585,1
71586,1
71587,0
71588,0
71589,0
71590,1
71591,1
71592,0
71593,0
71594,0
71595,1
71596,1
71597,1
71598,0
71599,0
71600,1
71601,1
71602,0
71603,1
71604,0
71605,0
71606,0
71607,0
71608,1
71609,0
71610,1
71611,1
71612,1
71613,0
71614,1
71615,0
71616,1
71617,0
71618,1
71619,1
71620,0
71621,1
71622,1
71623,1
71624,0
71625,0
71626,1
71627,1
71628,1
71629,1
71630,0
71631,1
71632,1
71633,1
71634,1
71635,0
71636,0
71637,0
71638,1
71639,1
71640,1
71641,0
71642,0
71643,0
71644,1
71645,0
71646,1
71647,0
71648,0
71649,1
71650,1
71651,1
71652,0
71653,1
71654,0
71655,0
71656,1
71657,1
71658,0
71659,1
71660,0
71661,1
71662,1
71663,0
71664,0
71665,0
71666,0
71667,0
71668,0
71669,1
71670,1
71671,0
71672,1
71673,0
71674,1
71675,0
71676,1
71677,1
71678,0
71679,1
71680,0
71681,1
71682,1
71683,0
71684,0
71685,1
71686,1
71687,0
71688,0
71689,1
71690,1
71691,0
71692,1
71693,0
71694,0
71695,1
71696,1
71697,0
71698,0
71699,0
71700,0
71701,1
71702,0
71703,0
71704,0
71705,1
71706,1
71707,0
71708,0
71709,1
71710,1
71711,0
71712,1
71713,1
71714,0
71715,0
71716,1
71717,0
71718,0
71719,0
71720,0
71721,0
71722,0
71723,1
71724,1
71725,1
71726,1
71727,1
71728,0
71729,1
71730,0
71731,1
71732,0
71733,0
71734,1
71735,0
71736,0
71737,1
71738,0
71739,1
71740,1
71741,0
71742,0
71743,0
71744,0
71745,0
71746,1
71747,0
71748,0
71749,1
71750,1
71751,1
71752,1
71753,0
71754,0
71755,1
71756,1
71757,0
71758,0
71759,1
71760,1
71761,0
71762,1
71763,1
71764,0
71765,0
71766,1
71767,1
71768,1
71769,0
71770,0
71771,0
71772,0
71773,1
71774,1
71775,0
71776,1
71777,0
71778,1
71779,1
71780,0
71781,1
71782,1
71783,1
71784,0
71785,1
71786,0
71787,0
71788,1
71789,1
71790,0
71791,1
71792,1
71793,1
71794,0
71795,0
71796,0
71797,0
71798,1
71799,1
71800,1
71801,1
71802,0
71803,1
71804,0
71805,0
71806,0
71807,0
71808,0
71809,0
71810,0
71811,1
71812,0
71813,0
71814,0
71815,1
71816,1
71817,1
71818,1
71819,1
71820,0
71821,1
71822,1
71823,0
71824,0
71825,1
71826,1
71827,0
71828,1
71829,0
71830,0
71831,1
71832,1
71833,0
71834,1
71835,1
71836,0
71837,1
71838,0
71839,1
71840,0
71841,0
71842,1
71843,0
71844,1
71845,0
71846,0
71847,0
71848,1
71849,1
71850,1
71851,1
71852,0
71853,0
71854,0
71855,1
71856,1
71857,0
71858,0
71859,1
71860,1
71861,1
71862,0
71863,1
71864,0
71865,0
71866,1
71867,1
71868,0
71869,1
71870,1
71871,0
71872,1
71873,1
71874,1
71875,0
71876,0
71877,0
71878,0
71879,0
71880,1
71881,0
71882,1
71883,0
71884,0
71885,1
71886,1
71887,1
71888,0
71889,1
71890,1
71891,0
71892,1
71893,0
71894,0
71895,1
71896,0
71897,0
71898,1
71899,1
71900,0
71901,1
71902,1
71903,1
71904,0
71905,1
71906,1
71907,0
71908,0
71909,0
71910,1
71911,1
71912,0
71913,0
71914,0
71915,1
71916,0
71917,0
71918,1
71919,1
71920,0
71921,0
71922,0
71923,0
71924,1
71925,1
71926,0
71927,1
71928,0
71929,0
71930,1
71931,0
71932,1
71933,0
71934,0
71935,1
71936,1
71937,1
71938,1
71939,1
71940,1
71941,1
71942,1
71943,1
71944,1
71945,1
71946,0
71947,0
71948,0
71949,0
71950,0
71951,1
71952,1
71953,1
71954,1
71955,1
71956,0
71957,1
71958,0
71959,1
71960,1
71961,0
71962,0
71963,0
71964,0
71965,1
71966,0
71967,1
71968,1
71969,0
71970,0
71971,1
71972,1
71973,1
71974,1
71975,1
71976,1
71977,1
71978,0
71979,1
71980,0
71981,0
71982,0
71983,1
71984,0
71985,0
71986,1
71987,0
71988,0
71989,0
71990,0
71991,1
71992,0
71993,0
71994,1
71995,1
71996,1
71997,1
71998,0
71999,0
72000,0
72001,1
72002,0
72003,1
72004,1
72005,0
72006,1
72007,1
72008,0
72009,1
72010,0
72011,0
72012,1
72013,0
72014,0
72015,1
72016,0
72017,1
72018,1
72019,0
72020,1
72021,1
72022,1
72023,1
72024,0
72025,0
72026,1
72027,1
72028,1
72029,1
72030,1
72031,1
72032,1
72033,0
72034,0
72035,0
72036,0
72037,1
72038,0
72039,0
72040,0
72041,0
72042,0
72043,0
72044,1
72045,0
72046,1
72047,0
72048,1
72049,1
72050,0
72051,1
72052,1
72053,1
72054,1
72055,0
72056,1
72057,0
72058,1
72059,1
72060,0
72061,0
72062,0
72063,1
72064,1
72065,0
72066,0
72067,0
72068,0
72069,0
72070,0
72071,0
72072,0
72073,1
72074,1
72075,0
72076,1
72077,1
72078,0
72079,1
72080,0
72081,0
72082,0
72083,1
72084,0
72085,0
72086,0
72087,0
72088,1
72089,1
72090,0
72091,0
72092,0
72093,1
72094,1
72095,1
72096,0
72097,0
72098,0
72099,1
72100,0
72101,0
72102,1
72103,1
72104,0
72105,0
72106,0
72107,1
72108,1
72109,1
72110,1
72111,0
72112,0
72113,0
72114,0
72115,0
72116,0
72117,1
72118,0
72119,1
72120,1
72121,0
72122,0
72123,1
72124,0
72125,0
72126,0
72127,0
72128,1
72129,0
72130,0
72131,0
72132,0
72133,0
72134,0
72135,1
72136,0
72137,0
72138,1
72139,0
72140,0
72141,0
72142,1
72143,0
72144,1
72145,0
72146,1
72147,0
72148,1
72149,0
72150,1
72151,1
72152,0
72153,0
72154,0
72155,1
72156,0
72157,0
72158,0
72159,0
72160,0
72161,0
72162,0
72163,1
72164,1
72165,0
72166,1
72167,1
72168,0
72169,1
72170,1
72171,0
72172,0
72173,1
72174,1
72175,1
72176,0
72177,0
72178,0
72179,0
72180,1
72181,1
72182,0
72183,1
72184,1
72185,0
72186,0
72187,0
72188,0
72189,1
72190,0
72191,1
72192,1
72193,0
72194,1
72195,1
72196,1
72197,1
72198,0
72199,1
72200,0
72201,0
72202,1
72203,1
72204,0
72205,1
72206,1
72207,0
72208,1
72209,1
72210,1
72211,0
72212,0
72213,0
72214,0
72215,0
72216,1
72217,0
72218,0
72219,1
72220,0
72221,0
72222,0
72223,1
72224,1
72225,1
72226,1
72227,1
72228,1
72229,0
72230,1
72231,0
72232,1
72233,0
72234,0
72235,1
72236,1
72237,0
72238,0
72239,0
72240,1
72241,1
72242,1
72243,0
72244,1
72245,1
72246,0
72247,0
72248,0
72249,0
72250,0
72251,0
72252,0
72253,0
72254,0
72255,0
72256,0
72257,1
72258,0
72259,0
72260,0
72261,1
72262,1
72263,0
72264,0
72265,1
72266,1
72267,1
72268,1
72269,1
72270,1
72271,0
72272,1
72273,0
72274,1
72275,1
72276,1
72277,0
72278,0
72279,0
72280,0
72281,1
72282,1
72283,0
72284,0
72285,0
72286,1
72287,0
72288,1
72289,1
72290,1
72291,1
72292,1
72293,0
72294,0
72295,1
72296,1
72297,1
72298,0
72299,1
72300,1
72301,1
72302,0
72303,1
72304,0
72305,0
72306,1
72307,0
72308,0
72309,1
72310,1
72311,0
72312,1
72313,0
72314,0
72315,1
72316,0
72317,0
72318,0
72319,1
72320,1
72321,0
72322,0
72323,0
72324,1
72325,0
72326,1
72327,0
72328,1
72329,1
72330,0
72331,1
72332,1
72333,1
72334,1
72335,0
72336,1
72337,1
72338,1
72339,1
72340,0
72341,0
72342,1
72343,0
72344,1
72345,0
72346,0
72347,1
72348,0
72349,0
72350,1
72351,1
72352,1
72353,1
72354,1
72355,1
72356,1
72357,0
72358,1
72359,1
72360,0
72361,1
72362,1
72363,1
72364,0
72365,1
72366,0
72367,0
72368,1
72369,0
72370,1
72371,1
72372,0
72373,0
72374,0
72375,0
72376,1
72377,0
72378,0
72379,1
72380,1
72381,0
72382,1
72383,0
72384,0
72385,1
72386,1
72387,0
72388,1
72389,1
72390,0
72391,0
72392,0
72393,1
72394,1
72395,0
72396,0
72397,1
72398,1
72399,1
72400,0
72401,0
72402,0
72403,0
72404,1
72405,1
72406,0
72407,0
72408,0
72409,0
72410,1
72411,1
72412,1
72413,1
72414,1
72415,0
72416,0
72417,1
72418,1
72419,0
72420,1
72421,0
72422,1
72423,1
72424,1
72425,1
72426,1
72427,0
72428,0
72429,0
72430,1
72431,0
72432,1
72433,1
72434,0
72435,0
72436,0
72437,1
72438,0
72439,0
72440,0
72441,0
72442,0
72443,0
72444,1
72445,1
72446,1
72447,0
72448,1
72449,0
72450,0
72451,1
72452,1
72453,1
72454,0
72455,0
72456,1
72457,0
72458,1
72459,0
72460,1
72461,1
72462,0
72463,0
72464,1
72465,0
72466,1
72467,0
72468,1
72469,1
72470,1
72471,1
72472,1
72473,0
72474,1
72475,0
72476,0
72477,0
72478,0
72479,1
72480,1
72481,1
72482,0
72483,0
72484,1
72485,0
72486,0
72487,0
72488,0
72489,0
72490,1
72491,0
72492,0
72493,0
72494,1
72495,1
72496,1
72497,0
72498,1
72499,1
72500,1
72501,0
72502,1
72503,1
72504,1
72505,1
72506,1
72507,0
72508,0
72509,1
72510,0
72511,1
72512,0
72513,1
72514,1
72515,1
72516,0
72517,1
72518,0
72519,0
72520,0
72521,1
72522,0
72523,1
72524,0
72525,1
72526,1
72527,1
72528,0
72529,0
72530,1
72531,0
72532,1
72533,0
72534,1
72535,0
72536,0
72537,1
72538,0
72539,1
72540,0
72541,1
72542,0
72543,1
72544,1
72545,1
72546,1
72547,1
72548,0
72549,1
72550,0
72551,0
72552,0
72553,1
72554,0
72555,0
72556,1
72557,0
72558,1
72559,1
72560,1
72561,1
72562,0
72563,0
72564,1
72565,0
72566,0
72567,1
72568,1
72569,1
72570,0
72571,1
72572,0
72573,0
72574,0
72575,0
72576,0
72577,1
72578,1
72579,1
72580,1
72581,1
72582,0
72583,0
72584,0
72585,1
72586,0
72587,0
72588,0
72589,1
72590,0
72591,1
72592,0
72593,1
72594,0
72595,1
72596,0
72597,0
72598,0
72599,1
72600,0
72601,1
72602,0
72603,0
72604,1
72605,0
72606,1
72607,0
72608,0
72609,1
72610,1
72611,0
72612,1
72613,1
72614,1
72615,1
72616,0
72617,1
72618,1
72619,0
72620,1
72621,0
72622,0
72623,1
72624,1
72625,0
72626,1
72627,0
72628,1
72629,1
72630,0
72631,0
72632,1
72633,0
72634,0
72635,0
72636,1
72637,1
72638,1
72639,0
72640,1
72641,0
72642,0
72643,0
72644,1
72645,1
72646,1
72647,1
72648,1
72649,0
72650,0
72651,0
72652,0
72653,1
72654,1
72655,1
72656,0
72657,0
72658,1
72659,0
72660,0
72661,0
72662,0
72663,1
72664,1
72665,0
72666,1
72667,1
72668,0
72669,0
72670,1
72671,1
72672,0
72673,1
72674,1
72675,1
72676,0
72677,0
72678,1
72679,0
72680,0
72681,1
72682,1
72683,0
72684,1
72685,0
72686,0
72687,0
72688,0
72689,1
72690,0
72691,1
72692,1
72693,1
72694,0
72695,1
72696,0
72697,0
72698,1
72699,0
72700,0
72701,1
72702,1
72703,1
72704,1
72705,0
72706,0
72707,1
72708,0
72709,0
72710,1
72711,1
72712,0
72713,1
72714,1
72715,1
72716,1
72717,0
72718,1
72719,1
72720,0
72721,1
72722,0
72723,1
72724,1
72725,1
72726,1
72727,0
72728,0
72729,1
72730,0
72731,0
72732,0
72733,1
72734,1
72735,0
72736,1
72737,1
72738,0
72739,0
72740,1
72741,0
72742,0
72743,0
72744,1
72745,1
72746,1
72747,0
72748,0
72749,1
72750,0
72751,0
72752,1
72753,1
72754,1
72755,0
72756,0
72757,1
72758,0
72759,1
72760,0
72761,1
72762,1
72763,1
72764,1
72765,0
72766,0
72767,0
72768,0
72769,0
72770,1
72771,1
72772,1
72773,0
72774,1
72775,1
72776,0
72777,1
72778,0
72779,1
72780,1
72781,1
72782,0
72783,0
72784,1
72785,1
72786,0
72787,0
72788,0
72789,1
72790,1
72791,1
72792,0
72793,0
72794,0
72795,0
72796,1
72797,1
72798,0
72799,0
72800,0
72801,1
72802,0
72803,0
72804,0
72805,0
72806,1
72807,1
72808,1
72809,1
72810,1
72811,0
72812,0
72813,0
72814,1
72815,1
72816,1
72817,1
72818,1
72819,0
72820,1
72821,0
72822,1
72823,1
72824,0
72825,0
72826,1
72827,0
72828,1
72829,1
72830,1
72831,1
72832,1
72833,1
72834,0
72835,0
72836,0
72837,1
72838,1
72839,1
72840,0
72841,0
72842,1
72843,0
72844,1
72845,1
72846,0
72847,1
72848,1
72849,1
72850,1
72851,0
72852,1
72853,1
72854,1
72855,0
72856,1
72857,1
72858,1
72859,1
72860,0
72861,1
72862,1
72863,1
72864,1
72865,0
72866,1
72867,0
72868,0
72869,1
72870,0
72871,1
72872,1
72873,1
72874,1
72875,0
72876,0
72877,0
72878,1
72879,1
72880,0
72881,1
72882,1
72883,0
72884,1
72885,0
72886,1
72887,1
72888,1
72889,0
72890,0
72891,1
72892,1
72893,0
72894,0
72895,0
72896,0
72897,0
72898,1
72899,1
72900,1
72901,0
72902,0
72903,1
72904,0
72905,0
72906,0
72907,1
72908,0
72909,0
72910,1
72911,0
72912,0
72913,0
72914,1
72915,0
72916,1
72917,0
72918,0
72919,1
72920,1
72921,0
72922,1
72923,0
72924,1
72925,1
72926,0
72927,0
72928,0
72929,1
72930,0
72931,0
72932,0
72933,1
72934,1
72935,1
72936,1
72937,1
72938,1
72939,1
72940,1
72941,0
72942,1
72943,1
72944,1
72945,1
72946,0
72947,1
72948,0
72949,0
72950,1
72951,0
72952,1
72953,0
72954,1
72955,0
72956,0
72957,0
72958,1
72959,0
72960,1
72961,1
72962,0
72963,1
72964,1
72965,1
72966,0
72967,1
72968,1
72969,0
72970,0
72971,0
72972,0
72973,1
72974,0
72975,0
72976,1
72977,1
72978,0
72979,1
72980,0
72981,0
72982,1
72983,1
72984,1
72985,0
72986,0
72987,0
72988,0
72989,1
72990,1
72991,1
72992,1
72993,1
72994,0
72995,0
72996,0
72997,0
72998,1
72999,1
73000,0
73001,1
73002,1
73003,0
73004,1
73005,1
73006,0
73007,1
73008,1
73009,0
73010,0
73011,1
73012,0
73013,0
73014,0
73015,0
73016,0
73017,1
73018,0
73019,0
73020,1
73021,1
73022,1
73023,1
73024,0
73025,0
73026,1
73027,1
73028,1
73029,1
73030,0
73031,0
73032,0
73033,1
73034,1
73035,1
73036,1
73037,1
73038,0
73039,1
73040,0
73041,1
73042,0
73043,1
73044,0
73045,1
73046,0
73047,1
73048,1
73049,1
73050,0
73051,1
73052,1
73053,0
73054,0
73055,1
73056,1
73057,0
73058,0
73059,1
73060,1
73061,0
73062,1
73063,1
73064,1
73065,0
73066,0
73067,1
73068,0
73069,0
73070,1
73071,0
73072,0
73073,0
73074,1
73075,1
73076,1
73077,0
73078,0
73079,0
73080,1
73081,1
73082,1
73083,1
73084,0
73085,0
73086,0
73087,0
73088,1
73089,0
73090,0
73091,1
73092,1
73093,1
73094,1
73095,0
73096,0
73097,0
73098,0
73099,0
73100,0
73101,1
73102,1
73103,0
73104,1
73105,0
73106,1
73107,1
73108,0
73109,1
73110,1
73111,1
73112,0
73113,0
73114,0
73115,1
73116,0
73117,1
73118,0
73119,1
73120,0
73121,0
73122,1
73123,1
73124,0
73125,1
73126,0
73127,1
73128,1
73129,0
73130,0
73131,0
73132,0
73133,0
73134,1
73135,1
73136,1
73137,1
73138,1
73139,0
73140,0
73141,0
73142,0
73143,0
73144,1
73145,1
73146,1
73147,0
73148,1
73149,0
73150,1
73151,0
73152,0
73153,0
73154,1
73155,1
73156,0
73157,0
73158,0
73159,1
73160,1
73161,0
73162,1
73163,0
73164,1
73165,0
73166,0
73167,1
73168,0
73169,1
73170,0
73171,1
73172,1
73173,1
73174,1
73175,0
73176,1
73177,0
73178,1
73179,1
73180,1
73181,1
73182,0
73183,0
73184,1
73185,0
73186,0
73187,1
73188,1
73189,0
73190,1
73191,1
73192,0
73193,0
73194,0
73195,1
73196,1
73197,1
73198,1
73199,1
73200,1
73201,0
73202,1
73203,1
73204,0
73205,0
73206,1
73207,1
73208,1
73209,0
73210,0
73211,1
73212,0
73213,0
73214,1
73215,1
73216,1
73217,1
73218,1
73219,0
73220,1
73221,1
73222,0
73223,0
73224,1
73225,0
73226,1
73227,0
73228,0
73229,1
73230,0
73231,0
73232,0
73233,1
73234,1
73235,0
73236,1
73237,0
73238,0
73239,0
73240,1
73241,1
73242,1
73243,0
73244,0
73245,1
73246,0
73247,1
73248,1
73249,1
73250,0
73251,1
73252,1
73253,0
73254,1
73255,0
73256,0
73257,0
73258,0
73259,1
73260,0
73261,0
73262,0
73263,0
73264,1
73265,0
73266,0
73267,1
73268,0
73269,1
73270,1
73271,0
73272,0
73273,1
73274,1
73275,1
73276,1
73277,0
73278,1
73279,1
73280,0
73281,1
73282,0
73283,1
73284,1
73285,1
73286,0
73287,1
73288,0
73289,1
73290,1
73291,1
73292,1
73293,0
73294,0
73295,1
73296,1
73297,1
73298,1
73299,0
73300,0
73301,0
73302,0
73303,0
73304,1
73305,1
73306,1
73307,0
73308,0
73309,1
73310,1
73311,1
73312,0
73313,0
73314,0
73315,1
73316,1
73317,0
73318,0
73319,1
73320,0
73321,0
73322,0
73323,0
73324,0
73325,1
73326,0
73327,0
73328,1
73329,0
73330,0
73331,0
73332,1
73333,0
73334,1
73335,1
73336,1
73337,0
73338,0
73339,1
73340,0
73341,0
73342,1
73343,0
73344,0
73345,1
73346,1
73347,1
73348,0
73349,0
73350,0
73351,0
73352,0
73353,0
73354,1
73355,1
73356,1
73357,0
73358,1
73359,0
73360,0
73361,0
73362,0
73363,1
73364,1
73365,1
73366,0
73367,1
73368,0
73369,1
73370,1
73371,1
73372,1
73373,0
73374,0
73375,1
73376,0
73377,0
73378,0
73379,1
73380,0
73381,0
73382,1
73383,1
73384,1
73385,1
73386,0
73387,1
73388,0
73389,0
73390,1
73391,1
73392,1
73393,1
73394,0
73395,0
73396,1
73397,1
73398,0
73399,0
73400,1
73401,1
73402,0
73403,0
73404,0
73405,0
73406,1
73407,1
73408,0
73409,1
73410,1
73411,1
73412,1
73413,1
73414,0
73415,1
73416,1
73417,0
73418,0
73419,0
73420,1
73421,1
73422,0
73423,1
73424,0
73425,0
73426,1
73427,0
73428,1
73429,1
73430,0
73431,0
73432,0
73433,0
73434,0
73435,1
73436,1
73437,0
73438,0
73439,0
73440,0
73441,0
73442,0
73443,0
73444,1
73445,0
73446,1
73447,0
73448,1
73449,0
73450,1
73451,0
73452,0
73453,1
73454,1
73455,1
73456,1
73457,1
73458,0
73459,0
73460,0
73461,0
73462,0
73463,1
73464,0
73465,0
73466,0
73467,0
73468,1
73469,0
73470,0
73471,1
73472,1
73473,1
73474,0
73475,0
73476,0
73477,0
73478,1
73479,1
73480,0
73481,1
73482,1
73483,1
73484,0
73485,1
73486,1
73487,0
73488,0
73489,0
73490,0
73491,1
73492,1
73493,1
73494,0
73495,0
73496,1
73497,1
73498,1
73499,1
73500,1
73501,0
73502,1
73503,0
73504,1
73505,0
73506,1
73507,0
73508,1
73509,1
73510,0
73511,0
73512,1
73513,0
73514,0
73515,1
73516,0
73517,1
73518,0
73519,1
73520,1
73521,0
73522,1
73523,1
73524,0
73525,1
73526,1
73527,0
73528,0
73529,0
73530,1
73531,0
73532,1
73533,0
73534,0
73535,0
73536,0
73537,1
73538,1
73539,0
73540,1
73541,1
73542,1
73543,1
73544,1
73545,1
73546,1
73547,1
73548,0
73549,0
73550,1
73551,0
73552,1
73553,0
73554,0
73555,1
73556,1
73557,0
73558,1
73559,1
73560,0
73561,0
73562,0
73563,1
73564,1
73565,1
73566,0
73567,1
73568,1
73569,0
73570,1
73571,1
73572,0
73573,0
73574,1
73575,0
73576,1
73577,0
73578,0
73579,0
73580,0
73581,1
73582,1
73583,1
73584,1
73585,0
73586,0
73587,1
73588,0
73589,0
73590,1
73591,1
73592,1
73593,1
73594,0
73595,1
73596,1
73597,1
73598,0
73599,1
73600,1
73601,0
73602,0
73603,1
73604,0
73605,0
73606,0
73607,1
73608,1
73609,0
73610,0
73611,0
73612,1
73613,1
73614,0
73615,0
73616,1
73617,0
73618,1
73619,1
73620,0
73621,0
73622,1
73623,1
73624,1
73625,0
73626,1
73627,1
73628,1
73629,0
73630,0
73631,0
73632,0
73633,1
73634,1
73635,0
73636,1
73637,1
73638,0
73639,1
73640,1
73641,1
73642,0
73643,1
73644,0
73645,1
73646,0
73647,0
73648,0
73649,0
73650,0
73651,0
73652,1
73653,0
73654,0
73655,0
73656,0
73657,1
73658,1
73659,0
73660,0
73661,1
73662,1
73663,0
73664,0
73665,0
73666,0
73667,1
73668,1
73669,0
73670,1
73671,1
73672,0
73673,1
73674,1
73675,0
73676,1
73677,1
73678,1
73679,1
73680,0
73681,0
73682,0
73683,1
73684,0
73685,1
73686,1
73687,0
73688,0
73689,0
73690,0
73691,1
73692,0
73693,1
73694,1
73695,0
73696,1
73697,0
73698,0
73699,1
73700,1
73701,1
73702,0
73703,1
73704,0
73705,1
73706,1
73707,1
73708,0
73709,0
73710,1
73711,1
73712,1
73713,0
73714,0
73715,1
73716,1
73717,0
73718,0
73719,1
73720,1
73721,1
73722,0
73723,1
73724,0
73725,1
73726,0
73727,1
73728,1
73729,0
73730,1
73731,1
73732,1
73733,0
73734,1
73735,0
73736,0
73737,0
73738,1
73739,0
73740,0
73741,0
73742,1
73743,0
73744,1
73745,0
73746,0
73747,0
73748,0
73749,1
73750,0
73751,0
73752,1
73753,1
73754,0
73755,1
73756,0
73757,0
73758,1
73759,1
73760,0
73761,1
73762,0
73763,0
73764,1
73765,0
73766,0
73767,1
73768,1
73769,0
73770,1
73771,1
73772,0
73773,0
73774,1
73775,0
73776,0
73777,1
73778,0
73779,0
73780,0
73781,1
73782,0
73783,1
73784,1
73785,1
73786,0
73787,1
73788,0
73789,1
73790,1
73791,1
73792,0
73793,1
73794,0
73795,1
73796,1
73797,1
73798,1
73799,0
73800,1
73801,1
73802,1
73803,0
73804,0
73805,0
73806,1
73807,1
73808,0
73809,0
73810,1
73811,0
73812,0
73813,1
73814,0
73815,0
73816,0
73817,1
73818,0
73819,0
73820,0
73821,0
73822,0
73823,1
73824,0
73825,1
73826,1
73827,0
73828,1
73829,0
73830,0
73831,0
73832,0
73833,0
73834,1
73835,0
73836,1
73837,0
73838,0
73839,1
73840,0
73841,1
73842,1
73843,0
73844,0
73845,1
73846,1
73847,0
73848,0
73849,1
73850,1
73851,1
73852,1
73853,1
73854,1
73855,0
73856,0
73857,0
73858,1
73859,1
73860,1
73861,0
73862,1
73863,1
73864,0
73865,1
73866,0
73867,0
73868,0
73869,0
73870,1
73871,1
73872,0
73873,0
73874,1
73875,1
73876,0
73877,0
73878,0
73879,1
73880,1
73881,1
73882,1
73883,0
73884,1
73885,0
73886,1
73887,1
73888,0
73889,1
73890,1
73891,1
73892,1
73893,0
73894,0
73895,1
73896,1
73897,1
73898,0
73899,1
73900,0
73901,1
73902,0
73903,0
73904,1
73905,1
73906,1
73907,1
73908,0
73909,1
73910,1
73911,1
73912,0
73913,1
73914,0
73915,1
73916,0
73917,1
73918,1
73919,1
73920,0
73921,0
73922,1
73923,1
73924,1
73925,1
73926,0
73927,1
73928,0
73929,1
73930,0
73931,1
73932,1
73933,1
73934,0
73935,1
73936,0
73937,1
73938,1
73939,1
73940,0
73941,1
73942,1
73943,1
73944,0
73945,0
73946,1
73947,0
73948,1
73949,1
73950,0
73951,0
73952,1
73953,1
73954,0
73955,1
73956,1
73957,0
73958,0
73959,1
73960,1
73961,1
73962,0
73963,0
73964,0
73965,0
73966,1
73967,1
73968,0
73969,0
73970,0
73971,1
73972,0
73973,1
73974,0
73975,1
73976,0
73977,0
73978,1
73979,0
73980,1
73981,1
73982,0
73983,1
73984,1
73985,1
73986,0
73987,1
73988,1
73989,0
73990,1
73991,0
73992,0
73993,0
73994,1
73995,0
73996,1
73997,1
73998,1
73999,1
74000,0
74001,1
74002,0
74003,1
74004,0
74005,0
74006,0
74007,0
74008,0
74009,0
74010,1
74011,0
74012,0
74013,1
74014,0
74015,1
74016,0
74017,0
74018,1
74019,0
74020,0
74021,0
74022,1
74023,0
74024,1
74025,1
74026,0
74027,1
74028,0
74029,0
74030,1
74031,0
74032,1
74033,1
74034,1
74035,1
74036,1
74037,0
74038,0
74039,0
74040,1
74041,1
74042,1
74043,1
74044,0
74045,0
74046,1
74047,0
74048,1
74049,0
74050,1
74051,1
74052,1
74053,0
74054,0
74055,1
74056,1
74057,1
74058,1
74059,1
74060,1
74061,0
74062,0
74063,0
74064,0
74065,1
74066,1
74067,1
74068,0
74069,0
74070,1
74071,1
74072,1
74073,1
74074,1
74075,0
74076,1
74077,0
74078,1
74079,0
74080,0
74081,1
74082,1
74083,0
74084,1
74085,0
74086,1
74087,0
74088,0
74089,0
74090,0
74091,1
74092,0
74093,1
74094,0
74095,0
74096,1
74097,0
74098,0
74099,0
74100,1
74101,1
74102,0
74103,0
74104,1
74105,1
74106,0
74107,0
74108,1
74109,1
74110,0
74111,0
74112,0
74113,1
74114,1
74115,1
74116,0
74117,1
74118,0
74119,1
74120,1
74121,0
74122,0
74123,1
74124,1
74125,0
74126,1
74127,1
74128,1
74129,1
74130,0
74131,1
74132,0
74133,1
74134,0
74135,0
74136,1
74137,0
74138,0
74139,0
74140,1
74141,1
74142,0
74143,0
74144,0
74145,1
74146,1
74147,1
74148,1
74149,0
74150,1
74151,0
74152,0
74153,0
74154,1
74155,0
74156,1
74157,1
74158,0
74159,0
74160,0
74161,1
74162,1
74163,1
74164,0
74165,1
74166,1
74167,1
74168,0
74169,0
74170,1
74171,1
74172,0
74173,0
74174,0
74175,0
74176,0
74177,0
74178,0
74179,1
74180,0
74181,0
74182,0
74183,0
74184,0
74185,0
74186,1
74187,1
74188,0
74189,0
74190,0
74191,0
74192,1
74193,1
74194,0
74195,1
74196,0
74197,0
74198,1
74199,0
74200,1
74201,1
74202,0
74203,1
74204,0
74205,0
74206,0
74207,0
74208,1
74209,0
74210,1
74211,0
74212,1
74213,1
74214,1
74215,0
74216,0
74217,0
74218,0
74219,1
74220,1
74221,1
74222,1
74223,0
74224,0
74225,0
74226,1
74227,1
74228,0
74229,1
74230,0
74231,0
74232,1
74233,0
74234,1
74235,1
74236,0
74237,1
74238,0
74239,1
74240,0
74241,0
74242,0
74243,1
74244,1
74245,0
74246,0
74247,0
74248,1
74249,0
74250,1
74251,0
74252,1
74253,1
74254,1
74255,0
74256,1
74257,1
74258,0
74259,0
74260,1
74261,1
74262,0
74263,0
74264,0
74265,0
74266,1
74267,1
74268,1
74269,0
74270,1
74271,1
74272,1
74273,1
74274,1
74275,1
74276,1
74277,1
74278,0
74279,0
74280,0
74281,0
74282,0
74283,1
74284,0
74285,0
74286,0
74287,1
74288,0
74289,0
74290,1
74291,1
74292,1
74293,0
74294,1
74295,0
74296,1
74297,1
74298,0
74299,0
74300,1
74301,1
74302,1
74303,1
74304,1
74305,0
74306,0
74307,0
74308,1
74309,0
74310,0
74311,1
74312,1
74313,0
74314,1
74315,1
74316,1
74317,1
74318,0
74319,1
74320,1
74321,0
74322,1
74323,1
74324,1
74325,0
74326,1
74327,0
74328,1
74329,1
74330,0
74331,1
74332,0
74333,0
74334,1
74335,0
74336,1
74337,0
74338,0
74339,0
74340,1
74341,0
74342,0
74343,1
74344,1
74345,1
74346,0
74347,0
74348,0
74349,1
74350,0
74351,0
74352,0
74353,1
74354,0
74355,0
74356,1
74357,1
74358,1
74359,0
74360,1
74361,0
74362,0
74363,0
74364,1
74365,1
74366,0
74367,0
74368,1
74369,1
74370,0
74371,0
74372,0
74373,1
74374,1
74375,1
74376,0
74377,1
74378,0
74379,0
74380,0
74381,1
74382,1
74383,0
74384,1
74385,0
74386,0
74387,1
74388,1
74389,1
74390,0
74391,0
74392,1
74393,0
74394,1
74395,0
74396,1
74397,1
74398,0
74399,1
74400,1
74401,0
74402,0
74403,1
74404,0
74405,1
74406,0
74407,0
74408,1
74409,1
74410,1
74411,1
74412,0
74413,0
74414,1
74415,1
74416,1
74417,1
74418,1
74419,1
74420,1
74421,0
74422,0
74423,1
74424,1
74425,0
74426,1
74427,1
74428,0
74429,1
74430,1
74431,1
74432,1
74433,1
74434,1
74435,0
74436,1
74437,1
74438,1
74439,0
74440,1
74441,0
74442,1
74443,0
74444,1
74445,1
74446,0
74447,0
74448,0
74449,0
74450,0
74451,1
74452,0
74453,0
74454,1
74455,1
74456,1
74457,1
74458,0
74459,1
74460,0
74461,0
74462,1
74463,1
74464,0
74465,1
74466,1
74467,1
74468,1
74469,0
74470,0
74471,0
74472,1
74473,1
74474,1
74475,1
74476,0
74477,0
74478,0
74479,0
74480,0
74481,0
74482,1
74483,0
74484,1
74485,1
74486,0
74487,1
74488,0
74489,0
74490,1
74491,0
74492,0
74493,1
74494,0
74495,0
74496,1
74497,1
74498,0
74499,0
74500,1
74501,0
74502,0
74503,1
74504,1
74505,0
74506,0
74507,0
74508,1
74509,1
74510,1
74511,0
74512,1
74513,0
74514,1
74515,1
74516,1
74517,0
74518,1
74519,0
74520,0
74521,0
74522,1
74523,0
74524,0
74525,0
74526,0
74527,1
74528,0
74529,1
74530,0
74531,0
74532,0
74533,1
74534,0
74535,1
74536,0
74537,1
74538,1
74539,1
74540,1
74541,0
74542,1
74543,1
74544,0
74545,1
74546,0
74547,1
74548,1
74549,0
74550,1
74551,1
74552,1
74553,0
74554,1
74555,1
74556,1
74557,0
74558,0
74559,1
74560,0
74561,0
74562,1
74563,0
74564,1
74565,1
74566,1
74567,1
74568,0
74569,1
74570,1
74571,1
74572,0
74573,1
74574,0
74575,1
74576,0
74577,1
74578,0
74579,1
74580,1
74581,0
74582,0
74583,0
74584,0
74585,0
74586,0
74587,1
74588,0
74589,1
74590,1
74591,1
74592,0
74593,0
74594,0
74595,0
74596,1
74597,1
74598,0
74599,0
74600,1
74601,0
74602,0
74603,1
74604,1
74605,0
74606,1
74607,1
74608,1
74609,0
74610,1
74611,1
74612,1
74613,1
74614,1
74615,0
74616,1
74617,0
74618,1
74619,0
74620,0
74621,0
74622,0
74623,0
74624,0
74625,1
74626,1
74627,0
74628,0
74629,1
74630,1
74631,1
74632,1
74633,1
74634,1
74635,1
74636,1
74637,0
74638,1
74639,1
74640,1
74641,0
74642,0
74643,1
74644,0
74645,0
74646,1
74647,0
74648,1
74649,0
74650,1
74651,1
74652,0
74653,0
74654,1
74655,0
74656,1
74657,0
74658,1
74659,1
74660,1
74661,0
74662,1
74663,1
74664,0
74665,1
74666,0
74667,0
74668,1
74669,0
74670,0
74671,0
74672,0
74673,0
74674,0
74675,0
74676,0
74677,1
74678,1
74679,1
74680,1
74681,0
74682,0
74683,1
74684,0
74685,1
74686,0
74687,0
74688,1
74689,1
74690,0
74691,1
74692,0
74693,0
74694,1
74695,0
74696,1
74697,1
74698,0
74699,1
74700,1
74701,0
74702,1
74703,1
74704,1
74705,0
74706,0
74707,0
74708,1
74709,1
74710,1
74711,0
74712,0
74713,1
74714,1
74715,0
74716,1
74717,0
74718,1
74719,0
74720,0
74721,1
74722,0
74723,1
74724,0
74725,1
74726,0
74727,1
74728,0
74729,0
74730,0
74731,1
74732,1
74733,1
74734,0
74735,1
74736,0
74737,0
74738,0
74739,1
74740,1
74741,1
74742,0
74743,1
74744,0
74745,1
74746,0
74747,0
74748,1
74749,0
74750,1
74751,0
74752,0
74753,0
74754,1
74755,1
74756,1
74757,1
74758,0
74759,0
74760,0
74761,0
74762,0
74763,1
74764,1
74765,0
74766,1
74767,1
74768,1
74769,1
74770,1
74771,1
74772,0
74773,1
74774,0
74775,0
74776,0
74777,0
74778,1
74779,1
74780,1
74781,1
74782,0
74783,0
74784,1
74785,1
74786,0
74787,1
74788,0
74789,1
74790,0
74791,1
74792,1
74793,1
74794,0
74795,1
74796,1
74797,0
74798,0
74799,1
74800,0
74801,0
74802,0
74803,0
74804,0
74805,0
74806,0
74807,0
74808,1
74809,0
74810,1
74811,1
74812,0
74813,0
74814,1
74815,0
74816,1
74817,1
74818,1
74819,0
74820,0
74821,0
74822,1
74823,0
74824,1
74825,0
74826,1
74827,0
74828,1
74829,1
74830,0
74831,0
74832,1
74833,0
74834,0
74835,1
74836,1
74837,1
74838,0
74839,1
74840,0
74841,0
74842,0
74843,1
74844,1
74845,1
74846,1
74847,0
74848,1
74849,1
74850,0
74851,1
74852,1
74853,0
74854,0
74855,1
74856,0
74857,1
74858,0
74859,1
74860,1
74861,0
74862,0
74863,0
74864,0
74865,1
74866,0
74867,1
74868,0
74869,1
74870,0
74871,1
74872,0
74873,1
74874,0
74875,1
74876,1
74877,0
74878,0
74879,0
74880,1
74881,0
74882,1
74883,0
74884,1
74885,0
74886,0
74887,1
74888,1
74889,1
74890,0
74891,1
74892,0
74893,0
74894,0
74895,1
74896,0
74897,1
74898,1
74899,0
74900,0
74901,1
74902,1
74903,0
74904,1
74905,0
74906,0
74907,1
74908,1
74909,0
74910,1
74911,1
74912,1
74913,0
74914,1
74915,0
74916,1
74917,0
74918,1
74919,0
74920,1
74921,0
74922,0
74923,1
74924,0
74925,1
74926,1
74927,0
74928,0
74929,0
74930,0
74931,1
74932,0
74933,1
74934,1
74935,1
74936,1
74937,0
74938,0
74939,1
74940,1
74941,1
74942,1
74943,1
74944,1
74945,1
74946,0
74947,1
74948,1
74949,0
74950,1
74951,0
74952,1
74953,0
74954,1
74955,1
74956,0
74957,1
74958,0
74959,1
74960,1
74961,0
74962,1
74963,0
74964,1
74965,1
74966,0
74967,0
74968,0
74969,1
74970,1
74971,0
74972,1
74973,1
74974,0
74975,1
74976,0
74977,1
74978,1
74979,1
74980,0
74981,1
74982,0
74983,1
74984,0
74985,1
74986,0
74987,0
74988,0
74989,0
74990,0
74991,1
74992,0
74993,1
74994,1
74995,0
74996,1
74997,0
74998,0
74999,1
75000,1
75001,0
75002,0
75003,1
75004,1
75005,1
75006,0
75007,0
75008,1
75009,1
75010,0
75011,1
75012,1
75013,0
75014,0
75015,1
75016,1
75017,1
75018,1
75019,0
75020,0
75021,1
75022,1
75023,0
75024,0
75025,0
75026,0
75027,1
75028,0
75029,1
75030,1
75031,0
75032,0
75033,1
75034,0
75035,1
75036,1
75037,0
75038,0
75039,1
75040,1
75041,0
75042,0
75043,0
75044,1
75045,0
75046,0
75047,1
75048,0
75049,1
75050,1
75051,1
75052,0
75053,1
75054,1
75055,1
75056,0
75057,0
75058,0
75059,1
75060,1
75061,0
75062,0
75063,1
75064,1
75065,1
75066,0
75067,0
75068,0
75069,1
75070,0
75071,0
75072,0
75073,1
75074,1
75075,0
75076,0
75077,0
75078,1
75079,1
75080,1
75081,1
75082,0
75083,0
75084,1
75085,1
75086,1
75087,0
75088,1
75089,1
75090,0
75091,1
75092,0
75093,1
75094,1
75095,0
75096,1
75097,1
75098,1
75099,0
75100,0
75101,1
75102,0
75103,0
75104,0
75105,0
75106,0
75107,0
75108,1
75109,0
75110,0
75111,1
75112,1
75113,0
75114,1
75115,1
75116,1
75117,1
75118,1
75119,0
75120,0
75121,1
75122,1
75123,0
75124,1
75125,1
75126,1
75127,1
75128,1
75129,1
75130,1
75131,1
75132,1
75133,1
75134,0
75135,0
75136,0
75137,0
75138,0
75139,1
75140,1
75141,0
75142,0
75143,1
75144,0
75145,1
75146,0
75147,1
75148,0
75149,0
75150,0
75151,0
75152,0
75153,1
75154,1
75155,1
75156,1
75157,0
75158,1
75159,1
75160,1
75161,0
75162,0
75163,0
75164,0
75165,1
75166,0
75167,1
75168,1
75169,1
75170,0
75171,0
75172,1
75173,0
75174,1
75175,0
75176,1
75177,0
75178,1
75179,0
75180,0
75181,1
75182,1
75183,1
75184,1
75185,0
75186,0
75187,1
75188,1
75189,0
75190,1
75191,1
75192,1
75193,0
75194,1
75195,1
75196,1
75197,0
75198,0
75199,1
75200,1
75201,0
75202,0
75203,0
75204,0
75205,1
75206,1
75207,0
75208,1
75209,0
75210,1
75211,0
75212,0
75213,1
75214,1
75215,0
75216,1
75217,0
75218,0
75219,1
75220,0
75221,1
75222,1
75223,1
75224,0
75225,0
75226,0
75227,0
75228,0
75229,0
75230,0
75231,1
75232,1
75233,1
75234,1
75235,1
75236,0
75237,1
75238,1
75239,0
75240,1
75241,1
75242,1
75243,0
75244,0
75245,0
75246,1
75247,1
75248,1
75249,1
75250,0
75251,1
75252,0
75253,1
75254,0
75255,1
75256,1
75257,0
75258,0
75259,1
75260,0
75261,0
75262,1
75263,0
75264,1
75265,1
75266,1
75267,1
75268,1
75269,1
75270,0
75271,0
75272,1
75273,1
75274,1
75275,0
75276,1
75277,1
75278,0
75279,0
75280,0
75281,0
75282,0
75283,0
75284,1
75285,0
75286,0
75287,1
75288,1
75289,1
75290,0
75291,0
75292,1
75293,0
75294,0
75295,1
75296,1
75297,1
75298,1
75299,1
75300,0
75301,0
75302,0
75303,1
75304,1
75305,0
75306,1
75307,0
75308,1
75309,0
75310,1
75311,1
75312,0
75313,0
75314,1
75315,1
75316,1
75317,1
75318,1
75319,1
75320,0
75321,1
75322,0
75323,1
75324,0
75325,1
75326,0
75327,1
75328,0
75329,0
75330,0
75331,0
75332,1
75333,1
75334,0
75335,1
75336,1
75337,1
75338,1
75339,1
75340,1
75341,1
75342,0
75343,0
75344,1
75345,0
75346,0
75347,1
75348,0
75349,0
75350,0
75351,1
75352,1
75353,1
75354,0
75355,1
75356,0
75357,1
75358,0
75359,0
75360,1
75361,1
75362,1
75363,1
75364,1
75365,1
75366,1
75367,0
75368,1
75369,1
75370,1
75371,1
75372,0
75373,0
75374,0
75375,0
75376,1
75377,0
75378,0
75379,0
75380,0
75381,0
75382,1
75383,0
75384,0
75385,0
75386,1
75387,1
75388,1
75389,0
75390,0
75391,1
75392,0
75393,1
75394,1
75395,1
75396,1
75397,1
75398,0
75399,1
75400,1
75401,1
75402,1
75403,0
75404,1
75405,0
75406,0
75407,0
75408,0
75409,0
75410,1
75411,1
75412,1
75413,1
75414,0
75415,1
75416,0
75417,1
75418,1
75419,1
75420,0
75421,1
75422,1
75423,0
75424,0
75425,1
75426,1
75427,0
75428,1
75429,1
75430,0
75431,1
75432,0
75433,1
75434,1
75435,1
75436,0
75437,1
75438,0
75439,0
75440,1
75441,1
75442,1
75443,1
75444,1
75445,1
75446,1
75447,0
75448,0
75449,1
75450,0
75451,0
75452,0
75453,1
75454,0
75455,1
75456,0
75457,0
75458,1
75459,1
75460,1
75461,1
75462,1
75463,0
75464,0
75465,0
75466,1
75467,0
75468,1
75469,0
75470,1
75471,0
75472,1
75473,0
75474,0
75475,1
75476,1
75477,1
75478,1
75479,0
75480,1
75481,1
75482,1
75483,1
75484,0
75485,1
75486,1
75487,0
75488,1
75489,1
75490,1
75491,1
75492,1
75493,0
75494,0
75495,0
75496,0
75497,0
75498,0
75499,0
75500,1
75501,0
75502,0
75503,1
75504,1
75505,0
75506,1
75507,0
75508,0
75509,0
75510,1
75511,0
75512,1
75513,1
75514,0
75515,1
75516,0
75517,0
75518,0
75519,0
75520,1
75521,1
75522,1
75523,1
75524,0
75525,1
75526,1
75527,0
75528,0
75529,1
75530,1
75531,1
75532,1
75533,1
75534,1
75535,0
75536,0
75537,1
75538,0
75539,1
75540,0
75541,0
75542,1
75543,1
75544,1
75545,1
75546,1
75547,0
75548,1
75549,1
75550,0
75551,1
75552,0
75553,0
75554,1
75555,0
75556,1
75557,0
75558,1
75559,0
75560,1
75561,1
75562,1
75563,1
75564,0
75565,0
75566,1
75567,0
75568,0
75569,1
75570,0
75571,1
75572,0
75573,0
75574,0
75575,1
75576,1
75577,1
75578,1
75579,1
75580,0
75581,1
75582,0
75583,1
75584,0
75585,0
75586,0
75587,0
75588,0
75589,1
75590,1
75591,1
75592,0
75593,1
75594,0
75595,0
75596,1
75597,1
75598,0
75599,0
75600,0
75601,1
75602,0
75603,1
75604,0
75605,1
75606,1
75607,1
75608,0
75609,1
75610,1
75611,1
75612,0
75613,0
75614,1
75615,0
75616,0
75617,0
75618,1
75619,0
75620,0
75621,1
75622,1
75623,1
75624,0
75625,1
75626,0
75627,0
75628,1
75629,0
75630,1
75631,0
75632,0
75633,1
75634,0
75635,0
75636,0
75637,1
75638,0
75639,1
75640,0
75641,1
75642,0
75643,0
75644,0
75645,0
75646,0
75647,1
75648,0
75649,0
75650,0
75651,1
75652,0
75653,1
75654,0
75655,0
75656,1
75657,0
75658,0
75659,1
75660,0
75661,1
75662,1
75663,0
75664,0
75665,0
75666,0
75667,1
75668,1
75669,0
75670,1
75671,1
75672,1
75673,0
75674,1
75675,0
75676,0
75677,1
75678,1
75679,1
75680,0
75681,0
75682,1
75683,1
75684,1
75685,0
75686,0
75687,0
75688,0
75689,1
75690,1
75691,1
75692,1
75693,0
75694,0
75695,1
75696,0
75697,0
75698,0
75699,0
75700,0
75701,1
75702,1
75703,1
75704,0
75705,1
75706,0
75707,0
75708,1
75709,0
75710,0
75711,1
75712,0
75713,1
75714,0
75715,1
75716,0
75717,0
75718,0
75719,0
75720,1
75721,1
75722,0
75723,1
75724,0
75725,1
75726,0
75727,1
75728,0
75729,0
75730,0
75731,1
75732,1
75733,1
75734,1
75735,0
75736,1
75737,1
75738,0
75739,1
75740,0
75741,0
75742,1
75743,1
75744,0
75745,0
75746,0
75747,1
75748,0
75749,0
75750,0
75751,0
75752,1
75753,0
75754,0
75755,0
75756,1
75757,0
75758,0
75759,0
75760,0
75761,0
75762,1
75763,0
75764,0
75765,0
75766,0
75767,1
75768,0
75769,1
75770,0
75771,1
75772,0
75773,1
75774,1
75775,1
75776,1
75777,1
75778,0
75779,0
75780,0
75781,1
75782,0
75783,0
75784,1
75785,1
75786,0
75787,0
75788,0
75789,0
75790,0
75791,0
75792,1
75793,0
75794,0
75795,1
75796,0
75797,0
75798,0
75799,1
75800,0
75801,0
75802,0
75803,1
75804,1
75805,0
75806,1
75807,1
75808,1
75809,0
75810,1
75811,1
75812,1
75813,0
75814,1
75815,0
75816,0
75817,1
75818,1
75819,1
75820,1
75821,0
75822,0
75823,0
75824,1
75825,0
75826,1
75827,0
75828,0
75829,0
75830,1
75831,0
75832,1
75833,0
75834,1
75835,1
75836,1
75837,1
75838,0
75839,0
75840,0
75841,0
75842,0
75843,0
75844,0
75845,0
75846,1
75847,0
75848,1
75849,1
75850,1
75851,1
75852,0
75853,1
75854,1
75855,0
75856,1
75857,0
75858,1
75859,0
75860,0
75861,1
75862,1
75863,0
75864,0
75865,1
75866,1
75867,0
75868,1
75869,0
75870,0
75871,0
75872,0
75873,1
75874,1
75875,1
75876,1
75877,0
75878,1
75879,1
75880,1
75881,0
75882,1
75883,1
75884,1
75885,0
75886,1
75887,1
75888,0
75889,1
75890,1
75891,1
75892,1
75893,0
75894,1
75895,1
75896,0
75897,1
75898,0
75899,0
75900,1
75901,1
75902,0
75903,1
75904,0
75905,0
75906,1
75907,1
75908,1
75909,1
75910,0
75911,0
75912,1
75913,1
75914,1
75915,0
75916,1
75917,0
75918,0
75919,0
75920,1
75921,1
75922,1
75923,1
75924,1
75925,1
75926,1
75927,0
75928,1
75929,0
75930,1
75931,0
75932,0
75933,0
75934,0
75935,0
75936,0
75937,1
75938,0
75939,1
75940,1
75941,1
75942,0
75943,0
75944,1
75945,0
75946,1
75947,0
75948,0
75949,1
75950,1
75951,0
75952,1
75953,0
75954,0
75955,0
75956,0
75957,1
75958,0
75959,1
75960,0
75961,0
75962,0
75963,1
75964,0
75965,1
75966,1
75967,0
75968,0
75969,1
75970,0
75971,1
75972,1
75973,1
75974,1
75975,1
75976,0
75977,0
75978,1
75979,0
75980,0
75981,1
75982,0
75983,0
75984,0
75985,1
75986,1
75987,0
75988,1
75989,1
75990,1
75991,1
75992,0
75993,1
75994,1
75995,0
75996,0
75997,0
75998,1
75999,1
76000,1
76001,0
76002,1
76003,1
76004,0
76005,1
76006,0
76007,1
76008,0
76009,1
76010,1
76011,1
76012,1
76013,1
76014,1
76015,1
76016,0
76017,0
76018,1
76019,0
76020,0
76021,0
76022,0
76023,1
76024,0
76025,1
76026,0
76027,1
76028,1
76029,0
76030,1
76031,1
76032,1
76033,1
76034,1
76035,0
76036,1
76037,0
76038,0
76039,1
76040,1
76041,1
76042,1
76043,1
76044,0
76045,1
76046,1
76047,1
76048,1
76049,1
76050,0
76051,0
76052,1
76053,0
76054,1
76055,1
76056,1
76057,0
76058,1
76059,1
76060,0
76061,0
76062,0
76063,1
76064,1
76065,1
76066,0
76067,1
76068,1
76069,0
76070,1
76071,0
76072,0
76073,1
76074,0
76075,1
76076,0
76077,0
76078,0
76079,1
76080,0
76081,0
76082,0
76083,1
76084,1
76085,0
76086,1
76087,1
76088,0
76089,0
76090,0
76091,1
76092,0
76093,0
76094,0
76095,1
76096,0
76097,1
76098,0
76099,1
76100,0
76101,0
76102,0
76103,0
76104,0
76105,1
76106,1
76107,0
76108,1
76109,1
76110,0
76111,0
76112,1
76113,0
76114,1
76115,0
76116,1
76117,0
76118,0
76119,0
76120,0
76121,0
76122,1
76123,0
76124,1
76125,1
76126,0
76127,0
76128,1
76129,0
76130,0
76131,0
76132,0
76133,0
76134,0
76135,0
76136,1
76137,0
76138,0
76139,0
76140,0
76141,0
76142,1
76143,1
76144,1
76145,1
76146,0
76147,1
76148,0
76149,1
76150,1
76151,1
76152,1
76153,1
76154,1
76155,1
76156,1
76157,1
76158,0
76159,1
76160,0
76161,1
76162,1
76163,0
76164,1
76165,0
76166,1
76167,0
76168,1
76169,1
76170,0
76171,0
76172,0
76173,1
76174,1
76175,1
76176,0
76177,0
76178,1
76179,1
76180,1
76181,1
76182,0
76183,1
76184,1
76185,0
76186,0
76187,1
76188,1
76189,1
76190,1
76191,1
76192,1
76193,1
76194,1
76195,1
76196,1
76197,0
76198,1
76199,0
76200,1
76201,0
76202,1
76203,0
76204,0
76205,0
76206,1
76207,1
76208,0
76209,1
76210,0
76211,0
76212,1
76213,1
76214,1
76215,0
76216,0
76217,0
76218,1
76219,1
76220,1
76221,0
76222,0
76223,0
76224,0
76225,1
76226,0
76227,0
76228,1
76229,0
76230,1
76231,0
76232,1
76233,1
76234,0
76235,0
76236,1
76237,0
76238,1
76239,1
76240,1
76241,0
76242,1
76243,1
76244,0
76245,0
76246,1
76247,0
76248,0
76249,0
76250,0
76251,0
76252,1
76253,0
76254,1
76255,0
76256,0
76257,0
76258,0
76259,0
76260,1
76261,0
76262,1
76263,1
76264,1
76265,0
76266,0
76267,1
76268,1
76269,1
76270,1
76271,0
76272,1
76273,1
76274,1
76275,0
76276,0
76277,1
76278,1
76279,1
76280,1
76281,1
76282,0
76283,1
76284,0
76285,1
76286,1
76287,0
76288,0
76289,0
76290,0
76291,0
76292,0
76293,0
76294,0
76295,0
76296,1
76297,0
76298,1
76299,1
76300,0
76301,1
76302,0
76303,1
76304,1
76305,0
76306,0
76307,1
76308,1
76309,0
76310,0
76311,1
76312,1
76313,1
76314,1
76315,1
76316,1
76317,1
76318,0
76319,1
76320,0
76321,0
76322,1
76323,0
76324,1
76325,0
76326,1
76327,0
76328,0
76329,1
76330,0
76331,0
76332,0
76333,1
76334,1
76335,1
76336,1
76337,1
76338,0
76339,1
76340,1
76341,0
76342,0
76343,1
76344,1
76345,1
76346,1
76347,1
76348,1
76349,1
76350,1
76351,1
76352,0
76353,1
76354,1
76355,1
76356,0
76357,1
76358,1
76359,1
76360,0
76361,0
76362,0
76363,0
76364,1
76365,0
76366,1
76367,0
76368,1
76369,1
76370,1
76371,0
76372,1
76373,1
76374,0
76375,0
76376,0
76377,0
76378,0
76379,1
76380,1
76381,1
76382,0
76383,0
76384,1
76385,0
76386,0
76387,0
76388,0
76389,1
76390,0
76391,1
76392,0
76393,1
76394,1
76395,1
76396,0
76397,1
76398,1
76399,0
76400,1
76401,0
76402,1
76403,1
76404,0
76405,0
76406,1
76407,1
76408,1
76409,1
76410,0
76411,0
76412,1
76413,0
76414,0
76415,0
76416,0
76417,0
76418,0
76419,1
76420,1
76421,0
76422,0
76423,1
76424,0
76425,0
76426,1
76427,0
76428,0
76429,1
76430,0
76431,0
76432,1
76433,1
76434,1
76435,1
76436,0
76437,0
76438,0
76439,0
76440,0
76441,0
76442,1
76443,0
76444,0
76445,0
76446,1
76447,0
76448,1
76449,1
76450,1
76451,1
76452,0
76453,1
76454,0
76455,1
76456,1
76457,1
76458,0
76459,0
76460,0
76461,1
76462,1
76463,0
76464,1
76465,1
76466,1
76467,0
76468,0
76469,0
76470,0
76471,1
76472,1
76473,1
76474,1
76475,0
76476,0
76477,0
76478,0
76479,0
76480,0
76481,1
76482,1
76483,0
76484,1
76485,0
76486,0
76487,0
76488,0
76489,0
76490,0
76491,0
76492,1
76493,1
76494,0
76495,1
76496,1
76497,0
76498,1
76499,0
76500,0
76501,1
76502,1
76503,0
76504,1
76505,0
76506,1
76507,0
76508,1
76509,0
76510,0
76511,1
76512,0
76513,0
76514,0
76515,1
76516,0
76517,1
76518,1
76519,1
76520,1
76521,0
76522,0
76523,1
76524,0
76525,0
76526,0
76527,1
76528,1
76529,0
76530,0
76531,0
76532,1
76533,0
76534,0
76535,1
76536,0
76537,0
76538,1
76539,1
76540,0
76541,1
76542,1
76543,0
76544,1
76545,1
76546,0
76547,1
76548,0
76549,1
76550,1
76551,1
76552,0
76553,0
76554,1
76555,1
76556,1
76557,0
76558,0
76559,0
76560,1
76561,1
76562,0
76563,0
76564,0
76565,1
76566,0
76567,0
76568,1
76569,0
76570,1
76571,1
76572,1
76573,0
76574,1
76575,0
76576,0
76577,1
76578,0
76579,0
76580,0
76581,1
76582,1
76583,1
76584,1
76585,1
76586,0
76587,0
76588,1
76589,0
76590,0
76591,0
76592,1
76593,0
76594,1
76595,0
76596,1
76597,1
76598,1
76599,1
76600,0
76601,0
76602,1
76603,1
76604,1
76605,1
76606,1
76607,0
76608,1
76609,1
76610,0
76611,1
76612,1
76613,0
76614,0
76615,0
76616,0
76617,0
76618,0
76619,0
76620,1
76621,0
76622,1
76623,0
76624,0
76625,1
76626,1
76627,1
76628,1
76629,1
76630,1
76631,1
76632,1
76633,0
76634,0
76635,1
76636,1
76637,0
76638,0
76639,0
76640,0
76641,1
76642,0
76643,0
76644,0
76645,0
76646,0
76647,1
76648,0
76649,0
76650,1
76651,0
76652,0
76653,0
76654,0
76655,1
76656,1
76657,1
76658,0
76659,0
76660,1
76661,0
76662,0
76663,0
76664,1
76665,1
76666,0
76667,0
76668,0
76669,0
76670,0
76671,1
76672,0
76673,0
76674,0
76675,0
76676,0
76677,0
76678,0
76679,1
76680,0
76681,0
76682,0
76683,0
76684,1
76685,1
76686,0
76687,0
76688,0
76689,1
76690,0
76691,0
76692,0
76693,1
76694,0
76695,1
76696,0
76697,1
76698,0
76699,0
76700,0
76701,1
76702,0
76703,1
76704,0
76705,1
76706,0
76707,1
76708,0
76709,0
76710,1
76711,1
76712,1
76713,0
76714,0
76715,1
76716,0
76717,1
76718,0
76719,1
76720,0
76721,1
76722,0
76723,0
76724,1
76725,0
76726,1
76727,0
76728,0
76729,1
76730,1
76731,1
76732,0
76733,1
76734,1
76735,0
76736,0
76737,0
76738,1
76739,0
76740,1
76741,1
76742,1
76743,0
76744,1
76745,1
76746,0
76747,0
76748,1
76749,1
76750,1
76751,0
76752,0
76753,1
76754,0
76755,1
76756,0
76757,1
76758,0
76759,1
76760,1
76761,1
76762,0
76763,1
76764,1
76765,0
76766,1
76767,0
76768,0
76769,1
76770,0
76771,1
76772,0
76773,1
76774,0
76775,1
76776,1
76777,0
76778,0
76779,0
76780,1
76781,1
76782,0
76783,1
76784,1
76785,0
76786,0
76787,1
76788,0
76789,1
76790,0
76791,0
76792,1
76793,1
76794,1
76795,0
76796,1
76797,1
76798,1
76799,0
76800,0
76801,1
76802,0
76803,0
76804,0
76805,0
76806,1
76807,0
76808,0
76809,0
76810,0
76811,1
76812,0
76813,1
76814,1
76815,1
76816,0
76817,0
76818,0
76819,1
76820,1
76821,1
76822,0
76823,0
76824,0
76825,0
76826,1
76827,1
76828,1
76829,0
76830,1
76831,0
76832,1
76833,1
76834,1
76835,0
76836,0
76837,0
76838,1
76839,0
76840,0
76841,1
76842,0
76843,1
76844,1
76845,1
76846,0
76847,1
76848,1
76849,1
76850,0
76851,1
76852,0
76853,1
76854,0
76855,0
76856,0
76857,1
76858,0
76859,1
76860,1
76861,1
76862,1
76863,0
76864,1
76865,0
76866,1
76867,1
76868,0
76869,1
76870,1
76871,0
76872,1
76873,1
76874,0
76875,0
76876,0
76877,1
76878,0
76879,1
76880,1
76881,1
76882,1
76883,0
76884,0
76885,1
76886,1
76887,1
76888,1
76889,0
76890,1
76891,1
76892,0
76893,1
76894,1
76895,0
76896,0
76897,1
76898,1
76899,1
76900,0
76901,0
76902,0
76903,0
76904,0
76905,1
76906,1
76907,1
76908,1
76909,1
76910,1
76911,1
76912,1
76913,1
76914,1
76915,1
76916,0
76917,1
76918,1
76919,0
76920,0
76921,0
76922,1
76923,1
76924,0
76925,1
76926,1
76927,1
76928,1
76929,0
76930,1
76931,0
76932,0
76933,1
76934,0
76935,0
76936,1
76937,1
76938,0
76939,0
76940,0
76941,1
76942,1
76943,1
76944,1
76945,1
76946,0
76947,0
76948,1
76949,1
76950,0
76951,1
76952,1
76953,1
76954,1
76955,0
76956,0
76957,0
76958,0
76959,1
76960,1
76961,0
76962,1
76963,0
76964,0
76965,0
76966,0
76967,1
76968,0
76969,1
76970,0
76971,1
76972,1
76973,0
76974,0
76975,0
76976,0
76977,0
76978,1
76979,0
76980,1
76981,1
76982,1
76983,1
76984,1
76985,0
76986,1
76987,0
76988,0
76989,0
76990,1
76991,0
76992,0
76993,0
76994,1
76995,0
76996,0
76997,0
76998,1
76999,0
77000,1
77001,1
77002,0
77003,0
77004,1
77005,0
77006,1
77007,0
77008,0
77009,0
77010,0
77011,1
77012,0
77013,1
77014,0
77015,0
77016,0
77017,1
77018,1
77019,1
77020,0
77021,0
77022,1
77023,1
77024,0
77025,0
77026,0
77027,0
77028,0
77029,0
77030,1
77031,0
77032,0
77033,0
77034,1
77035,1
77036,0
77037,1
77038,1
77039,0
77040,0
77041,0
77042,1
77043,0
77044,1
77045,0
77046,0
77047,1
77048,1
77049,0
77050,1
77051,1
77052,0
77053,1
77054,0
77055,0
77056,1
77057,1
77058,0
77059,1
77060,1
77061,1
77062,0
77063,1
77064,0
77065,0
77066,1
77067,0
77068,1
77069,0
77070,1
77071,0
77072,0
77073,0
77074,0
77075,0
77076,0
77077,0
77078,0
77079,0
77080,0
77081,1
77082,0
77083,0
77084,1
77085,1
77086,1
77087,1
77088,0
77089,1
77090,0
77091,0
77092,0
77093,0
77094,1
77095,0
77096,1
77097,1
77098,0
77099,0
77100,1
77101,0
77102,1
77103,1
77104,1
77105,0
77106,0
77107,0
77108,1
77109,0
77110,0
77111,1
77112,1
77113,1
77114,0
77115,1
77116,0
77117,0
77118,1
77119,1
77120,0
77121,1
77122,0
77123,1
77124,1
77125,0
77126,1
77127,0
77128,0
77129,1
77130,1
77131,1
77132,1
77133,0
77134,1
77135,1
77136,1
77137,0
77138,0
77139,0
77140,1
77141,1
77142,0
77143,0
77144,1
77145,1
77146,1
77147,1
77148,1
77149,1
77150,1
77151,1
77152,1
77153,0
77154,1
77155,1
77156,0
77157,1
77158,1
77159,0
77160,1
77161,0
77162,0
77163,0
77164,1
77165,0
77166,0
77167,1
77168,0
77169,1
77170,1
77171,0
77172,0
77173,1
77174,0
77175,1
77176,0
77177,0
77178,1
77179,1
77180,1
77181,1
77182,1
77183,0
77184,1
77185,0
77186,0
77187,1
77188,1
77189,1
77190,1
77191,0
77192,0
77193,0
77194,1
77195,1
77196,0
77197,1
77198,1
77199,0
77200,0
77201,1
77202,0
77203,1
77204,1
77205,0
77206,0
77207,1
77208,1
77209,0
77210,0
77211,0
77212,1
77213,0
77214,1
77215,1
77216,1
77217,1
77218,1
77219,0
77220,1
77221,0
77222,0
77223,1
77224,1
77225,1
77226,0
77227,1
77228,1
77229,0
77230,0
77231,1
77232,0
77233,1
77234,1
77235,0
77236,1
77237,0
77238,0
77239,0
77240,1
77241,1
77242,0
77243,0
77244,1
77245,0
77246,0
77247,1
77248,0
77249,0
77250,1
77251,0
77252,1
77253,1
77254,0
77255,0
77256,0
77257,1
77258,1
77259,0
77260,0
77261,1
77262,0
77263,0
77264,0
77265,1
77266,0
77267,0
77268,1
77269,0
77270,0
77271,1
77272,0
77273,1
77274,0
77275,0
77276,1
77277,1
77278,1
77279,1
77280,1
77281,1
77282,0
77283,0
77284,1
77285,0
77286,1
77287,0
77288,1
77289,1
77290,1
77291,1
77292,1
77293,0
77294,1
77295,1
77296,0
77297,0
77298,0
77299,1
77300,0
77301,1
77302,0
77303,0
77304,0
77305,1
77306,1
77307,1
77308,0
77309,0
77310,1
77311,1
77312,1
77313,0
77314,0
77315,0
77316,0
77317,0
77318,1
77319,1
77320,0
77321,0
77322,0
77323,0
77324,1
77325,1
77326,1
77327,0
77328,0
77329,0
77330,0
77331,1
77332,1
77333,0
77334,0
77335,1
77336,1
77337,0
77338,1
77339,0
77340,1
77341,1
77342,1
77343,1
77344,0
77345,0
77346,0
77347,0
77348,0
77349,0
77350,0
77351,0
77352,1
77353,0
77354,1
77355,0
77356,1
77357,1
77358,0
77359,0
77360,0
77361,1
77362,1
77363,1
77364,0
77365,0
77366,0
77367,1
77368,0
77369,1
77370,1
77371,1
77372,0
77373,0
77374,1
77375,0
77376,1
77377,1
77378,0
77379,1
77380,1
77381,0
77382,1
77383,0
77384,1
77385,0
77386,1
77387,1
77388,0
77389,0
77390,1
77391,0
77392,1
77393,1
77394,0
77395,0
77396,0
77397,1
77398,0
77399,0
77400,1
77401,0
77402,1
77403,1
77404,1
77405,1
77406,1
77407,1
77408,0
77409,0
77410,0
77411,0
77412,1
77413,0
77414,1
77415,0
77416,1
77417,1
77418,0
77419,0
77420,0
77421,0
77422,1
77423,0
77424,1
77425,1
77426,1
77427,0
77428,0
77429,0
77430,1
77431,1
77432,1
77433,0
77434,1
77435,1
77436,1
77437,0
77438,1
77439,0
77440,1
77441,1
77442,1
77443,0
77444,1
77445,0
77446,1
77447,1
77448,1
77449,0
77450,1
77451,1
77452,1
77453,0
77454,1
77455,0
77456,1
77457,0
77458,1
77459,1
77460,1
77461,0
77462,0
77463,1
77464,1
77465,0
77466,1
77467,1
77468,1
77469,0
77470,0
77471,1
77472,1
77473,1
77474,1
77475,1
77476,1
77477,0
77478,1
77479,1
77480,1
77481,0
77482,1
77483,1
77484,0
77485,1
77486,0
77487,1
77488,1
77489,1
77490,1
77491,0
77492,1
77493,1
77494,0
77495,0
77496,1
77497,1
77498,0
77499,0
77500,0
77501,0
77502,0
77503,1
77504,0
77505,0
77506,0
77507,0
77508,0
77509,0
77510,1
77511,0
77512,0
77513,0
77514,1
77515,0
77516,1
77517,1
77518,1
77519,1
77520,1
77521,0
77522,1
77523,1
77524,1
77525,0
77526,0
77527,1
77528,1
77529,0
77530,1
77531,1
77532,1
77533,1
77534,1
77535,1
77536,1
77537,1
77538,1
77539,0
77540,0
77541,0
77542,0
77543,0
77544,1
77545,1
77546,0
77547,1
77548,0
77549,0
77550,0
77551,0
77552,1
77553,1
77554,1
77555,1
77556,1
77557,0
77558,1
77559,1
77560,1
77561,1
77562,1
77563,1
77564,0
77565,0
77566,0
77567,0
77568,0
77569,0
77570,1
77571,1
77572,1
77573,0
77574,1
77575,1
77576,0
77577,0
77578,0
77579,1
77580,1
77581,0
77582,1
77583,1
77584,1
77585,0
77586,0
77587,0
77588,1
77589,0
77590,1
77591,1
77592,0
77593,1
77594,0
77595,0
77596,1
77597,1
77598,1
77599,1
77600,0
77601,0
77602,1
77603,1
77604,1
77605,1
77606,0
77607,0
77608,1
77609,0
77610,1
77611,1
77612,0
77613,1
77614,0
77615,1
77616,0
77617,1
77618,1
77619,0
77620,0
77621,0
77622,0
77623,1
77624,0
77625,1
77626,0
77627,1
77628,1
77629,1
77630,0
77631,0
77632,1
77633,0
77634,0
77635,0
77636,1
77637,0
77638,1
77639,1
77640,1
77641,1
77642,1
77643,1
77644,0
77645,1
77646,0
77647,0
77648,1
77649,0
77650,0
77651,0
77652,0
77653,0
77654,0
77655,0
77656,0
77657,1
77658,0
77659,1
77660,1
77661,0
77662,0
77663,0
77664,0
77665,1
77666,0
77667,1
77668,1
77669,0
77670,1
77671,1
77672,0
77673,1
77674,0
77675,0
77676,1
77677,0
77678,1
77679,1
77680,0
77681,1
77682,1
77683,1
77684,1
77685,0
77686,1
77687,0
77688,1
77689,1
77690,1
77691,1
77692,0
77693,1
77694,1
77695,1
77696,0
77697,0
77698,0
77699,0
77700,1
77701,1
77702,0
77703,0
77704,0
77705,1
77706,0
77707,0
77708,0
77709,0
77710,1
77711,0
77712,1
77713,0
77714,0
77715,1
77716,1
77717,1
77718,0
77719,1
77720,0
77721,0
77722,0
77723,1
77724,1
77725,0
77726,0
77727,0
77728,1
77729,0
77730,0
77731,0
77732,0
77733,0
77734,1
77735,0
77736,1
77737,1
77738,0
77739,0
77740,0
77741,0
77742,0
77743,0
77744,0
77745,1
77746,1
77747,1
77748,1
77749,1
77750,1
77751,1
77752,1
77753,0
77754,1
77755,0
77756,1
77757,0
77758,0
77759,0
77760,0
77761,1
77762,0
77763,1
77764,1
77765,1
77766,0
77767,1
77768,0
77769,1
77770,1
77771,0
77772,0
77773,1
77774,0
77775,1
77776,1
77777,0
77778,0
77779,1
77780,1
77781,0
77782,0
77783,0
77784,1
77785,1
77786,0
77787,1
77788,1
77789,0
77790,1
77791,0
77792,0
77793,1
77794,0
77795,1
77796,0
77797,1
77798,0
77799,1
77800,0
77801,1
77802,0
77803,1
77804,1
77805,1
77806,0
77807,0
77808,0
77809,0
77810,1
77811,0
77812,0
77813,1
77814,1
77815,1
77816,0
77817,1
77818,1
77819,0
77820,0
77821,1
77822,1
77823,0
77824,1
77825,1
77826,0
77827,1
77828,1
77829,0
77830,1
77831,1
77832,0
77833,0
77834,1
77835,1
77836,0
77837,0
77838,1
77839,1
77840,0
77841,1
77842,1
77843,0
77844,1
77845,0
77846,0
77847,0
77848,0
77849,1
77850,1
77851,1
77852,0
77853,1
77854,0
77855,0
77856,0
77857,1
77858,0
77859,0
77860,1
77861,1
77862,1
77863,1
77864,0
77865,0
77866,0
77867,0
77868,1
77869,1
77870,1
77871,0
77872,0
77873,0
77874,0
77875,1
77876,0
77877,1
77878,0
77879,1
77880,1
77881,0
77882,0
77883,0
77884,1
77885,0
77886,0
77887,0
77888,0
77889,1
77890,0
77891,0
77892,0
77893,0
77894,0
77895,1
77896,0
77897,1
77898,0
77899,0
77900,0
77901,1
77902,1
77903,0
77904,0
77905,1
77906,1
77907,1
77908,0
77909,1
77910,0
77911,1
77912,0
77913,1
77914,1
77915,1
77916,0
77917,0
77918,0
77919,1
77920,0
77921,0
77922,0
77923,1
77924,1
77925,1
77926,0
77927,1
77928,1
77929,0
77930,0
77931,0
77932,0
77933,0
77934,1
77935,0
77936,0
77937,1
77938,0
77939,1
77940,1
77941,1
77942,1
77943,0
77944,1
77945,0
77946,1
77947,0
77948,1
77949,1
77950,1
77951,1
77952,1
77953,0
77954,1
77955,0
77956,0
77957,0
77958,1
77959,1
77960,0
77961,1
77962,1
77963,0
77964,1
77965,0
77966,0
77967,0
77968,0
77969,1
77970,1
77971,0
77972,0
77973,1
77974,1
77975,0
77976,0
77977,1
77978,0
77979,1
77980,0
77981,1
77982,0
77983,0
77984,0
77985,0
77986,1
77987,1
77988,1
77989,1
77990,1
77991,0
77992,0
77993,1
77994,0
77995,0
77996,1
77997,0
77998,0
77999,1
78000,1
78001,1
78002,0
78003,0
78004,0
78005,0
78006,1
78007,1
78008,1
78009,0
78010,1
78011,1
78012,0
78013,0
78014,0
78015,0
78016,1
78017,1
78018,1
78019,0
78020,1
78021,0
78022,0
78023,1
78024,0
78025,0
78026,1
78027,1
78028,0
78029,1
78030,0
78031,0
78032,1
78033,1
78034,1
78035,0
78036,0
78037,1
78038,0
78039,0
78040,0
78041,1
78042,0
78043,0
78044,1
78045,0
78046,1
78047,1
78048,1
78049,0
78050,0
78051,1
78052,1
78053,1
78054,1
78055,1
78056,1
78057,0
78058,1
78059,0
78060,0
78061,0
78062,0
78063,0
78064,0
78065,0
78066,1
78067,1
78068,0
78069,1
78070,0
78071,1
78072,0
78073,1
78074,1
78075,0
78076,1
78077,1
78078,1
78079,1
78080,0
78081,0
78082,1
78083,0
78084,0
78085,0
78086,0
78087,1
78088,1
78089,1
78090,1
78091,0
78092,0
78093,1
78094,0
78095,0
78096,1
78097,0
78098,0
78099,1
78100,1
78101,0
78102,0
78103,1
78104,0
78105,0
78106,0
78107,1
78108,1
78109,1
78110,0
78111,1
78112,0
78113,0
78114,1
78115,1
78116,1
78117,1
78118,1
78119,0
78120,0
78121,0
78122,0
78123,1
78124,1
78125,1
78126,0
78127,0
78128,1
78129,1
78130,1
78131,0
78132,0
78133,0
78134,1
78135,1
78136,0
78137,0
78138,1
78139,1
78140,1
78141,0
78142,1
78143,0
78144,1
78145,0
78146,1
78147,1
78148,1
78149,0
78150,0
78151,1
78152,1
78153,1
78154,0
78155,0
78156,0
78157,0
78158,1
78159,1
78160,1
78161,1
78162,0
78163,0
78164,0
78165,0
78166,0
78167,0
78168,0
78169,1
78170,1
78171,0
78172,1
78173,1
78174,0
78175,1
78176,1
78177,1
78178,1
78179,1
78180,1
78181,0
78182,0
78183,1
78184,0
78185,1
78186,1
78187,1
78188,0
78189,1
78190,0
78191,1
78192,1
78193,1
78194,0
78195,1
78196,1
78197,0
78198,0
78199,0
78200,1
78201,1
78202,0
78203,1
78204,0
78205,1
78206,1
78207,0
78208,0
78209,1
78210,0
78211,0
78212,0
78213,1
78214,0
78215,1
78216,0
78217,0
78218,0
78219,0
78220,1
78221,0
78222,0
78223,0
78224,0
78225,0
78226,0
78227,0
78228,1
78229,1
78230,0
78231,0
78232,1
78233,1
78234,1
78235,1
78236,0
78237,0
78238,1
78239,1
78240,1
78241,0
78242,1
78243,1
78244,1
78245,1
78246,1
78247,0
78248,1
78249,0
78250,1
78251,0
78252,1
78253,1
78254,1
78255,0
78256,0
78257,0
78258,0
78259,0
78260,1
78261,0
78262,0
78263,0
78264,1
78265,0
78266,1
78267,1
78268,0
78269,0
78270,0
78271,1
78272,1
78273,1
78274,1
78275,1
78276,1
78277,1
78278,1
78279,0
78280,1
78281,1
78282,0
78283,1
78284,1
78285,1
78286,1
78287,1
78288,1
78289,0
78290,0
78291,0
78292,0
78293,0
78294,0
78295,1
78296,1
78297,1
78298,0
78299,0
78300,0
78301,1
78302,0
78303,0
78304,0
78305,0
78306,0
78307,1
78308,1
78309,0
78310,0
78311,1
78312,1
78313,1
78314,0
78315,0
78316,1
78317,1
78318,1
78319,1
78320,0
78321,0
78322,0
78323,1
78324,1
78325,1
78326,1
78327,0
78328,0
78329,0
78330,1
78331,0
78332,0
78333,0
78334,0
78335,1
78336,1
78337,0
78338,1
78339,1
78340,0
78341,1
78342,0
78343,0
78344,0
78345,1
78346,0
78347,1
78348,1
78349,0
78350,0
78351,0
78352,1
78353,0
78354,1
78355,0
78356,0
78357,1
78358,1
78359,0
78360,0
78361,1
78362,1
78363,0
78364,0
78365,0
78366,1
78367,1
78368,1
78369,1
78370,1
78371,1
78372,0
78373,1
78374,0
78375,0
78376,1
78377,0
78378,0
78379,0
78380,0
78381,1
78382,1
78383,0
78384,0
78385,0
78386,0
78387,0
78388,1
78389,1
78390,1
78391,1
78392,0
78393,1
78394,1
78395,1
78396,1
78397,0
78398,0
78399,1
78400,0
78401,0
78402,1
78403,0
78404,1
78405,1
78406,1
78407,0
78408,0
78409,0
78410,0
78411,1
78412,0
78413,1
78414,0
78415,1
78416,0
78417,1
78418,0
78419,0
78420,1
78421,1
78422,1
78423,1
78424,0
78425,1
78426,0
78427,1
78428,0
78429,0
78430,0
78431,0
78432,0
78433,1
78434,1
78435,1
78436,0
78437,0
78438,0
78439,0
78440,0
78441,1
78442,1
78443,0
78444,1
78445,0
78446,0
78447,0
78448,1
78449,0
78450,1
78451,1
78452,1
78453,0
78454,1
78455,0
78456,0
78457,1
78458,1
78459,1
78460,1
78461,1
78462,1
78463,1
78464,0
78465,0
78466,0
78467,0
78468,0
78469,1
78470,1
78471,1
78472,0
78473,0
78474,0
78475,0
78476,1
78477,1
78478,1
78479,1
78480,1
78481,0
78482,0
78483,0
78484,1
78485,1
78486,1
78487,0
78488,1
78489,1
78490,0
78491,0
78492,0
78493,0
78494,1
78495,1
78496,0
78497,0
78498,0
78499,0
78500,1
78501,0
78502,0
78503,1
78504,0
78505,1
78506,1
78507,1
78508,1
78509,1
78510,1
78511,1
78512,0
78513,1
78514,0
78515,1
78516,0
78517,1
78518,1
78519,0
78520,0
78521,0
78522,0
78523,1
78524,0
78525,0
78526,1
78527,0
78528,1
78529,0
78530,1
78531,1
78532,1
78533,0
78534,0
78535,0
78536,0
78537,0
78538,0
78539,0
78540,1
78541,0
78542,0
78543,1
78544,1
78545,0
78546,0
78547,1
78548,0
78549,0
78550,1
78551,1
78552,1
78553,0
78554,0
78555,0
78556,1
78557,0
78558,1
78559,0
78560,1
78561,0
78562,1
78563,1
78564,0
78565,0
78566,0
78567,1
78568,1
78569,1
78570,1
78571,0
78572,0
78573,0
78574,1
78575,0
78576,0
78577,0
78578,0
78579,0
78580,1
78581,0
78582,0
78583,0
78584,1
78585,1
78586,1
78587,1
78588,0
78589,0
78590,0
78591,1
78592,0
78593,0
78594,0
78595,1
78596,0
78597,0
78598,1
78599,1
78600,0
78601,0
78602,1
78603,0
78604,1
78605,1
78606,0
78607,1
78608,1
78609,1
78610,1
78611,0
78612,0
78613,0
78614,1
78615,0
78616,1
78617,0
78618,1
78619,1
78620,0
78621,1
78622,1
78623,0
78624,1
78625,1
78626,1
78627,0
78628,1
78629,0
78630,0
78631,0
78632,1
78633,0
78634,1
78635,0
78636,0
78637,1
78638,1
78639,1
78640,0
78641,1
78642,1
78643,1
78644,1
78645,1
78646,0
78647,1
78648,0
78649,0
78650,0
78651,1
78652,0
78653,1
78654,1
78655,1
78656,1
78657,0
78658,0
78659,0
78660,1
78661,1
78662,1
78663,1
78664,0
78665,0
78666,0
78667,1
78668,0
78669,1
78670,1
78671,1
78672,1
78673,0
78674,0
78675,1
78676,0
78677,0
78678,0
78679,0
78680,1
78681,1
78682,1
78683,1
78684,1
78685,1
78686,1
78687,1
78688,0
78689,1
78690,1
78691,0
78692,0
78693,0
78694,1
78695,1
78696,0
78697,1
78698,0
78699,0
78700,1
78701,1
78702,1
78703,0
78704,0
78705,1
78706,0
78707,1
78708,1
78709,1
78710,0
78711,1
78712,0
78713,1
78714,1
78715,0
78716,1
78717,1
78718,1
78719,1
78720,1
78721,1
78722,0
78723,1
78724,1
78725,1
78726,0
78727,0
78728,0
78729,1
78730,1
78731,1
78732,0
78733,0
78734,0
78735,1
78736,1
78737,1
78738,0
78739,0
78740,0
78741,0
78742,0
78743,0
78744,0
78745,0
78746,0
78747,0
78748,0
78749,0
78750,1
78751,1
78752,1
78753,1
78754,1
78755,0
78756,1
78757,1
78758,0
78759,1
78760,1
78761,0
78762,0
78763,1
78764,0
78765,1
78766,0
78767,1
78768,1
78769,1
78770,1
78771,0
78772,1
78773,1
78774,0
78775,0
78776,1
78777,0
78778,1
78779,1
78780,0
78781,1
78782,1
78783,0
78784,1
78785,1
78786,0
78787,0
78788,0
78789,0
78790,0
78791,0
78792,1
78793,0
78794,1
78795,1
78796,1
78797,1
78798,1
78799,0
78800,1
78801,1
78802,1
78803,1
78804,0
78805,0
78806,1
78807,0
78808,0
78809,1
78810,1
78811,1
78812,1
78813,1
78814,1
78815,0
78816,1
78817,1
78818,1
78819,1
78820,1
78821,0
78822,0
78823,0
78824,1
78825,1
78826,0
78827,0
78828,0
78829,0
78830,1
78831,1
78832,1
78833,0
78834,1
78835,1
78836,1
78837,1
78838,1
78839,1
78840,1
78841,0
78842,1
78843,1
78844,1
78845,0
78846,0
78847,0
78848,0
78849,0
78850,1
78851,0
78852,1
78853,0
78854,1
78855,0
78856,0
78857,0
78858,1
78859,1
78860,0
78861,1
78862,0
78863,1
78864,0
78865,0
78866,0
78867,1
78868,1
78869,0
78870,1
78871,1
78872,0
78873,1
78874,0
78875,0
78876,1
78877,0
78878,0
78879,0
78880,0
78881,0
78882,0
78883,0
78884,1
78885,0
78886,1
78887,1
78888,1
78889,1
78890,0
78891,1
78892,0
78893,1
78894,1
78895,0
78896,0
78897,1
78898,1
78899,1
78900,0
78901,1
78902,0
78903,1
78904,1
78905,0
78906,1
78907,1
78908,0
78909,1
78910,1
78911,1
78912,0
78913,1
78914,0
78915,1
78916,1
78917,1
78918,1
78919,1
78920,1
78921,0
78922,0
78923,0
78924,1
78925,1
78926,1
78927,1
78928,0
78929,1
78930,0
78931,0
78932,1
78933,0
78934,1
78935,0
78936,0
78937,0
78938,1
78939,0
78940,1
78941,0
78942,1
78943,0
78944,0
78945,1
78946,1
78947,1
78948,1
78949,1
78950,1
78951,0
78952,0
78953,1
78954,1
78955,1
78956,0
78957,1
78958,1
78959,0
78960,0
78961,1
78962,1
78963,1
78964,0
78965,0
78966,0
78967,0
78968,1
78969,0
78970,0
78971,0
78972,0
78973,0
78974,1
78975,0
78976,1
78977,1
78978,1
78979,1
78980,1
78981,1
78982,1
78983,1
78984,1
78985,1
78986,1
78987,0
78988,1
78989,0
78990,0
78991,1
78992,1
78993,0
78994,0
78995,0
78996,0
78997,0
78998,0
78999,0
79000,0
79001,0
79002,1
79003,1
79004,1
79005,1
79006,1
79007,0
79008,1
79009,1
79010,0
79011,1
79012,1
79013,1
79014,1
79015,0
79016,1
79017,1
79018,1
79019,1
79020,1
79021,1
79022,1
79023,0
79024,0
79025,0
79026,1
79027,0
79028,1
79029,0
79030,0
79031,0
79032,0
79033,0
79034,1
79035,1
79036,0
79037,1
79038,0
79039,0
79040,1
79041,1
79042,0
79043,1
79044,0
79045,1
79046,1
79047,1
79048,1
79049,1
79050,0
79051,1
79052,1
79053,0
79054,1
79055,0
79056,1
79057,0
79058,1
79059,0
79060,1
79061,1
79062,1
79063,0
79064,0
79065,0
79066,0
79067,0
79068,1
79069,0
79070,1
79071,1
79072,0
79073,0
79074,0
79075,0
79076,0
79077,0
79078,0
79079,1
79080,0
79081,0
79082,0
79083,0
79084,0
79085,1
79086,1
79087,1
79088,1
79089,1
79090,1
79091,1
79092,0
79093,1
79094,1
79095,0
79096,1
79097,0
79098,1
79099,0
79100,0
79101,0
79102,1
79103,0
79104,1
79105,1
79106,1
79107,1
79108,1
79109,0
79110,1
79111,0
79112,1
79113,1
79114,1
79115,1
79116,0
79117,1
79118,1
79119,1
79120,1
79121,1
79122,0
79123,1
79124,1
79125,0
79126,1
79127,0
79128,1
79129,1
79130,1
79131,0
79132,0
79133,0
79134,1
79135,1
79136,0
79137,1
79138,1
79139,1
79140,0
79141,0
79142,0
79143,1
79144,1
79145,0
79146,0
79147,1
79148,0
79149,0
79150,1
79151,0
79152,0
79153,0
79154,0
79155,0
79156,1
79157,0
79158,0
79159,0
79160,0
79161,1
79162,0
79163,1
79164,0
79165,1
79166,0
79167,1
79168,1
79169,0
79170,1
79171,0
79172,0
79173,0
79174,1
79175,0
79176,0
79177,1
79178,0
79179,1
79180,0
79181,1
79182,1
79183,1
79184,0
79185,1
79186,1
79187,1
79188,1
79189,0
79190,1
79191,1
79192,1
79193,0
79194,1
79195,1
79196,0
79197,1
79198,1
79199,1
79200,1
79201,1
79202,0
79203,0
79204,0
79205,1
79206,0
79207,0
79208,0
79209,0
79210,1
79211,1
79212,1
79213,1
79214,1
79215,0
79216,1
79217,0
79218,0
79219,1
79220,1
79221,0
79222,1
79223,1
79224,0
79225,0
79226,1
79227,1
79228,0
79229,1
79230,0
79231,1
79232,1
79233,1
79234,0
79235,0
79236,0
79237,1
79238,0
79239,1
79240,0
79241,1
79242,1
79243,0
79244,1
79245,1
79246,0
79247,0
79248,0
79249,0
79250,1
79251,0
79252,0
79253,0
79254,1
79255,0
79256,1
79257,0
79258,1
79259,1
79260,0
79261,1
79262,1
79263,0
79264,1
79265,1
79266,1
79267,1
79268,1
79269,1
79270,0
79271,0
79272,1
79273,1
79274,0
79275,0
79276,1
79277,1
79278,1
79279,1
79280,0
79281,1
79282,0
79283,0
79284,1
79285,1
79286,0
79287,1
79288,0
79289,0
79290,0
79291,0
79292,0
79293,0
79294,1
79295,1
79296,0
79297,0
79298,1
79299,0
79300,1
79301,1
79302,1
79303,1
79304,0
79305,0
79306,0
79307,0
79308,1
79309,1
79310,0
79311,1
79312,1
79313,0
79314,0
79315,1
79316,0
79317,1
79318,1
79319,0
79320,1
79321,0
79322,0
79323,0
79324,1
79325,1
79326,0
79327,1
79328,1
79329,1
79330,0
79331,1
79332,1
79333,1
79334,1
79335,0
79336,0
79337,1
79338,1
79339,1
79340,1
79341,0
79342,0
79343,0
79344,1
79345,0
79346,1
79347,0
79348,1
79349,0
79350,1
79351,1
79352,1
79353,0
79354,0
79355,0
79356,0
79357,0
79358,0
79359,0
79360,1
79361,0
79362,1
79363,0
79364,0
79365,0
79366,1
79367,1
79368,0
79369,0
79370,1
79371,0
79372,1
79373,1
79374,0
79375,1
79376,1
79377,1
79378,1
79379,0
79380,1
79381,1
79382,0
79383,0
79384,0
79385,0
79386,1
79387,1
79388,0
79389,0
79390,1
79391,0
79392,0
79393,1
79394,0
79395,1
79396,0
79397,0
79398,1
79399,1
79400,0
79401,1
79402,0
79403,0
79404,0
79405,1
79406,0
79407,0
79408,0
79409,1
79410,1
79411,0
79412,1
79413,0
79414,1
79415,0
79416,1
79417,1
79418,0
79419,1
79420,0
79421,1
79422,1
79423,0
79424,0
79425,1
79426,0
79427,0
79428,1
79429,0
79430,1
79431,1
79432,1
79433,0
79434,1
79435,0
79436,0
79437,0
79438,1
79439,1
79440,0
79441,1
79442,1
79443,0
79444,1
79445,0
79446,0
79447,1
79448,1
79449,0
79450,1
79451,1
79452,1
79453,1
79454,0
79455,0
79456,1
79457,1
79458,1
79459,1
79460,0
79461,0
79462,1
79463,1
79464,0
79465,1
79466,1
79467,1
79468,0
79469,1
79470,0
79471,0
79472,0
79473,0
79474,1
79475,0
79476,1
79477,1
79478,0
79479,0
79480,1
79481,1
79482,1
79483,0
79484,0
79485,1
79486,1
79487,1
79488,1
79489,1
79490,0
79491,0
79492,1
79493,0
79494,1
79495,1
79496,0
79497,1
79498,1
79499,0
79500,1
79501,0
79502,0
79503,1
79504,1
79505,0
79506,0
79507,1
79508,0
79509,1
79510,0
79511,1
79512,0
79513,1
79514,1
79515,0
79516,0
79517,0
79518,0
79519,1
79520,0
79521,1
79522,0
79523,0
79524,0
79525,0
79526,0
79527,0
79528,0
79529,0
79530,0
79531,1
79532,1
79533,0
79534,1
79535,1
79536,1
79537,0
79538,1
79539,0
79540,0
79541,1
79542,0
79543,1
79544,0
79545,1
79546,0
79547,0
79548,0
79549,0
79550,0
79551,1
79552,0
79553,0
79554,1
79555,0
79556,0
79557,1
79558,1
79559,0
79560,1
79561,1
79562,1
79563,1
79564,1
79565,0
79566,1
79567,0
79568,1
79569,0
79570,0
79571,0
79572,1
79573,1
79574,0
79575,0
79576,0
79577,1
79578,0
79579,0
79580,1
79581,1
79582,0
79583,0
79584,1
79585,1
79586,0
79587,1
79588,0
79589,0
79590,1
79591,0
79592,0
79593,1
79594,0
79595,0
79596,1
79597,1
79598,0
79599,1
79600,0
79601,0
79602,0
79603,0
79604,1
79605,0
79606,1
79607,1
79608,1
79609,0
79610,1
79611,1
79612,0
79613,0
79614,0
79615,0
79616,1
79617,0
79618,0
79619,0
79620,0
79621,0
79622,1
79623,1
79624,1
79625,1
79626,0
79627,0
79628,0
79629,0
79630,0
79631,0
79632,0
79633,1
79634,1
79635,1
79636,0
79637,0
79638,1
79639,0
79640,1
79641,1
79642,1
79643,1
79644,1
79645,0
79646,0
79647,1
79648,0
79649,0
79650,0
79651,0
79652,0
79653,0
79654,1
79655,0
79656,1
79657,1
79658,0
79659,1
79660,1
79661,1
79662,1
79663,0
79664,1
79665,1
79666,0
79667,0
79668,0
79669,0
79670,1
79671,1
79672,0
79673,1
79674,1
79675,0
79676,1
79677,1
79678,1
79679,0
79680,0
79681,0
79682,0
79683,0
79684,1
79685,1
79686,1
79687,0
79688,1
79689,1
79690,0
79691,0
79692,1
79693,0
79694,0
79695,0
79696,1
79697,0
79698,1
79699,0
79700,1
79701,1
79702,0
79703,1
79704,1
79705,1
79706,0
79707,1
79708,0
79709,1
79710,1
79711,0
79712,0
79713,0
79714,0
79715,1
79716,1
79717,0
79718,1
79719,1
79720,1
79721,1
79722,0
79723,0
79724,1
79725,0
79726,1
79727,1
79728,0
79729,1
79730,0
79731,0
79732,1
79733,0
79734,1
79735,1
79736,1
79737,0
79738,1
79739,0
79740,1
79741,0
79742,1
79743,0
79744,1
79745,0
79746,0
79747,0
79748,0
79749,1
79750,0
79751,1
79752,1
79753,1
79754,0
79755,1
79756,0
79757,1
79758,0
79759,0
79760,0
79761,0
79762,0
79763,1
79764,1
79765,1
79766,0
79767,0
79768,0
79769,1
79770,1
79771,0
79772,1
79773,1
79774,0
79775,0
79776,0
79777,1
79778,1
79779,1
79780,1
79781,1
79782,0
79783,0
79784,1
79785,1
79786,0
79787,0
79788,0
79789,1
79790,0
79791,0
79792,1
79793,1
79794,0
79795,0
79796,1
79797,0
79798,0
79799,1
79800,0
79801,1
79802,1
79803,1
79804,0
79805,1
79806,1
79807,1
79808,0
79809,1
79810,0
79811,1
79812,0
79813,0
79814,0
79815,0
79816,1
79817,1
79818,1
79819,1
79820,1
79821,0
79822,0
79823,0
79824,0
79825,1
79826,0
79827,1
79828,1
79829,1
79830,0
79831,1
79832,1
79833,0
79834,1
79835,1
79836,1
79837,0
79838,1
79839,0
79840,1
79841,1
79842,1
79843,1
79844,1
79845,1
79846,0
79847,1
79848,1
79849,1
79850,1
79851,0
79852,1
79853,0
79854,0
79855,1
79856,1
79857,1
79858,1
79859,1
79860,1
79861,1
79862,1
79863,1
79864,1
79865,0
79866,1
79867,0
79868,0
79869,0
79870,1
79871,0
79872,0
79873,1
79874,1
79875,1
79876,0
79877,0
79878,1
79879,1
79880,1
79881,0
79882,0
79883,1
79884,0
79885,1
79886,1
79887,1
79888,0
79889,0
79890,1
79891,1
79892,0
79893,0
79894,0
79895,1
79896,1
79897,0
79898,0
79899,1
79900,0
79901,1
79902,1
79903,0
79904,1
79905,0
79906,1
79907,0
79908,1
79909,0
79910,1
79911,1
79912,1
79913,0
79914,0
79915,1
79916,0
79917,0
79918,0
79919,0
79920,0
79921,0
79922,1
79923,0
79924,1
79925,1
79926,1
79927,0
79928,0
79929,0
79930,0
79931,0
79932,1
79933,0
79934,0
79935,0
79936,0
79937,1
79938,0
79939,1
79940,1
79941,0
79942,0
79943,1
79944,1
79945,0
79946,0
79947,1
79948,0
79949,0
79950,0
79951,1
79952,1
79953,1
79954,0
79955,1
79956,1
79957,0
79958,0
79959,1
79960,1
79961,0
79962,0
79963,1
79964,0
79965,1
79966,0
79967,0
79968,0
79969,0
79970,1
79971,0
79972,0
79973,1
79974,1
79975,0
79976,0
79977,0
79978,1
79979,1
79980,1
79981,0
79982,0
79983,0
79984,1
79985,1
79986,1
79987,0
79988,1
79989,1
79990,1
79991,1
79992,0
79993,1
79994,1
79995,1
79996,0
79997,1
79998,0
79999,0
80000,0
80001,0
80002,0
80003,0
80004,1
80005,1
80006,0
80007,1
80008,0
80009,1
80010,0
80011,1
80012,1
80013,0
80014,0
80015,0
80016,0
80017,0
80018,0
80019,0
80020,1
80021,1
80022,1
80023,1
80024,1
80025,1
80026,1
80027,1
80028,0
80029,0
80030,0
80031,0
80032,1
80033,1
80034,1
80035,1
80036,0
80037,1
80038,0
80039,1
80040,1
80041,1
80042,1
80043,1
80044,0
80045,1
80046,0
80047,1
80048,0
80049,0
80050,0
80051,1
80052,0
80053,1
80054,0
80055,1
80056,1
80057,0
80058,0
80059,0
80060,1
80061,0
80062,1
80063,0
80064,1
80065,1
80066,1
80067,1
80068,1
80069,0
80070,1
80071,1
80072,0
80073,0
80074,0
80075,0
80076,0
80077,0
80078,0
80079,1
80080,1
80081,1
80082,0
80083,1
80084,0
80085,1
80086,1
80087,0
80088,0
80089,1
80090,1
80091,1
80092,0
80093,0
80094,0
80095,1
80096,1
80097,0
80098,0
80099,1
80100,1
80101,1
80102,0
80103,0
80104,0
80105,0
80106,0
80107,1
80108,0
80109,1
80110,1
80111,1
80112,1
80113,1
80114,1
80115,0
80116,1
80117,0
80118,1
80119,0
80120,0
80121,1
80122,0
80123,1
80124,0
80125,1
80126,0
80127,1
80128,1
80129,1
80130,1
80131,0
80132,0
80133,1
80134,1
80135,0
80136,1
80137,0
80138,1
80139,0
80140,1
80141,0
80142,1
80143,1
80144,0
80145,1
80146,0
80147,0
80148,1
80149,1
80150,1
80151,1
80152,0
80153,1
80154,0
80155,1
80156,1
80157,0
80158,0
80159,1
80160,0
80161,0
80162,0
80163,1
80164,1
80165,1
80166,0
80167,1
80168,0
80169,1
80170,0
80171,0
80172,0
80173,0
80174,0
80175,0
80176,1
80177,1
80178,0
80179,1
80180,0
80181,0
80182,1
80183,1
80184,0
80185,1
80186,1
80187,0
80188,1
80189,0
80190,0
80191,0
80192,0
80193,1
80194,0
80195,1
80196,1
80197,0
80198,1
80199,0
80200,1
80201,0
80202,1
80203,0
80204,1
80205,0
80206,1
80207,0
80208,0
80209,1
80210,1
80211,0
80212,0
80213,0
80214,1
80215,1
80216,1
80217,1
80218,0
80219,0
80220,1
80221,0
80222,0
80223,0
80224,0
80225,1
80226,1
80227,0
80228,1
80229,1
80230,0
80231,0
80232,0
80233,0
80234,1
80235,1
80236,0
80237,1
80238,0
80239,1
80240,0
80241,0
80242,1
80243,0
80244,0
80245,0
80246,1
80247,0
80248,0
80249,1
80250,1
80251,1
80252,1
80253,1
80254,0
80255,1
80256,0
80257,0
80258,0
80259,0
80260,1
80261,0
80262,0
80263,0
80264,1
80265,1
80266,1
80267,1
80268,1
80269,0
80270,0
80271,0
80272,1
80273,1
80274,0
80275,1
80276,1
80277,0
80278,1
80279,1
80280,1
80281,0
80282,1
80283,0
80284,1
80285,0
80286,1
80287,1
80288,1
80289,0
80290,0
80291,1
80292,1
80293,1
80294,1
80295,0
80296,0
80297,0
80298,1
80299,1
80300,1
80301,0
80302,0
80303,0
80304,1
80305,0
80306,0
80307,0
80308,1
80309,0
80310,0
80311,0
80312,1
80313,1
80314,0
80315,0
80316,1
80317,0
80318,0
80319,0
80320,0
80321,1
80322,1
80323,0
80324,0
80325,0
80326,0
80327,0
80328,1
80329,1
80330,1
80331,0
80332,1
80333,0
80334,1
80335,0
80336,1
80337,0
80338,0
80339,0
80340,1
80341,1
80342,1
80343,1
80344,1
80345,0
80346,1
80347,1
80348,1
80349,0
80350,1
80351,1
80352,0
80353,0
80354,1
80355,1
80356,1
80357,1
80358,1
80359,1
80360,0
80361,0
80362,1
80363,0
80364,0
80365,1
80366,1
80367,1
80368,0
80369,1
80370,0
80371,0
80372,1
80373,1
80374,1
80375,0
80376,0
80377,1
80378,0
80379,1
80380,0
80381,0
80382,1
80383,0
80384,0
80385,1
80386,0
80387,1
80388,0
80389,1
80390,1
80391,1
80392,0
80393,1
80394,0
80395,0
80396,0
80397,1
80398,1
80399,0
80400,1
80401,0
80402,0
80403,0
80404,0
80405,0
80406,1
80407,0
80408,0
80409,1
80410,0
80411,1
80412,1
80413,0
80414,1
80415,0
80416,1
80417,1
80418,0
80419,0
80420,1
80421,0
80422,1
80423,1
80424,0
80425,1
80426,0
80427,1
80428,0
80429,1
80430,1
80431,0
80432,1
80433,1
80434,1
80435,1
80436,1
80437,1
80438,1
80439,0
80440,1
80441,0
80442,0
80443,0
80444,0
80445,0
80446,1
80447,1
80448,0
80449,0
80450,1
80451,1
80452,1
80453,1
80454,1
80455,1
80456,1
80457,1
80458,0
80459,0
80460,1
80461,1
80462,1
80463,0
80464,0
80465,0
80466,0
80467,0
80468,1
80469,1
80470,1
80471,0
80472,0
80473,0
80474,1
80475,0
80476,1
80477,1
80478,1
80479,1
80480,1
80481,1
80482,0
80483,0
80484,1
80485,1
80486,0
80487,1
80488,0
80489,1
80490,1
80491,1
80492,1
80493,1
80494,0
80495,1
80496,1
80497,0
80498,0
80499,0
80500,0
80501,0
80502,0
80503,0
80504,1
80505,1
80506,1
80507,0
80508,0
80509,1
80510,1
80511,1
80512,1
80513,1
80514,0
80515,0
80516,0
80517,0
80518,0
80519,0
80520,0
80521,0
80522,0
80523,1
80524,0
80525,0
80526,0
80527,1
80528,0
80529,1
80530,1
80531,1
80532,1
80533,0
80534,1
80535,1
80536,1
80537,0
80538,1
80539,1
80540,1
80541,1
80542,1
80543,1
80544,1
80545,1
80546,0
80547,0
80548,0
80549,0
80550,0
80551,0
80552,1
80553,1
80554,0
80555,1
80556,0
80557,1
80558,1
80559,1
80560,0
80561,0
80562,0
80563,1
80564,0
80565,0
80566,1
80567,1
80568,0
80569,0
80570,0
80571,0
80572,0
80573,1
80574,1
80575,0
80576,0
80577,0
80578,1
80579,0
80580,1
80581,1
80582,1
80583,1
80584,1
80585,1
80586,1
80587,0
80588,0
80589,1
80590,1
80591,0
80592,0
80593,0
80594,1
80595,0
80596,1
80597,0
80598,1
80599,1
80600,0
80601,1
80602,1
80603,0
80604,0
80605,0
80606,0
80607,0
80608,0
80609,1
80610,0
80611,0
80612,1
80613,1
80614,1
80615,0
80616,0
80617,1
80618,0
80619,0
80620,0
80621,1
80622,1
80623,0
80624,1
80625,1
80626,0
80627,0
80628,1
80629,1
80630,1
80631,0
80632,1
80633,1
80634,1
80635,1
80636,0
80637,0
80638,1
80639,1
80640,0
80641,0
80642,0
80643,0
80644,0
80645,1
80646,0
80647,1
80648,1
80649,0
80650,0
80651,0
80652,1
80653,0
80654,1
80655,1
80656,0
80657,0
80658,1
80659,1
80660,0
80661,1
80662,1
80663,1
80664,1
80665,1
80666,0
80667,1
80668,1
80669,0
80670,1
80671,1
80672,0
80673,1
80674,1
80675,0
80676,0
80677,1
80678,0
80679,1
80680,0
80681,1
80682,0
80683,0
80684,1
80685,0
80686,1
80687,0
80688,1
80689,1
80690,0
80691,0
80692,0
80693,1
80694,1
80695,1
80696,1
80697,1
80698,0
80699,1
80700,0
80701,1
80702,0
80703,1
80704,1
80705,0
80706,0
80707,0
80708,1
80709,1
80710,0
80711,0
80712,0
80713,0
80714,0
80715,0
80716,0
80717,0
80718,0
80719,0
80720,1
80721,1
80722,1
80723,1
80724,0
80725,0
80726,1
80727,1
80728,0
80729,0
80730,1
80731,1
80732,0
80733,0
80734,1
80735,1
80736,1
80737,1
80738,0
80739,0
80740,0
80741,1
80742,1
80743,0
80744,1
80745,0
80746,0
80747,1
80748,1
80749,1
80750,0
80751,0
80752,0
80753,0
80754,1
80755,1
80756,0
80757,1
80758,1
80759,1
80760,1
80761,1
80762,1
80763,0
80764,1
80765,0
80766,0
80767,1
80768,0
80769,1
80770,1
80771,1
80772,1
80773,0
80774,1
80775,1
80776,0
80777,1
80778,1
80779,0
80780,1
80781,1
80782,1
80783,0
80784,0
80785,0
80786,0
80787,1
80788,1
80789,1
80790,0
80791,0
80792,0
80793,0
80794,1
80795,1
80796,0
80797,0
80798,0
80799,0
80800,0
80801,1
80802,1
80803,1
80804,0
80805,1
80806,1
80807,1
80808,1
80809,1
80810,1
80811,0
80812,1
80813,0
80814,1
80815,0
80816,0
80817,0
80818,0
80819,0
80820,0
80821,1
80822,1
80823,0
80824,1
80825,1
80826,0
80827,0
80828,1
80829,0
80830,1
80831,1
80832,0
80833,0
80834,0
80835,1
80836,1
80837,0
80838,1
80839,0
80840,0
80841,0
80842,0
80843,0
80844,1
80845,0
80846,0
80847,0
80848,0
80849,1
80850,1
80851,1
80852,1
80853,1
80854,0
80855,1
80856,1
80857,0
80858,1
80859,1
80860,0
80861,0
80862,1
80863,1
80864,0
80865,1
80866,0
80867,1
80868,0
80869,1
80870,0
80871,1
80872,0
80873,1
80874,1
80875,0
80876,0
80877,1
80878,1
80879,1
80880,0
80881,0
80882,0
80883,1
80884,1
80885,1
80886,0
80887,1
80888,1
80889,0
80890,1
80891,1
80892,0
80893,1
80894,1
80895,1
80896,1
80897,0
80898,0
80899,0
80900,0
80901,0
80902,0
80903,0
80904,0
80905,1
80906,1
80907,0
80908,1
80909,0
80910,0
80911,1
80912,1
80913,1
80914,1
80915,1
80916,1
80917,0
80918,0
80919,0
80920,0
80921,0
80922,1
80923,0
80924,1
80925,1
80926,1
80927,0
80928,1
80929,1
80930,0
80931,0
80932,1
80933,1
80934,1
80935,0
80936,1
80937,0
80938,0
80939,0
80940,1
80941,0
80942,1
80943,0
80944,1
80945,1
80946,1
80947,0
80948,0
80949,0
80950,0
80951,1
80952,0
80953,0
80954,0
80955,1
80956,0
80957,1
80958,0
80959,0
80960,1
80961,1
80962,1
80963,0
80964,0
80965,0
80966,0
80967,1
80968,0
80969,1
80970,0
80971,0
80972,1
80973,1
80974,1
80975,1
80976,1
80977,1
80978,1
80979,1
80980,1
80981,0
80982,0
80983,1
80984,1
80985,0
80986,1
80987,0
80988,1
80989,1
80990,1
80991,0
80992,0
80993,1
80994,0
80995,1
80996,0
80997,0
80998,1
80999,0
81000,0
81001,0
81002,1
81003,0
81004,0
81005,1
81006,0
81007,0
81008,1
81009,1
81010,0
81011,0
81012,1
81013,1
81014,1
81015,1
81016,0
81017,1
81018,0
81019,1
81020,1
81021,0
81022,0
81023,1
81024,0
81025,0
81026,0
81027,0
81028,0
81029,0
81030,0
81031,0
81032,0
81033,1
81034,1
81035,1
81036,0
81037,0
81038,0
81039,0
81040,0
81041,1
81042,0
81043,1
81044,1
81045,0
81046,1
81047,0
81048,0
81049,1
81050,1
81051,1
81052,0
81053,1
81054,0
81055,0
81056,0
81057,0
81058,1
81059,1
81060,1
81061,0
81062,0
81063,0
81064,1
81065,1
81066,1
81067,1
81068,1
81069,1
81070,0
81071,0
81072,1
81073,1
81074,0
81075,0
81076,0
81077,0
81078,1
81079,0
81080,0
81081,0
81082,1
81083,1
81084,1
81085,0
81086,0
81087,1
81088,1
81089,1
81090,0
81091,0
81092,0
81093,1
81094,0
81095,0
81096,1
81097,1
81098,1
81099,1
81100,0
81101,0
81102,0
81103,1
81104,0
81105,1
81106,0
81107,0
81108,1
81109,0
81110,1
81111,0
81112,1
81113,1
81114,0
81115,1
81116,0
81117,0
81118,0
81119,0
81120,0
81121,0
81122,0
81123,1
81124,0
81125,0
81126,0
81127,0
81128,0
81129,1
81130,0
81131,1
81132,0
81133,0
81134,1
81135,1
81136,0
81137,0
81138,1
81139,1
81140,0
81141,1
81142,1
81143,0
81144,0
81145,0
81146,1
81147,1
81148,1
81149,1
81150,1
81151,1
81152,1
81153,1
81154,1
81155,0
81156,1
81157,0
81158,1
81159,0
81160,0
81161,1
81162,0
81163,1
81164,0
81165,0
81166,1
81167,0
81168,1
81169,0
81170,1
81171,1
81172,1
81173,0
81174,0
81175,1
81176,0
81177,0
81178,0
81179,0
81180,1
81181,0
81182,1
81183,0
81184,1
81185,1
81186,1
81187,0
81188,0
81189,1
81190,1
81191,0
81192,1
81193,1
81194,1
81195,0
81196,0
81197,1
81198,0
81199,0
81200,1
81201,1
81202,0
81203,0
81204,1
81205,1
81206,1
81207,0
81208,0
81209,0
81210,1
81211,1
81212,0
81213,1
81214,1
81215,0
81216,0
81217,1
81218,0
81219,0
81220,1
81221,0
81222,0
81223,1
81224,1
81225,0
81226,1
81227,1
81228,0
81229,0
81230,0
81231,0
81232,1
81233,0
81234,0
81235,1
81236,1
81237,1
81238,1
81239,0
81240,0
81241,0
81242,0
81243,0
81244,0
81245,0
81246,1
81247,1
81248,0
81249,0
81250,1
81251,0
81252,0
81253,1
81254,1
81255,0
81256,1
81257,0
81258,1
81259,0
81260,0
81261,1
81262,0
81263,1
81264,1
81265,0
81266,0
81267,0
81268,0
81269,0
81270,0
81271,1
81272,1
81273,1
81274,0
81275,0
81276,0
81277,0
81278,1
81279,0
81280,0
81281,1
81282,0
81283,0
81284,1
81285,0
81286,0
81287,1
81288,0
81289,1
81290,0
81291,1
81292,1
81293,1
81294,1
81295,0
81296,1
81297,1
81298,1
81299,1
81300,1
81301,0
81302,1
81303,1
81304,1
81305,0
81306,0
81307,0
81308,1
81309,0
81310,0
81311,1
81312,0
81313,0
81314,0
81315,0
81316,1
81317,1
81318,0
81319,0
81320,1
81321,0
81322,0
81323,1
81324,1
81325,0
81326,1
81327,1
81328,1
81329,1
81330,0
81331,1
81332,0
81333,0
81334,1
81335,1
81336,0
81337,1
81338,0
81339,0
81340,1
81341,1
81342,0
81343,1
81344,1
81345,1
81346,1
81347,1
81348,0
81349,0
81350,1
81351,0
81352,0
81353,0
81354,0
81355,1
81356,1
81357,1
81358,1
81359,1
81360,1
81361,0
81362,0
81363,0
81364,1
81365,0
81366,0
81367,1
81368,1
81369,0
81370,0
81371,1
81372,0
81373,1
81374,0
81375,1
81376,1
81377,0
81378,0
81379,0
81380,0
81381,0
81382,0
81383,0
81384,1
81385,1
81386,1
81387,1
81388,1
81389,1
81390,0
81391,0
81392,1
81393,0
81394,1
81395,1
81396,1
81397,1
81398,1
81399,1
81400,1
81401,1
81402,0
81403,1
81404,1
81405,0
81406,1
81407,0
81408,1
81409,0
81410,0
81411,1
81412,0
81413,1
81414,0
81415,1
81416,1
81417,1
81418,0
81419,1
81420,0
81421,0
81422,1
81423,0
81424,0
81425,0
81426,0
81427,1
81428,1
81429,0
81430,1
81431,0
81432,0
81433,1
81434,0
81435,0
81436,0
81437,0
81438,0
81439,0
81440,1
81441,0
81442,0
81443,1
81444,1
81445,0
81446,0
81447,1
81448,1
81449,1
81450,0
81451,1
81452,0
81453,1
81454,1
81455,0
81456,1
81457,1
81458,1
81459,1
81460,1
81461,1
81462,1
81463,0
81464,1
81465,1
81466,0
81467,0
81468,0
81469,0
81470,0
81471,0
81472,1
81473,1
81474,1
81475,1
81476,1
81477,1
81478,0
81479,0
81480,0
81481,1
81482,1
81483,0
81484,1
81485,0
81486,0
81487,1
81488,1
81489,0
81490,1
81491,0
81492,1
81493,1
81494,0
81495,0
81496,1
81497,1
81498,0
81499,0
81500,1
81501,1
81502,1
81503,1
81504,0
81505,1
81506,0
81507,1
81508,0
81509,0
81510,1
81511,0
81512,1
81513,1
81514,0
81515,0
81516,1
81517,0
81518,0
81519,1
81520,1
81521,1
81522,1
81523,1
81524,1
81525,1
81526,0
81527,1
81528,0
81529,0
81530,0
81531,0
81532,1
81533,0
81534,0
81535,0
81536,0
81537,0
81538,0
81539,0
81540,0
81541,0
81542,1
81543,0
81544,0
81545,0
81546,1
81547,1
81548,1
81549,0
81550,0
81551,1
81552,0
81553,0
81554,0
81555,1
81556,1
81557,0
81558,1
81559,1
81560,0
81561,0
81562,0
81563,0
81564,0
81565,0
81566,0
81567,1
81568,0
81569,1
81570,0
81571,1
81572,0
81573,0
81574,0
81575,1
81576,1
81577,0
81578,0
81579,0
81580,0
81581,0
81582,1
81583,0
81584,0
81585,1
81586,0
81587,0
81588,0
81589,0
81590,0
81591,0
81592,1
81593,1
81594,1
81595,1
81596,1
81597,0
81598,0
81599,0
81600,1
81601,1
81602,1
81603,0
81604,0
81605,0
81606,1
81607,0
81608,1
81609,0
81610,1
81611,0
81612,1
81613,0
81614,1
81615,1
81616,0
81617,1
81618,1
81619,1
81620,0
81621,1
81622,1
81623,0
81624,0
81625,1
81626,1
81627,1
81628,0
81629,1
81630,1
81631,1
81632,0
81633,0
81634,0
81635,1
81636,0
81637,0
81638,1
81639,1
81640,0
81641,0
81642,0
81643,1
81644,1
81645,1
81646,0
81647,0
81648,0
81649,1
81650,1
81651,0
81652,0
81653,1
81654,1
81655,1
81656,0
81657,0
81658,0
81659,0
81660,0
81661,1
81662,0
81663,1
81664,0
81665,1
81666,1
81667,0
81668,0
81669,1
81670,0
81671,1
81672,1
81673,1
81674,0
81675,1
81676,1
81677,0
81678,0
81679,0
81680,0
81681,0
81682,0
81683,0
81684,1
81685,1
81686,1
81687,1
81688,0
81689,1
81690,0
81691,0
81692,1
81693,1
81694,1
81695,0
81696,0
81697,0
81698,1
81699,0
81700,0
81701,1
81702,1
81703,1
81704,0
81705,0
81706,1
81707,1
81708,1
81709,0
81710,0
81711,1
81712,1
81713,0
81714,1
81715,0
81716,1
81717,1
81718,0
81719,0
81720,0
81721,0
81722,0
81723,1
81724,1
81725,0
81726,0
81727,0
81728,1
81729,0
81730,0
81731,1
81732,0
81733,1
81734,0
81735,1
81736,1
81737,1
81738,1
81739,0
81740,1
81741,0
81742,0
81743,1
81744,0
81745,1
81746,1
81747,0
81748,0
81749,1
81750,0
81751,0
81752,0
81753,1
81754,1
81755,1
81756,0
81757,0
81758,0
81759,0
81760,1
81761,0
81762,1
81763,1
81764,0
81765,0
81766,0
81767,0
81768,0
81769,1
81770,1
81771,1
81772,1
81773,0
81774,0
81775,0
81776,0
81777,0
81778,0
81779,0
81780,1
81781,1
81782,0
81783,1
81784,0
81785,0
81786,1
81787,0
81788,0
81789,1
81790,1
81791,1
81792,0
81793,1
81794,1
81795,1
81796,1
81797,1
81798,0
81799,1
81800,0
81801,1
81802,1
81803,0
81804,0
81805,0
81806,1
81807,1
81808,0
81809,0
81810,1
81811,1
81812,1
81813,0
81814,0
81815,0
81816,0
81817,0
81818,0
81819,0
81820,0
81821,1
81822,1
81823,1
81824,1
81825,0
81826,0
81827,0
81828,1
81829,1
81830,0
81831,1
81832,0
81833,1
81834,0
81835,0
81836,1
81837,1
81838,1
81839,0
81840,1
81841,1
81842,0
81843,0
81844,1
81845,0
81846,0
81847,1
81848,1
81849,1
81850,0
81851,0
81852,1
81853,1
81854,1
81855,1
81856,0
81857,1
81858,1
81859,1
81860,0
81861,0
81862,0
81863,0
81864,0
81865,1
81866,0
81867,1
81868,1
81869,0
81870,0
81871,1
81872,1
81873,0
81874,0
81875,1
81876,1
81877,0
81878,1
81879,0
81880,1
81881,0
81882,1
81883,1
81884,1
81885,1
81886,1
81887,1
81888,1
81889,0
81890,0
81891,0
81892,1
81893,0
81894,1
81895,1
81896,0
81897,0
81898,1
81899,1
81900,0
81901,1
81902,1
81903,0
81904,1
81905,1
81906,0
81907,1
81908,0
81909,0
81910,0
81911,1
81912,1
81913,0
81914,0
81915,1
81916,1
81917,0
81918,0
81919,1
81920,1
81921,0
81922,0
81923,1
81924,1
81925,0
81926,0
81927,0
81928,1
81929,1
81930,0
81931,1
81932,1
81933,0
81934,0
81935,1
81936,1
81937,1
81938,1
81939,0
81940,0
81941,1
81942,1
81943,0
81944,0
81945,0
81946,1
81947,0
81948,0
81949,1
81950,0
81951,0
81952,0
81953,1
81954,0
81955,0
81956,0
81957,0
81958,0
81959,0
81960,0
81961,0
81962,0
81963,1
81964,1
81965,1
81966,1
81967,0
81968,1
81969,0
81970,1
81971,0
81972,0
81973,1
81974,1
81975,0
81976,1
81977,1
81978,1
81979,0
81980,0
81981,0
81982,1
81983,1
81984,1
81985,1
81986,1
81987,0
81988,1
81989,1
81990,1
81991,0
81992,1
81993,0
81994,0
81995,0
81996,1
81997,0
81998,0
81999,1
82000,0
82001,0
82002,1
82003,1
82004,1
82005,1
82006,1
82007,0
82008,1
82009,1
82010,1
82011,0
82012,1
82013,0
82014,0
82015,1
82016,1
82017,1
82018,1
82019,0
82020,1
82021,0
82022,0
82023,0
82024,1
82025,0
82026,1
82027,0
82028,0
82029,0
82030,0
82031,0
82032,0
82033,0
82034,1
82035,0
82036,0
82037,0
82038,1
82039,1
82040,1
82041,1
82042,0
82043,1
82044,1
82045,1
82046,1
82047,0
82048,0
82049,0
82050,1
82051,1
82052,1
82053,1
82054,0
82055,1
82056,1
82057,0
82058,1
82059,0
82060,1
82061,0
82062,0
82063,1
82064,1
82065,0
82066,0
82067,1
82068,0
82069,0
82070,0
82071,1
82072,1
82073,0
82074,0
82075,1
82076,0
82077,0
82078,1
82079,0
82080,0
82081,0
82082,0
82083,0
82084,0
82085,1
82086,1
82087,0
82088,1
82089,0
82090,0
82091,1
82092,0
82093,1
82094,1
82095,1
82096,0
82097,0
82098,1
82099,0
82100,0
82101,0
82102,0
82103,0
82104,1
82105,1
82106,1
82107,1
82108,0
82109,1
82110,0
82111,0
82112,0
82113,0
82114,0
82115,0
82116,1
82117,1
82118,1
82119,1
82120,0
82121,0
82122,1
82123,0
82124,1
82125,0
82126,0
82127,1
82128,1
82129,1
82130,0
82131,1
82132,0
82133,1
82134,1
82135,1
82136,0
82137,1
82138,0
82139,0
82140,0
82141,1
82142,0
82143,0
82144,1
82145,0
82146,0
82147,1
82148,1
82149,1
82150,1
82151,1
82152,0
82153,0
82154,0
82155,0
82156,0
82157,0
82158,1
82159,0
82160,1
82161,0
82162,1
82163,0
82164,0
82165,0
82166,1
82167,1
82168,1
82169,0
82170,0
82171,0
82172,0
82173,1
82174,0
82175,1
82176,1
82177,0
82178,0
82179,0
82180,0
82181,0
82182,1
82183,1
82184,1
82185,0
82186,1
82187,1
82188,0
82189,1
82190,1
82191,0
82192,1
82193,0
82194,1
82195,0
82196,0
82197,1
82198,1
82199,1
82200,1
82201,0
82202,1
82203,1
82204,1
82205,0
82206,1
82207,0
82208,1
82209,0
82210,1
82211,0
82212,1
82213,0
82214,0
82215,1
82216,0
82217,0
82218,0
82219,1
82220,1
82221,1
82222,1
82223,1
82224,0
82225,0
82226,1
82227,0
82228,0
82229,0
82230,0
82231,0
82232,1
82233,1
82234,0
82235,0
82236,0
82237,1
82238,1
82239,1
82240,0
82241,0
82242,1
82243,0
82244,0
82245,1
82246,1
82247,1
82248,1
82249,0
82250,1
82251,0
82252,1
82253,1
82254,1
82255,1
82256,0
82257,0
82258,0
82259,1
82260,1
82261,0
82262,0
82263,1
82264,0
82265,1
82266,0
82267,0
82268,1
82269,0
82270,0
82271,0
82272,0
82273,1
82274,0
82275,1
82276,0
82277,1
82278,0
82279,0
82280,1
82281,0
82282,0
82283,0
82284,0
82285,1
82286,0
82287,1
82288,1
82289,0
82290,1
82291,1
82292,0
82293,1
82294,1
82295,0
82296,1
82297,1
82298,0
82299,0
82300,0
82301,0
82302,1
82303,0
82304,0
82305,0
82306,1
82307,1
82308,0
82309,1
82310,1
82311,1
82312,0
82313,1
82314,1
82315,0
82316,1
82317,0
82318,1
82319,0
82320,0
82321,1
82322,1
82323,1
82324,0
82325,1
82326,1
82327,1
82328,1
82329,1
82330,1
82331,0
82332,0
82333,1
82334,0
82335,0
82336,0
82337,1
82338,1
82339,0
82340,1
82341,0
82342,1
82343,1
82344,0
82345,1
82346,1
82347,0
82348,0
82349,0
82350,1
82351,0
82352,0
82353,0
82354,1
82355,0
82356,1
82357,0
82358,0
82359,0
82360,1
82361,1
82362,0
82363,0
82364,1
82365,1
82366,0
82367,1
82368,0
82369,0
82370,1
82371,1
82372,0
82373,1
82374,1
82375,1
82376,0
82377,0
82378,0
82379,0
82380,0
82381,1
82382,1
82383,1
82384,1
82385,0
82386,1
82387,1
82388,1
82389,0
82390,0
82391,1
82392,1
82393,0
82394,0
82395,0
82396,0
82397,0
82398,0
82399,1
82400,0
82401,0
82402,1
82403,0
82404,0
82405,0
82406,1
82407,1
82408,1
82409,1
82410,1
82411,1
82412,0
82413,1
82414,1
82415,1
82416,0
82417,1
82418,0
82419,0
82420,0
82421,0
82422,1
82423,1
82424,1
82425,1
82426,0
82427,1
82428,0
82429,1
82430,0
82431,0
82432,0
82433,0
82434,1
82435,0
82436,1
82437,1
82438,0
82439,0
82440,1
82441,1
82442,1
82443,1
82444,0
82445,0
82446,1
82447,0
82448,1
82449,0
82450,0
82451,1
82452,0
82453,0
82454,1
82455,0
82456,0
82457,1
82458,1
82459,1
82460,1
82461,1
82462,0
82463,1
82464,0
82465,0
82466,1
82467,0
82468,1
82469,1
82470,1
82471,1
82472,0
82473,1
82474,0
82475,0
82476,1
82477,1
82478,0
82479,0
82480,0
82481,0
82482,1
82483,1
82484,0
82485,1
82486,1
82487,1
82488,0
82489,1
82490,1
82491,0
82492,1
82493,0
82494,0
82495,1
82496,1
82497,0
82498,0
82499,0
82500,0
82501,1
82502,1
82503,1
82504,0
82505,0
82506,0
82507,1
82508,0
82509,0
82510,1
82511,0
82512,1
82513,1
82514,0
82515,0
82516,0
82517,0
82518,0
82519,1
82520,0
82521,0
82522,0
82523,1
82524,0
82525,0
82526,0
82527,1
82528,1
82529,1
82530,1
82531,0
82532,0
82533,0
82534,0
82535,1
82536,0
82537,0
82538,1
82539,1
82540,1
82541,0
82542,0
82543,0
82544,1
82545,1
82546,0
82547,1
82548,1
82549,0
82550,1
82551,0
82552,0
82553,1
82554,1
82555,0
82556,1
82557,1
82558,1
82559,1
82560,1
82561,1
82562,1
82563,1
82564,1
82565,0
82566,1
82567,1
82568,1
82569,0
82570,1
82571,0
82572,1
82573,1
82574,0
82575,1
82576,0
82577,0
82578,0
82579,0
82580,0
82581,0
82582,1
82583,0
82584,1
82585,1
82586,0
82587,1
82588,0
82589,0
82590,0
82591,1
82592,1
82593,1
82594,1
82595,0
82596,1
82597,1
82598,0
82599,1
82600,1
82601,1
82602,1
82603,0
82604,1
82605,0
82606,0
82607,1
82608,0
82609,0
82610,0
82611,0
82612,0
82613,0
82614,0
82615,1
82616,1
82617,0
82618,0
82619,1
82620,0
82621,1
82622,1
82623,0
82624,1
82625,0
82626,1
82627,0
82628,0
82629,1
82630,0
82631,0
82632,0
82633,0
82634,1
82635,1
82636,0
82637,1
82638,1
82639,0
82640,0
82641,0
82642,1
82643,0
82644,1
82645,0
82646,1
82647,1
82648,0
82649,0
82650,0
82651,1
82652,1
82653,0
82654,0
82655,1
82656,1
82657,0
82658,1
82659,0
82660,1
82661,0
82662,0
82663,1
82664,0
82665,0
82666,1
82667,1
82668,1
82669,0
82670,1
82671,0
82672,1
82673,1
82674,1
82675,0
82676,0
82677,1
82678,0
82679,1
82680,0
82681,1
82682,1
82683,1
82684,1
82685,1
82686,1
82687,0
82688,0
82689,0
82690,0
82691,0
82692,1
82693,0
82694,0
82695,1
82696,0
82697,0
82698,1
82699,0
82700,1
82701,0
82702,0
82703,0
82704,0
82705,1
82706,0
82707,1
82708,0
82709,1
82710,0
82711,0
82712,0
82713,0
82714,0
82715,0
82716,0
82717,0
82718,0
82719,1
82720,1
82721,0
82722,1
82723,1
82724,0
82725,0
82726,1
82727,0
82728,1
82729,1
82730,1
82731,1
82732,0
82733,1
82734,0
82735,0
82736,1
82737,0
82738,1
82739,0
82740,0
82741,1
82742,0
82743,0
82744,1
82745,0
82746,0
82747,0
82748,0
82749,1
82750,0
82751,0
82752,0
82753,1
82754,0
82755,0
82756,1
82757,0
82758,1
82759,1
82760,1
82761,1
82762,0
82763,0
82764,0
82765,1
82766,1
82767,0
82768,1
82769,0
82770,1
82771,1
82772,0
82773,0
82774,1
82775,1
82776,1
82777,0
82778,0
82779,1
82780,1
82781,1
82782,1
82783,1
82784,1
82785,0
82786,1
82787,1
82788,0
82789,0
82790,0
82791,1
82792,0
82793,0
82794,0
82795,1
82796,0
82797,1
82798,0
82799,1
82800,1
82801,1
82802,1
82803,0
82804,0
82805,1
82806,0
82807,1
82808,0
82809,1
82810,1
82811,0
82812,0
82813,0
82814,0
82815,0
82816,0
82817,0
82818,1
82819,0
82820,1
82821,1
82822,1
82823,1
82824,1
82825,1
82826,1
82827,1
82828,1
82829,0
82830,1
82831,1
82832,1
82833,1
82834,0
82835,1
82836,1
82837,1
82838,1
82839,1
82840,0
82841,1
82842,0
82843,0
82844,0
82845,1
82846,0
82847,1
82848,1
82849,1
82850,0
82851,0
82852,0
82853,0
82854,1
82855,1
82856,0
82857,1
82858,1
82859,1
82860,0
82861,0
82862,1
82863,1
82864,0
82865,1
82866,1
82867,1
82868,1
82869,0
82870,0
82871,0
82872,1
82873,0
82874,0
82875,1
82876,0
82877,0
82878,1
82879,1
82880,0
82881,1
82882,0
82883,0
82884,1
82885,0
82886,0
82887,1
82888,1
82889,1
82890,1
82891,1
82892,1
82893,1
82894,0
82895,1
82896,0
82897,0
82898,1
82899,0
82900,0
82901,1
82902,0
82903,1
82904,1
82905,0
82906,1
82907,1
82908,0
82909,0
82910,0
82911,0
82912,0
82913,1
82914,0
82915,0
82916,1
82917,0
82918,1
82919,1
82920,0
82921,0
82922,0
82923,0
82924,0
82925,1
82926,1
82927,1
82928,0
82929,1
82930,1
82931,1
82932,1
82933,1
82934,1
82935,1
82936,0
82937,1
82938,0
82939,0
82940,0
82941,1
82942,0
82943,1
82944,0
82945,0
82946,0
82947,0
82948,1
82949,0
82950,1
82951,1
82952,1
82953,1
82954,1
82955,1
82956,1
82957,1
82958,1
82959,0
82960,0
82961,1
82962,0
82963,1
82964,1
82965,1
82966,0
82967,0
82968,0
82969,1
82970,0
82971,0
82972,0
82973,1
82974,0
82975,0
82976,1
82977,1
82978,1
82979,1
82980,1
82981,0
82982,1
82983,0
82984,1
82985,1
82986,0
82987,0
82988,1
82989,0
82990,1
82991,0
82992,1
82993,0
82994,1
82995,1
82996,1
82997,1
82998,0
82999,1
83000,0
83001,1
83002,0
83003,1
83004,0
83005,0
83006,1
83007,1
83008,1
83009,1
83010,1
83011,1
83012,0
83013,1
83014,1
83015,1
83016,0
83017,1
83018,1
83019,0
83020,1
83021,0
83022,0
83023,0
83024,1
83025,1
83026,1
83027,0
83028,1
83029,0
83030,0
83031,0
83032,1
83033,1
83034,1
83035,0
83036,1
83037,0
83038,0
83039,1
83040,1
83041,1
83042,0
83043,0
83044,1
83045,1
83046,0
83047,0
83048,1
83049,0
83050,1
83051,0
83052,1
83053,1
83054,1
83055,0
83056,0
83057,1
83058,1
83059,0
83060,0
83061,1
83062,1
83063,1
83064,0
83065,1
83066,1
83067,1
83068,0
83069,1
83070,1
83071,1
83072,1
83073,0
83074,1
83075,1
83076,1
83077,0
83078,0
83079,1
83080,1
83081,0
83082,0
83083,0
83084,0
83085,0
83086,1
83087,0
83088,1
83089,0
83090,1
83091,0
83092,0
83093,1
83094,0
83095,1
83096,1
83097,1
83098,1
83099,0
83100,1
83101,0
83102,1
83103,1
83104,0
83105,0
83106,0
83107,1
83108,0
83109,1
83110,1
83111,1
83112,0
83113,1
83114,0
83115,0
83116,1
83117,1
83118,0
83119,0
83120,1
83121,1
83122,0
83123,0
83124,1
83125,1
83126,1
83127,1
83128,0
83129,0
83130,0
83131,0
83132,0
83133,0
83134,0
83135,1
83136,1
83137,1
83138,1
83139,0
83140,1
83141,1
83142,0
83143,1
83144,1
83145,0
83146,1
83147,0
83148,0
83149,1
83150,1
83151,0
83152,1
83153,0
83154,1
83155,0
83156,1
83157,0
83158,1
83159,1
83160,0
83161,0
83162,1
83163,0
83164,1
83165,0
83166,1
83167,0
83168,0
83169,1
83170,1
83171,0
83172,0
83173,1
83174,0
83175,0
83176,1
83177,0
83178,0
83179,0
83180,1
83181,1
83182,0
83183,0
83184,0
83185,0
83186,0
83187,0
83188,1
83189,1
83190,1
83191,1
83192,1
83193,1
83194,1
83195,1
83196,0
83197,0
83198,1
83199,0
83200,1
83201,1
83202,0
83203,1
83204,1
83205,0
83206,0
83207,0
83208,0
83209,0
83210,0
83211,0
83212,0
83213,0
83214,1
83215,1
83216,1
83217,1
83218,0
83219,1
83220,0
83221,0
83222,0
83223,0
83224,0
83225,1
83226,1
83227,0
83228,0
83229,1
83230,1
83231,0
83232,0
83233,0
83234,1
83235,1
83236,1
83237,0
83238,1
83239,1
83240,1
83241,0
83242,0
83243,0
83244,0
83245,0
83246,1
83247,0
83248,1
83249,1
83250,0
83251,1
83252,1
83253,0
83254,1
83255,1
83256,1
83257,1
83258,1
83259,1
83260,1
83261,1
83262,0
83263,1
83264,1
83265,0
83266,1
83267,1
83268,1
83269,0
83270,1
83271,0
83272,0
83273,0
83274,0
83275,0
83276,1
83277,1
83278,0
83279,1
83280,0
83281,0
83282,1
83283,1
83284,0
83285,1
83286,0
83287,1
83288,0
83289,1
83290,1
83291,0
83292,1
83293,1
83294,1
83295,0
83296,0
83297,0
83298,1
83299,1
83300,1
83301,0
83302,0
83303,0
83304,1
83305,0
83306,0
83307,0
83308,0
83309,1
83310,1
83311,0
83312,1
83313,0
83314,0
83315,0
83316,0
83317,1
83318,1
83319,1
83320,0
83321,0
83322,0
83323,1
83324,0
83325,1
83326,1
83327,1
83328,0
83329,1
83330,1
83331,0
83332,1
83333,0
83334,0
83335,1
83336,0
83337,0
83338,1
83339,1
83340,0
83341,1
83342,1
83343,0
83344,0
83345,1
83346,0
83347,1
83348,0
83349,1
83350,0
83351,1
83352,1
83353,0
83354,1
83355,0
83356,1
83357,1
83358,0
83359,1
83360,0
83361,1
83362,1
83363,0
83364,1
83365,1
83366,0
83367,0
83368,1
83369,1
83370,1
83371,0
83372,1
83373,1
83374,0
83375,1
83376,0
83377,0
83378,1
83379,1
83380,0
83381,1
83382,1
83383,1
83384,0
83385,0
83386,0
83387,1
83388,0
83389,1
83390,1
83391,1
83392,0
83393,0
83394,0
83395,1
83396,0
83397,0
83398,1
83399,0
83400,0
83401,1
83402,0
83403,1
83404,0
83405,0
83406,0
83407,1
83408,0
83409,1
83410,0
83411,1
83412,0
83413,1
83414,0
83415,1
83416,0
83417,0
83418,0
83419,0
83420,0
83421,1
83422,1
83423,0
83424,1
83425,0
83426,1
83427,0
83428,1
83429,1
83430,0
83431,1
83432,1
83433,1
83434,0
83435,1
83436,1
83437,0
83438,1
83439,1
83440,1
83441,1
83442,0
83443,1
83444,1
83445,1
83446,1
83447,0
83448,1
83449,1
83450,0
83451,1
83452,0
83453,1
83454,1
83455,0
83456,0
83457,1
83458,1
83459,0
83460,1
83461,0
83462,0
83463,0
83464,1
83465,1
83466,0
83467,1
83468,1
83469,1
83470,0
83471,1
83472,1
83473,1
83474,1
83475,0
83476,0
83477,0
83478,1
83479,1
83480,1
83481,1
83482,1
83483,1
83484,0
83485,0
83486,0
83487,0
83488,0
83489,1
83490,1
83491,1
83492,0
83493,0
83494,0
83495,0
83496,0
83497,1
83498,1
83499,0
83500,0
83501,1
83502,0
83503,1
83504,0
83505,0
83506,1
83507,0
83508,1
83509,0
83510,0
83511,0
83512,0
83513,1
83514,0
83515,1
83516,0
83517,1
83518,0
83519,1
83520,0
83521,0
83522,0
83523,1
83524,0
83525,0
83526,1
83527,0
83528,1
83529,0
83530,0
83531,1
83532,0
83533,0
83534,0
83535,0
83536,0
83537,1
83538,0
83539,0
83540,1
83541,1
83542,1
83543,1
83544,0
83545,0
83546,1
83547,1
83548,0
83549,1
83550,1
83551,1
83552,0
83553,0
83554,0
83555,1
83556,1
83557,1
83558,1
83559,1
83560,0
83561,0
83562,1
83563,0
83564,0
83565,0
83566,0
83567,0
83568,1
83569,0
83570,0
83571,0
83572,0
83573,0
83574,1
83575,0
83576,1
83577,1
83578,0
83579,0
83580,0
83581,0
83582,1
83583,1
83584,1
83585,0
83586,0
83587,0
83588,0
83589,1
83590,0
83591,0
83592,1
83593,0
83594,1
83595,1
83596,1
83597,0
83598,0
83599,1
83600,0
83601,1
83602,1
83603,1
83604,0
83605,1
83606,0
83607,0
83608,1
83609,0
83610,0
83611,0
83612,1
83613,1
83614,0
83615,0
83616,1
83617,1
83618,1
83619,0
83620,1
83621,0
83622,1
83623,1
83624,1
83625,1
83626,1
83627,0
83628,0
83629,0
83630,0
83631,0
83632,1
83633,0
83634,0
83635,0
83636,0
83637,1
83638,1
83639,1
83640,1
83641,1
83642,1
83643,0
83644,1
83645,0
83646,0
83647,1
83648,0
83649,1
83650,1
83651,0
83652,1
83653,0
83654,0
83655,1
83656,1
83657,0
83658,0
83659,0
83660,0
83661,1
83662,0
83663,0
83664,0
83665,0
83666,1
83667,0
83668,1
83669,0
83670,1
83671,1
83672,0
83673,1
83674,1
83675,0
83676,1
83677,1
83678,1
83679,0
83680,1
83681,0
83682,0
83683,1
83684,1
83685,1
83686,0
83687,1
83688,1
83689,1
83690,1
83691,1
83692,0
83693,1
83694,1
83695,0
83696,0
83697,0
83698,0
83699,0
83700,0
83701,1
83702,0
83703,1
83704,0
83705,1
83706,0
83707,1
83708,1
83709,1
83710,1
83711,1
83712,0
83713,1
83714,1
83715,1
83716,1
83717,0
83718,0
83719,0
83720,0
83721,1
83722,1
83723,1
83724,1
83725,0
83726,1
83727,1
83728,1
83729,1
83730,1
83731,0
83732,1
83733,1
83734,1
83735,1
83736,0
83737,1
83738,0
83739,0
83740,1
83741,1
83742,0
83743,0
83744,1
83745,1
83746,1
83747,1
83748,0
83749,1
83750,0
83751,0
83752,0
83753,0
83754,1
83755,1
83756,1
83757,1
83758,1
83759,0
83760,0
83761,1
83762,1
83763,0
83764,0
83765,1
83766,0
83767,1
83768,1
83769,1
83770,1
83771,0
83772,1
83773,0
83774,1
83775,0
83776,1
83777,0
83778,1
83779,1
83780,1
83781,1
83782,0
83783,0
83784,0
83785,0
83786,1
83787,1
83788,1
83789,1
83790,1
83791,0
83792,0
83793,1
83794,1
83795,1
83796,0
83797,1
83798,1
83799,1
83800,1
83801,1
83802,0
83803,0
83804,0
83805,1
83806,0
83807,0
83808,1
83809,1
83810,1
83811,1
83812,1
83813,0
83814,1
83815,0
83816,1
83817,1
83818,1
83819,0
83820,0
83821,1
83822,0
83823,1
83824,0
83825,0
83826,0
83827,0
83828,1
83829,1
83830,0
83831,0
83832,0
83833,0
83834,0
83835,1
83836,0
83837,1
83838,1
83839,0
83840,0
83841,0
83842,0
83843,1
83844,1
83845,0
83846,1
83847,0
83848,0
83849,1
83850,1
83851,0
83852,0
83853,1
83854,1
83855,0
83856,1
83857,0
83858,0
83859,0
83860,1
83861,0
83862,1
83863,1
83864,1
83865,0
83866,0
83867,0
83868,1
83869,0
83870,0
83871,1
83872,0
83873,0
83874,0
83875,0
83876,0
83877,0
83878,1
83879,0
83880,1
83881,1
83882,0
83883,0
83884,1
83885,0
83886,1
83887,0
83888,1
83889,0
83890,1
83891,0
83892,0
83893,0
83894,1
83895,0
83896,1
83897,0
83898,0
83899,0
83900,0
83901,1
83902,0
83903,1
83904,1
83905,1
83906,0
83907,1
83908,1
83909,0
83910,0
83911,1
83912,0
83913,1
83914,1
83915,0
83916,0
83917,0
83918,1
83919,0
83920,1
83921,1
83922,0
83923,1
83924,0
83925,1
83926,1
83927,0
83928,0
83929,1
83930,0
83931,0
83932,1
83933,0
83934,0
83935,0
83936,0
83937,1
83938,0
83939,0
83940,0
83941,0
83942,0
83943,1
83944,0
83945,0
83946,0
83947,1
83948,0
83949,0
83950,1
83951,0
83952,1
83953,1
83954,0
83955,1
83956,0
83957,1
83958,1
83959,0
83960,0
83961,1
83962,0
83963,1
83964,1
83965,0
83966,0
83967,1
83968,1
83969,0
83970,1
83971,0
83972,1
83973,0
83974,1
83975,1
83976,0
83977,0
83978,0
83979,1
83980,0
83981,1
83982,1
83983,0
83984,0
83985,1
83986,1
83987,1
83988,1
83989,1
83990,1
83991,1
83992,0
83993,1
83994,1
83995,0
83996,1
83997,0
83998,1
83999,1
84000,1
84001,1
84002,1
84003,0
84004,0
84005,1
84006,0
84007,1
84008,1
84009,1
84010,0
84011,1
84012,0
84013,1
84014,0
84015,1
84016,1
84017,0
84018,1
84019,0
84020,0
84021,0
84022,0
84023,0
84024,0
84025,1
84026,1
84027,1
84028,1
84029,1
84030,0
84031,0
84032,1
84033,0
84034,0
84035,0
84036,1
84037,0
84038,1
84039,0
84040,1
84041,0
84042,1
84043,0
84044,0
84045,1
84046,1
84047,1
84048,0
84049,0
84050,1
84051,1
84052,1
84053,0
84054,0
84055,1
84056,0
84057,1
84058,1
84059,0
84060,1
84061,1
84062,0
84063,1
84064,0
84065,0
84066,0
84067,1
84068,0
84069,1
84070,1
84071,0
84072,1
84073,0
84074,1
84075,0
84076,0
84077,0
84078,0
84079,1
84080,0
84081,0
84082,0
84083,1
84084,1
84085,1
84086,0
84087,0
84088,0
84089,1
84090,1
84091,1
84092,1
84093,0
84094,1
84095,0
84096,1
84097,1
84098,1
84099,1
84100,1
84101,1
84102,1
84103,1
84104,1
84105,0
84106,1
84107,1
84108,0
84109,0
84110,1
84111,0
84112,1
84113,1
84114,0
84115,0
84116,1
84117,1
84118,0
84119,1
84120,0
84121,0
84122,0
84123,1
84124,1
84125,1
84126,1
84127,0
84128,0
84129,1
84130,0
84131,0
84132,0
84133,0
84134,1
84135,0
84136,0
84137,0
84138,0
84139,1
84140,1
84141,0
84142,1
84143,0
84144,1
84145,1
84146,1
84147,1
84148,1
84149,1
84150,0
84151,0
84152,0
84153,0
84154,1
84155,1
84156,0
84157,0
84158,1
84159,0
84160,0
84161,1
84162,1
84163,0
84164,1
84165,0
84166,0
84167,0
84168,0
84169,1
84170,0
84171,1
84172,1
84173,1
84174,1
84175,0
84176,0
84177,1
84178,1
84179,0
84180,1
84181,1
84182,1
84183,1
84184,0
84185,0
84186,0
84187,1
84188,0
84189,0
84190,0
84191,1
84192,1
84193,1
84194,1
84195,1
84196,0
84197,1
84198,1
84199,0
84200,0
84201,1
84202,1
84203,1
84204,0
84205,1
84206,0
84207,1
84208,0
84209,0
84210,1
84211,1
84212,1
84213,1
84214,0
84215,0
84216,0
84217,0
84218,1
84219,0
84220,0
84221,1
84222,1
84223,0
84224,0
84225,1
84226,1
84227,1
84228,0
84229,0
84230,0
84231,1
84232,0
84233,0
84234,1
84235,1
84236,0
84237,0
84238,1
84239,0
84240,0
84241,1
84242,0
84243,1
84244,0
84245,0
84246,1
84247,1
84248,1
84249,1
84250,0
84251,0
84252,0
84253,0
84254,1
84255,0
84256,1
84257,1
84258,1
84259,0
84260,0
84261,0
84262,0
84263,1
84264,1
84265,1
84266,0
84267,0
84268,1
84269,1
84270,1
84271,1
84272,1
84273,1
84274,1
84275,1
84276,0
84277,1
84278,0
84279,1
84280,0
84281,1
84282,0
84283,0
84284,0
84285,1
84286,0
84287,0
84288,0
84289,0
84290,1
84291,1
84292,0
84293,1
84294,1
84295,0
84296,0
84297,0
84298,0
84299,0
84300,1
84301,1
84302,1
84303,1
84304,0
84305,0
84306,0
84307,1
84308,1
84309,0
84310,0
84311,0
84312,0
84313,0
84314,0
84315,0
84316,1
84317,0
84318,1
84319,1
84320,0
84321,1
84322,1
84323,1
84324,1
84325,1
84326,1
84327,1
84328,0
84329,0
84330,1
84331,0
84332,1
84333,0
84334,1
84335,0
84336,0
84337,0
84338,0
84339,0
84340,0
84341,1
84342,0
84343,1
84344,0
84345,1
84346,0
84347,0
84348,0
84349,0
84350,1
84351,0
84352,0
84353,1
84354,0
84355,1
84356,0
84357,1
84358,1
84359,1
84360,0
84361,0
84362,1
84363,0
84364,0
84365,0
84366,0
84367,0
84368,1
84369,0
84370,1
84371,1
84372,0
84373,1
84374,1
84375,0
84376,0
84377,1
84378,1
84379,0
84380,1
84381,0
84382,0
84383,1
84384,0
84385,0
84386,1
84387,1
84388,0
84389,0
84390,1
84391,0
84392,1
84393,1
84394,0
84395,0
84396,0
84397,1
84398,1
84399,1
84400,0
84401,0
84402,0
84403,0
84404,0
84405,0
84406,1
84407,0
84408,1
84409,0
84410,1
84411,1
84412,1
84413,1
84414,1
84415,0
84416,1
84417,0
84418,1
84419,0
84420,1
84421,1
84422,0
84423,0
84424,0
84425,0
84426,1
84427,0
84428,0
84429,1
84430,1
84431,1
84432,0
84433,0
84434,1
84435,0
84436,0
84437,0
84438,1
84439,0
84440,0
84441,0
84442,0
84443,0
84444,1
84445,1
84446,1
84447,1
84448,1
84449,0
84450,0
84451,1
84452,1
84453,1
84454,1
84455,1
84456,0
84457,1
84458,1
84459,0
84460,1
84461,0
84462,0
84463,1
84464,1
84465,0
84466,1
84467,0
84468,1
84469,0
84470,0
84471,0
84472,0
84473,1
84474,1
84475,1
84476,0
84477,1
84478,0
84479,0
84480,1
84481,0
84482,1
84483,0
84484,1
84485,0
84486,0
84487,1
84488,1
84489,1
84490,0
84491,0
84492,1
84493,1
84494,1
84495,0
84496,0
84497,1
84498,0
84499,0
84500,0
84501,1
84502,1
84503,0
84504,0
84505,1
84506,0
84507,0
84508,0
84509,1
84510,1
84511,1
84512,0
84513,0
84514,0
84515,0
84516,1
84517,0
84518,0
84519,1
84520,0
84521,0
84522,1
84523,0
84524,1
84525,1
84526,1
84527,0
84528,0
84529,0
84530,0
84531,1
84532,0
84533,1
84534,0
84535,1
84536,0
84537,0
84538,0
84539,1
84540,0
84541,0
84542,1
84543,0
84544,1
84545,1
84546,1
84547,0
84548,0
84549,0
84550,1
84551,1
84552,1
84553,0
84554,0
84555,0
84556,1
84557,1
84558,0
84559,1
84560,0
84561,0
84562,0
84563,1
84564,1
84565,0
84566,0
84567,0
84568,1
84569,0
84570,1
84571,1
84572,0
84573,0
84574,0
84575,1
84576,1
84577,0
84578,0
84579,0
84580,0
84581,0
84582,1
84583,1
84584,1
84585,0
84586,1
84587,1
84588,1
84589,0
84590,0
84591,1
84592,0
84593,0
84594,1
84595,0
84596,1
84597,0
84598,0
84599,0
84600,0
84601,0
84602,1
84603,0
84604,0
84605,1
84606,1
84607,1
84608,1
84609,1
84610,1
84611,1
84612,1
84613,0
84614,0
84615,1
84616,1
84617,0
84618,1
84619,0
84620,0
84621,1
84622,0
84623,0
84624,1
84625,0
84626,1
84627,0
84628,0
84629,1
84630,1
84631,1
84632,0
84633,1
84634,1
84635,1
84636,1
84637,1
84638,1
84639,0
84640,1
84641,0
84642,0
84643,0
84644,0
84645,1
84646,0
84647,0
84648,0
84649,0
84650,1
84651,1
84652,1
84653,0
84654,0
84655,0
84656,0
84657,0
84658,1
84659,0
84660,0
84661,0
84662,0
84663,0
84664,1
84665,1
84666,1
84667,0
84668,1
84669,1
84670,1
84671,1
84672,1
84673,0
84674,1
84675,0
84676,0
84677,0
84678,1
84679,0
84680,1
84681,0
84682,1
84683,1
84684,0
84685,1
84686,0
84687,0
84688,1
84689,1
84690,0
84691,0
84692,0
84693,0
84694,0
84695,1
84696,1
84697,1
84698,1
84699,0
84700,1
84701,1
84702,0
84703,1
84704,1
84705,0
84706,0
84707,0
84708,1
84709,1
84710,1
84711,0
84712,0
84713,1
84714,1
84715,0
84716,0
84717,0
84718,0
84719,1
84720,0
84721,1
84722,1
84723,1
84724,0
84725,0
84726,1
84727,0
84728,0
84729,0
84730,1
84731,0
84732,1
84733,1
84734,1
84735,0
84736,1
84737,0
84738,1
84739,0
84740,1
84741,0
84742,1
84743,1
84744,0
84745,0
84746,1
84747,1
84748,1
84749,1
84750,0
84751,0
84752,1
84753,1
84754,1
84755,0
84756,0
84757,1
84758,1
84759,0
84760,1
84761,0
84762,0
84763,1
84764,1
84765,0
84766,1
84767,0
84768,1
84769,0
84770,0
84771,0
84772,1
84773,0
84774,0
84775,0
84776,0
84777,0
84778,1
84779,0
84780,0
84781,1
84782,1
84783,1
84784,0
84785,1
84786,1
84787,0
84788,1
84789,1
84790,1
84791,1
84792,0
84793,0
84794,1
84795,0
84796,0
84797,1
84798,1
84799,1
84800,1
84801,1
84802,0
84803,0
84804,1
84805,0
84806,1
84807,0
84808,1
84809,1
84810,1
84811,0
84812,0
84813,0
84814,0
84815,0
84816,0
84817,1
84818,1
84819,1
84820,1
84821,0
84822,1
84823,1
84824,1
84825,1
84826,1
84827,0
84828,0
84829,0
84830,0
84831,1
84832,0
84833,1
84834,0
84835,0
84836,0
84837,1
84838,1
84839,1
84840,0
84841,1
84842,1
84843,0
84844,0
84845,0
84846,0
84847,0
84848,0
84849,0
84850,1
84851,1
84852,0
84853,0
84854,1
84855,1
84856,0
84857,0
84858,0
84859,1
84860,1
84861,0
84862,1
84863,0
84864,1
84865,0
84866,0
84867,0
84868,1
84869,1
84870,1
84871,0
84872,1
84873,1
84874,0
84875,1
84876,0
84877,1
84878,0
84879,1
84880,0
84881,0
84882,1
84883,0
84884,1
84885,0
84886,1
84887,0
84888,1
84889,1
84890,1
84891,1
84892,0
84893,1
84894,1
84895,1
84896,1
84897,0
84898,0
84899,1
84900,1
84901,1
84902,0
84903,1
84904,0
84905,1
84906,0
84907,0
84908,1
84909,0
84910,1
84911,1
84912,1
84913,1
84914,1
84915,1
84916,1
84917,1
84918,1
84919,0
84920,1
84921,0
84922,0
84923,0
84924,0
84925,0
84926,0
84927,1
84928,0
84929,1
84930,0
84931,1
84932,0
84933,1
84934,0
84935,1
84936,0
84937,1
84938,0
84939,1
84940,1
84941,1
84942,0
84943,1
84944,0
84945,1
84946,1
84947,0
84948,0
84949,1
84950,1
84951,1
84952,0
84953,0
84954,0
84955,0
84956,0
84957,0
84958,1
84959,0
84960,0
84961,1
84962,1
84963,0
84964,0
84965,1
84966,1
84967,0
84968,0
84969,1
84970,0
84971,0
84972,0
84973,1
84974,1
84975,0
84976,0
84977,0
84978,0
84979,1
84980,0
84981,0
84982,0
84983,1
84984,0
84985,1
84986,1
84987,0
84988,1
84989,0
84990,0
84991,0
84992,0
84993,1
84994,0
84995,1
84996,1
84997,0
84998,1
84999,0
85000,0
85001,1
85002,1
85003,0
85004,0
85005,1
85006,0
85007,1
85008,0
85009,1
85010,0
85011,1
85012,0
85013,1
85014,0
85015,1
85016,0
85017,0
85018,1
85019,1
85020,0
85021,0
85022,0
85023,0
85024,1
85025,0
85026,0
85027,0
85028,1
85029,0
85030,0
85031,0
85032,1
85033,0
85034,1
85035,0
85036,0
85037,1
85038,0
85039,0
85040,0
85041,0
85042,0
85043,1
85044,0
85045,1
85046,0
85047,0
85048,1
85049,0
85050,1
85051,1
85052,0
85053,1
85054,1
85055,0
85056,1
85057,1
85058,0
85059,1
85060,0
85061,1
85062,0
85063,0
85064,1
85065,0
85066,0
85067,1
85068,0
85069,0
85070,0
85071,1
85072,0
85073,1
85074,0
85075,1
85076,0
85077,1
85078,1
85079,0
85080,0
85081,0
85082,1
85083,0
85084,0
85085,0
85086,0
85087,1
85088,0
85089,0
85090,1
85091,1
85092,0
85093,1
85094,1
85095,1
85096,1
85097,1
85098,0
85099,0
85100,1
85101,1
85102,1
85103,1
85104,0
85105,1
85106,0
85107,0
85108,0
85109,1
85110,1
85111,1
85112,0
85113,0
85114,0
85115,1
85116,1
85117,0
85118,1
85119,0
85120,1
85121,1
85122,0
85123,1
85124,1
85125,1
85126,1
85127,1
85128,1
85129,1
85130,0
85131,1
85132,0
85133,0
85134,1
85135,1
85136,0
85137,1
85138,1
85139,1
85140,0
85141,0
85142,1
85143,0
85144,1
85145,0
85146,1
85147,0
85148,1
85149,1
85150,1
85151,0
85152,1
85153,0
85154,1
85155,1
85156,0
85157,0
85158,1
85159,0
85160,0
85161,1
85162,1
85163,0
85164,1
85165,1
85166,0
85167,0
85168,0
85169,0
85170,1
85171,0
85172,0
85173,1
85174,0
85175,1
85176,1
85177,0
85178,0
85179,0
85180,1
85181,1
85182,0
85183,0
85184,1
85185,0
85186,0
85187,1
85188,0
85189,0
85190,1
85191,1
85192,1
85193,1
85194,1
85195,1
85196,0
85197,1
85198,1
85199,0
85200,1
85201,1
85202,0
85203,1
85204,0
85205,0
85206,1
85207,0
85208,1
85209,1
85210,1
85211,0
85212,1
85213,1
85214,1
85215,1
85216,0
85217,1
85218,0
85219,1
85220,0
85221,0
85222,1
85223,1
85224,1
85225,1
85226,1
85227,1
85228,1
85229,1
85230,0
85231,1
85232,0
85233,0
85234,0
85235,0
85236,0
85237,0
85238,0
85239,0
85240,1
85241,1
85242,0
85243,1
85244,1
85245,1
85246,0
85247,1
85248,1
85249,1
85250,0
85251,1
85252,0
85253,1
85254,0
85255,1
85256,1
85257,1
85258,1
85259,1
85260,1
85261,1
85262,1
85263,1
85264,1
85265,1
85266,0
85267,0
85268,0
85269,0
85270,1
85271,1
85272,0
85273,1
85274,0
85275,0
85276,1
85277,1
85278,1
85279,0
85280,0
85281,0
85282,1
85283,1
85284,0
85285,0
85286,1
85287,0
85288,0
85289,0
85290,1
85291,0
85292,1
85293,0
85294,0
85295,1
85296,1
85297,1
85298,1
85299,0
85300,1
85301,1
85302,0
85303,0
85304,0
85305,0
85306,0
85307,0
85308,1
85309,0
85310,1
85311,1
85312,0
85313,1
85314,0
85315,0
85316,1
85317,1
85318,0
85319,0
85320,1
85321,0
85322,0
85323,0
85324,1
85325,0
85326,0
85327,0
85328,1
85329,1
85330,1
85331,1
85332,1
85333,0
85334,0
85335,1
85336,1
85337,0
85338,1
85339,0
85340,1
85341,1
85342,0
85343,1
85344,1
85345,1
85346,1
85347,0
85348,0
85349,1
85350,1
85351,0
85352,1
85353,1
85354,1
85355,0
85356,1
85357,0
85358,0
85359,1
85360,1
85361,1
85362,0
85363,1
85364,0
85365,1
85366,0
85367,0
85368,1
85369,1
85370,1
85371,0
85372,1
85373,0
85374,0
85375,0
85376,1
85377,0
85378,1
85379,1
85380,0
85381,1
85382,1
85383,0
85384,0
85385,1
85386,0
85387,1
85388,0
85389,0
85390,0
85391,0
85392,0
85393,1
85394,0
85395,0
85396,0
85397,1
85398,0
85399,0
85400,1
85401,1
85402,0
85403,1
85404,1
85405,0
85406,1
85407,0
85408,0
85409,0
85410,1
85411,1
85412,0
85413,0
85414,1
85415,1
85416,1
85417,0
85418,1
85419,1
85420,0
85421,1
85422,0
85423,0
85424,1
85425,0
85426,1
85427,0
85428,0
85429,1
85430,1
85431,1
85432,1
85433,1
85434,1
85435,1
85436,0
85437,0
85438,0
85439,0
85440,0
85441,1
85442,1
85443,1
85444,1
85445,1
85446,0
85447,0
85448,0
85449,0
85450,0
85451,1
85452,1
85453,0
85454,0
85455,1
85456,0
85457,0
85458,0
85459,0
85460,0
85461,1
85462,0
85463,0
85464,1
85465,1
85466,1
85467,1
85468,0
85469,0
85470,1
85471,1
85472,1
85473,0
85474,0
85475,0
85476,1
85477,1
85478,1
85479,1
85480,0
85481,0
85482,0
85483,1
85484,1
85485,1
85486,1
85487,1
85488,1
85489,0
85490,1
85491,0
85492,1
85493,1
85494,0
85495,1
85496,0
85497,1
85498,0
85499,1
85500,1
85501,0
85502,1
85503,0
85504,0
85505,0
85506,0
85507,0
85508,0
85509,0
85510,1
85511,0
85512,0
85513,0
85514,1
85515,1
85516,1
85517,0
85518,1
85519,1
85520,1
85521,0
85522,1
85523,0
85524,1
85525,0
85526,1
85527,1
85528,1
85529,1
85530,1
85531,0
85532,0
85533,0
85534,0
85535,1
85536,0
85537,1
85538,0
85539,0
85540,0
85541,0
85542,1
85543,1
85544,0
85545,1
85546,1
85547,1
85548,0
85549,1
85550,0
85551,1
85552,1
85553,0
85554,1
85555,1
85556,0
85557,0
85558,1
85559,1
85560,1
85561,0
85562,0
85563,0
85564,0
85565,1
85566,1
85567,1
85568,1
85569,0
85570,1
85571,1
85572,1
85573,0
85574,1
85575,0
85576,1
85577,0
85578,1
85579,1
85580,1
85581,0
85582,0
85583,0
85584,1
85585,0
85586,0
85587,0
85588,0
85589,1
85590,0
85591,1
85592,0
85593,0
85594,1
85595,1
85596,1
85597,1
85598,1
85599,0
85600,0
85601,1
85602,1
85603,1
85604,1
85605,0
85606,1
85607,1
85608,1
85609,1
85610,0
85611,0
85612,1
85613,0
85614,0
85615,0
85616,0
85617,1
85618,0
85619,0
85620,1
85621,1
85622,1
85623,1
85624,1
85625,0
85626,0
85627,1
85628,0
85629,0
85630,0
85631,1
85632,1
85633,1
85634,1
85635,0
85636,0
85637,0
85638,1
85639,1
85640,1
85641,1
85642,0
85643,1
85644,1
85645,0
85646,1
85647,0
85648,0
85649,1
85650,1
85651,0
85652,1
85653,1
85654,0
85655,0
85656,1
85657,0
85658,0
85659,1
85660,1
85661,0
85662,0
85663,0
85664,0
85665,0
85666,1
85667,1
85668,1
85669,1
85670,1
85671,1
85672,1
85673,1
85674,0
85675,0
85676,0
85677,0
85678,0
85679,0
85680,0
85681,1
85682,0
85683,0
85684,0
85685,1
85686,0
85687,1
85688,0
85689,1
85690,0
85691,1
85692,0
85693,1
85694,1
85695,1
85696,1
85697,1
85698,0
85699,0
85700,1
85701,0
85702,1
85703,0
85704,0
85705,0
85706,0
85707,0
85708,0
85709,0
85710,0
85711,1
85712,0
85713,1
85714,0
85715,0
85716,1
85717,0
85718,1
85719,1
85720,0
85721,1
85722,0
85723,0
85724,0
85725,1
85726,1
85727,0
85728,0
85729,1
85730,1
85731,0
85732,0
85733,1
85734,0
85735,0
85736,1
85737,1
85738,1
85739,0
85740,1
85741,0
85742,1
85743,0
85744,1
85745,1
85746,1
85747,1
85748,1
85749,0
85750,1
85751,1
85752,1
85753,1
85754,1
85755,1
85756,0
85757,0
85758,0
85759,1
85760,1
85761,1
85762,1
85763,1
85764,0
85765,1
85766,1
85767,1
85768,1
85769,0
85770,0
85771,1
85772,0
85773,1
85774,0
85775,1
85776,0
85777,0
85778,0
85779,1
85780,1
85781,0
85782,1
85783,1
85784,1
85785,0
85786,0
85787,1
85788,0
85789,1
85790,1
85791,1
85792,1
85793,1
85794,0
85795,0
85796,0
85797,1
85798,0
85799,0
85800,0
85801,1
85802,1
85803,0
85804,0
85805,1
85806,1
85807,1
85808,1
85809,1
85810,0
85811,0
85812,1
85813,1
85814,0
85815,0
85816,0
85817,0
85818,1
85819,0
85820,1
85821,0
85822,0
85823,1
85824,1
85825,1
85826,0
85827,1
85828,0
85829,1
85830,0
85831,1
85832,0
85833,1
85834,1
85835,0
85836,1
85837,1
85838,1
85839,1
85840,1
85841,1
85842,1
85843,0
85844,1
85845,0
85846,0
85847,0
85848,1
85849,0
85850,1
85851,0
85852,1
85853,1
85854,1
85855,1
85856,1
85857,0
85858,1
85859,1
85860,1
85861,0
85862,1
85863,1
85864,1
85865,0
85866,1
85867,1
85868,1
85869,1
85870,1
85871,1
85872,0
85873,0
85874,0
85875,1
85876,1
85877,1
85878,0
85879,1
85880,1
85881,0
85882,0
85883,0
85884,0
85885,0
85886,1
85887,1
85888,1
85889,1
85890,1
85891,1
85892,0
85893,1
85894,1
85895,0
85896,1
85897,1
85898,1
85899,1
85900,0
85901,1
85902,1
85903,1
85904,0
85905,1
85906,1
85907,0
85908,0
85909,1
85910,1
85911,1
85912,1
85913,1
85914,0
85915,1
85916,0
85917,0
85918,1
85919,0
85920,0
85921,1
85922,0
85923,0
85924,1
85925,1
85926,1
85927,1
85928,0
85929,1
85930,0
85931,0
85932,0
85933,1
85934,1
85935,1
85936,1
85937,0
85938,1
85939,1
85940,1
85941,0
85942,0
85943,0
85944,1
85945,0
85946,1
85947,0
85948,0
85949,0
85950,0
85951,1
85952,1
85953,0
85954,1
85955,0
85956,1
85957,1
85958,0
85959,0
85960,0
85961,1
85962,0
85963,1
85964,0
85965,0
85966,1
85967,1
85968,1
85969,1
85970,0
85971,0
85972,0
85973,1
85974,0
85975,0
85976,0
85977,0
85978,1
85979,1
85980,1
85981,1
85982,0
85983,0
85984,0
85985,0
85986,0
85987,1
85988,0
85989,1
85990,0
85991,0
85992,1
85993,0
85994,1
85995,0
85996,1
85997,0
85998,1
85999,0
86000,0
86001,0
86002,0
86003,1
86004,1
86005,0
86006,1
86007,0
86008,0
86009,1
86010,1
86011,0
86012,0
86013,0
86014,0
86015,0
86016,1
86017,0
86018,0
86019,0
86020,0
86021,0
86022,0
86023,0
86024,0
86025,0
86026,1
86027,0
86028,1
86029,1
86030,0
86031,1
86032,0
86033,0
86034,0
86035,0
86036,1
86037,0
86038,0
86039,0
86040,0
86041,1
86042,1
86043,0
86044,1
86045,0
86046,0
86047,1
86048,0
86049,1
86050,0
86051,0
86052,0
86053,1
86054,0
86055,1
86056,0
86057,0
86058,0
86059,1
86060,0
86061,0
86062,0
86063,1
86064,0
86065,0
86066,1
86067,0
86068,1
86069,0
86070,0
86071,1
86072,1
86073,1
86074,1
86075,1
86076,0
86077,0
86078,1
86079,1
86080,1
86081,1
86082,0
86083,1
86084,1
86085,0
86086,1
86087,0
86088,0
86089,1
86090,1
86091,1
86092,1
86093,0
86094,0
86095,0
86096,0
86097,0
86098,0
86099,0
86100,0
86101,1
86102,1
86103,1
86104,1
86105,1
86106,1
86107,1
86108,1
86109,0
86110,1
86111,0
86112,1
86113,1
86114,0
86115,0
86116,0
86117,0
86118,0
86119,1
86120,1
86121,1
86122,0
86123,0
86124,0
86125,0
86126,1
86127,1
86128,0
86129,1
86130,1
86131,0
86132,0
86133,0
86134,0
86135,1
86136,1
86137,0
86138,1
86139,1
86140,0
86141,1
86142,0
86143,1
86144,0
86145,0
86146,1
86147,1
86148,0
86149,1
86150,0
86151,1
86152,0
86153,0
86154,0
86155,1
86156,1
86157,0
86158,0
86159,0
86160,1
86161,0
86162,1
86163,1
86164,0
86165,1
86166,1
86167,1
86168,1
86169,1
86170,1
86171,1
86172,1
86173,0
86174,1
86175,1
86176,0
86177,1
86178,0
86179,0
86180,1
86181,0
86182,1
86183,1
86184,0
86185,1
86186,0
86187,0
86188,1
86189,0
86190,0
86191,1
86192,1
86193,1
86194,0
86195,0
86196,1
86197,1
86198,1
86199,0
86200,0
86201,0
86202,0
86203,1
86204,1
86205,1
86206,0
86207,0
86208,1
86209,0
86210,1
86211,0
86212,1
86213,1
86214,1
86215,0
86216,0
86217,1
86218,1
86219,0
86220,0
86221,1
86222,0
86223,0
86224,1
86225,0
86226,1
86227,0
86228,1
86229,0
86230,0
86231,0
86232,0
86233,0
86234,1
86235,0
86236,1
86237,1
86238,0
86239,0
86240,1
86241,0
86242,1
86243,1
86244,1
86245,1
86246,1
86247,1
86248,0
86249,1
86250,1
86251,0
86252,0
86253,0
86254,0
86255,0
86256,1
86257,0
86258,0
86259,0
86260,1
86261,1
86262,0
86263,1
86264,0
86265,1
86266,0
86267,0
86268,0
86269,0
86270,0
86271,0
86272,1
86273,0
86274,1
86275,1
86276,0
86277,1
86278,1
86279,1
86280,1
86281,1
86282,0
86283,1
86284,1
86285,1
86286,1
86287,0
86288,1
86289,0
86290,1
86291,1
86292,0
86293,0
86294,1
86295,1
86296,0
86297,1
86298,1
86299,1
86300,0
86301,0
86302,0
86303,0
86304,0
86305,0
86306,1
86307,1
86308,1
86309,0
86310,0
86311,0
86312,0
86313,0
86314,1
86315,0
86316,0
86317,1
86318,0
86319,0
86320,0
86321,0
86322,1
86323,0
86324,0
86325,0
86326,0
86327,0
86328,1
86329,1
86330,1
86331,0
86332,0
86333,1
86334,1
86335,0
86336,1
86337,1
86338,0
86339,0
86340,1
86341,1
86342,1
86343,1
86344,1
86345,0
86346,0
86347,0
86348,0
86349,1
86350,1
86351,0
86352,0
86353,0
86354,1
86355,0
86356,0
86357,1
86358,0
86359,1
86360,1
86361,1
86362,0
86363,1
86364,1
86365,1
86366,0
86367,1
86368,0
86369,1
86370,0
86371,1
86372,1
86373,0
86374,1
86375,0
86376,0
86377,1
86378,0
86379,1
86380,1
86381,0
86382,1
86383,1
86384,0
86385,0
86386,0
86387,0
86388,0
86389,1
86390,1
86391,0
86392,0
86393,0
86394,0
86395,0
86396,0
86397,0
86398,1
86399,0
86400,1
86401,1
86402,0
86403,1
86404,1
86405,0
86406,1
86407,1
86408,0
86409,1
86410,0
86411,0
86412,0
86413,1
86414,1
86415,0
86416,0
86417,0
86418,1
86419,0
86420,0
86421,0
86422,0
86423,1
86424,1
86425,0
86426,1
86427,1
86428,0
86429,1
86430,0
86431,1
86432,1
86433,1
86434,0
86435,1
86436,0
86437,1
86438,0
86439,1
86440,0
86441,0
86442,1
86443,1
86444,1
86445,1
86446,0
86447,1
86448,1
86449,0
86450,0
86451,1
86452,1
86453,0
86454,0
86455,1
86456,1
86457,1
86458,1
86459,1
86460,0
86461,1
86462,1
86463,1
86464,0
86465,1
86466,1
86467,0
86468,0
86469,0
86470,0
86471,0
86472,0
86473,1
86474,1
86475,0
86476,0
86477,0
86478,0
86479,1
86480,1
86481,0
86482,1
86483,1
86484,1
86485,0
86486,0
86487,1
86488,1
86489,0
86490,0
86491,0
86492,1
86493,1
86494,1
86495,0
86496,1
86497,0
86498,1
86499,1
86500,1
86501,1
86502,0
86503,0
86504,1
86505,0
86506,0
86507,1
86508,1
86509,0
86510,0
86511,1
86512,0
86513,1
86514,1
86515,1
86516,1
86517,0
86518,0
86519,1
86520,0
86521,0
86522,1
86523,1
86524,0
86525,1
86526,1
86527,1
86528,1
86529,0
86530,1
86531,1
86532,0
86533,0
86534,1
86535,1
86536,1
86537,1
86538,1
86539,1
86540,1
86541,0
86542,1
86543,1
86544,0
86545,1
86546,0
86547,1
86548,0
86549,0
86550,0
86551,0
86552,0
86553,1
86554,0
86555,0
86556,0
86557,0
86558,0
86559,0
86560,0
86561,1
86562,0
86563,0
86564,1
86565,1
86566,0
86567,1
86568,1
86569,1
86570,1
86571,0
86572,1
86573,0
86574,0
86575,0
86576,1
86577,0
86578,1
86579,1
86580,0
86581,1
86582,1
86583,0
86584,0
86585,1
86586,0
86587,1
86588,1
86589,0
86590,0
86591,0
86592,1
86593,0
86594,0
86595,0
86596,1
86597,1
86598,1
86599,1
86600,1
86601,1
86602,0
86603,0
86604,1
86605,0
86606,1
86607,0
86608,1
86609,0
86610,0
86611,0
86612,0
86613,0
86614,0
86615,0
86616,1
86617,1
86618,1
86619,0
86620,1
86621,1
86622,1
86623,0
86624,1
86625,1
86626,0
86627,1
86628,0
86629,0
86630,0
86631,0
86632,0
86633,1
86634,1
86635,0
86636,0
86637,0
86638,0
86639,0
86640,1
86641,0
86642,1
86643,0
86644,1
86645,1
86646,1
86647,0
86648,1
86649,0
86650,1
86651,0
86652,0
86653,0
86654,0
86655,0
86656,1
86657,1
86658,1
86659,0
86660,1
86661,0
86662,1
86663,0
86664,0
86665,1
86666,1
86667,0
86668,1
86669,0
86670,0
86671,1
86672,0
86673,1
86674,1
86675,0
86676,1
86677,1
86678,0
86679,1
86680,0
86681,1
86682,0
86683,0
86684,1
86685,0
86686,0
86687,1
86688,1
86689,0
86690,1
86691,0
86692,0
86693,0
86694,0
86695,0
86696,0
86697,0
86698,0
86699,1
86700,0
86701,1
86702,1
86703,1
86704,1
86705,0
86706,1
86707,1
86708,0
86709,0
86710,1
86711,0
86712,1
86713,1
86714,0
86715,0
86716,0
86717,0
86718,1
86719,0
86720,0
86721,0
86722,0
86723,1
86724,0
86725,0
86726,1
86727,0
86728,0
86729,0
86730,1
86731,1
86732,1
86733,1
86734,1
86735,1
86736,1
86737,0
86738,1
86739,0
86740,1
86741,0
86742,1
86743,1
86744,0
86745,1
86746,0
86747,0
86748,0
86749,0
86750,1
86751,1
86752,0
86753,0
86754,1
86755,1
86756,1
86757,1
86758,1
86759,0
86760,0
86761,0
86762,1
86763,1
86764,1
86765,1
86766,0
86767,0
86768,0
86769,1
86770,0
86771,1
86772,1
86773,1
86774,1
86775,0
86776,1
86777,0
86778,0
86779,0
86780,0
86781,0
86782,0
86783,1
86784,1
86785,0
86786,0
86787,1
86788,0
86789,1
86790,0
86791,0
86792,0
86793,0
86794,1
86795,0
86796,1
86797,1
86798,1
86799,0
86800,0
86801,1
86802,0
86803,1
86804,0
86805,0
86806,1
86807,1
86808,1
86809,0
86810,1
86811,0
86812,0
86813,0
86814,1
86815,1
86816,0
86817,1
86818,1
86819,1
86820,1
86821,0
86822,0
86823,0
86824,0
86825,0
86826,1
86827,1
86828,1
86829,0
86830,1
86831,0
86832,0
86833,0
86834,1
86835,0
86836,1
86837,0
86838,1
86839,0
86840,1
86841,1
86842,1
86843,1
86844,0
86845,0
86846,0
86847,0
86848,1
86849,1
86850,0
86851,0
86852,1
86853,1
86854,0
86855,0
86856,0
86857,0
86858,1
86859,1
86860,1
86861,1
86862,1
86863,1
86864,1
86865,1
86866,1
86867,1
86868,0
86869,1
86870,0
86871,0
86872,0
86873,1
86874,1
86875,0
86876,1
86877,0
86878,1
86879,1
86880,1
86881,1
86882,0
86883,1
86884,0
86885,1
86886,1
86887,0
86888,0
86889,0
86890,1
86891,1
86892,1
86893,0
86894,0
86895,1
86896,1
86897,0
86898,1
86899,0
86900,0
86901,1
86902,0
86903,1
86904,0
86905,0
86906,0
86907,0
86908,0
86909,1
86910,1
86911,0
86912,0
86913,1
86914,0
86915,1
86916,0
86917,0
86918,0
86919,1
86920,0
86921,0
86922,1
86923,1
86924,1
86925,1
86926,1
86927,0
86928,1
86929,1
86930,1
86931,1
86932,1
86933,1
86934,0
86935,1
86936,1
86937,0
86938,1
86939,1
86940,0
86941,0
86942,0
86943,0
86944,1
86945,0
86946,1
86947,1
86948,0
86949,0
86950,0
86951,1
86952,1
86953,0
86954,1
86955,1
86956,0
86957,1
86958,1
86959,0
86960,1
86961,0
86962,0
86963,1
86964,0
86965,0
86966,0
86967,1
86968,1
86969,0
86970,0
86971,1
86972,0
86973,1
86974,1
86975,0
86976,0
86977,0
86978,0
86979,0
86980,0
86981,1
86982,0
86983,1
86984,1
86985,0
86986,1
86987,0
86988,0
86989,1
86990,1
86991,0
86992,1
86993,1
86994,0
86995,1
86996,0
86997,0
86998,1
86999,1
87000,0
87001,1
87002,1
87003,0
87004,1
87005,0
87006,1
87007,0
87008,1
87009,0
87010,1
87011,0
87012,0
87013,1
87014,1
87015,0
87016,0
87017,1
87018,1
87019,1
87020,0
87021,0
87022,0
87023,0
87024,0
87025,0
87026,0
87027,1
87028,1
87029,0
87030,0
87031,0
87032,0
87033,1
87034,1
87035,1
87036,1
87037,0
87038,1
87039,1
87040,1
87041,1
87042,1
87043,1
87044,0
87045,0
87046,0
87047,1
87048,1
87049,1
87050,1
87051,0
87052,1
87053,0
87054,0
87055,0
87056,1
87057,1
87058,1
87059,1
87060,0
87061,1
87062,0
87063,0
87064,1
87065,0
87066,0
87067,0
87068,1
87069,1
87070,1
87071,1
87072,1
87073,1
87074,0
87075,0
87076,1
87077,1
87078,1
87079,1
87080,0
87081,0
87082,0
87083,0
87084,1
87085,1
87086,1
87087,0
87088,1
87089,1
87090,0
87091,1
87092,1
87093,1
87094,0
87095,1
87096,0
87097,1
87098,1
87099,0
87100,0
87101,1
87102,1
87103,0
87104,1
87105,0
87106,1
87107,1
87108,0
87109,0
87110,1
87111,1
87112,1
87113,1
87114,0
87115,0
87116,1
87117,0
87118,0
87119,0
87120,0
87121,1
87122,0
87123,1
87124,1
87125,0
87126,1
87127,1
87128,0
87129,0
87130,1
87131,0
87132,1
87133,1
87134,1
87135,1
87136,0
87137,0
87138,1
87139,1
87140,0
87141,0
87142,1
87143,1
87144,0
87145,0
87146,1
87147,1
87148,0
87149,0
87150,0
87151,0
87152,0
87153,0
87154,0
87155,0
87156,0
87157,1
87158,0
87159,1
87160,0
87161,1
87162,1
87163,0
87164,1
87165,1
87166,1
87167,1
87168,1
87169,1
87170,1
87171,1
87172,0
87173,1
87174,0
87175,0
87176,0
87177,0
87178,1
87179,1
87180,1
87181,0
87182,1
87183,0
87184,0
87185,0
87186,1
87187,0
87188,0
87189,0
87190,1
87191,0
87192,1
87193,0
87194,1
87195,1
87196,0
87197,0
87198,0
87199,1
87200,0
87201,1
87202,0
87203,1
87204,0
87205,1
87206,0
87207,0
87208,0
87209,0
87210,0
87211,1
87212,0
87213,0
87214,0
87215,0
87216,0
87217,1
87218,0
87219,0
87220,1
87221,1
87222,0
87223,1
87224,1
87225,0
87226,0
87227,1
87228,0
87229,1
87230,0
87231,1
87232,0
87233,1
87234,1
87235,0
87236,0
87237,1
87238,1
87239,0
87240,0
87241,0
87242,0
87243,0
87244,1
87245,0
87246,0
87247,1
87248,1
87249,1
87250,1
87251,0
87252,0
87253,0
87254,1
87255,0
87256,1
87257,1
87258,0
87259,0
87260,1
87261,1
87262,1
87263,0
87264,0
87265,1
87266,1
87267,1
87268,0
87269,0
87270,0
87271,1
87272,0
87273,1
87274,0
87275,1
87276,1
87277,0
87278,0
87279,0
87280,0
87281,0
87282,0
87283,0
87284,1
87285,0
87286,0
87287,1
87288,0
87289,0
87290,1
87291,1
87292,0
87293,1
87294,1
87295,1
87296,1
87297,1
87298,1
87299,0
87300,0
87301,1
87302,0
87303,0
87304,0
87305,0
87306,1
87307,0
87308,1
87309,0
87310,0
87311,1
87312,0
87313,1
87314,1
87315,1
87316,0
87317,1
87318,0
87319,0
87320,1
87321,0
87322,1
87323,0
87324,1
87325,0
87326,1
87327,1
87328,1
87329,0
87330,0
87331,0
87332,1
87333,0
87334,0
87335,0
87336,0
87337,0
87338,0
87339,0
87340,1
87341,1
87342,1
87343,1
87344,0
87345,1
87346,1
87347,1
87348,0
87349,0
87350,1
87351,0
87352,1
87353,1
87354,0
87355,0
87356,0
87357,1
87358,1
87359,0
87360,1
87361,0
87362,0
87363,0
87364,0
87365,1
87366,0
87367,1
87368,1
87369,0
87370,1
87371,1
87372,0
87373,1
87374,0
87375,1
87376,0
87377,1
87378,1
87379,0
87380,1
87381,1
87382,1
87383,0
87384,1
87385,0
87386,1
87387,1
87388,0
87389,0
87390,0
87391,0
87392,0
87393,0
87394,0
87395,0
87396,1
87397,1
87398,1
87399,0
87400,0
87401,0
87402,1
87403,0
87404,1
87405,0
87406,0
87407,0
87408,0
87409,0
87410,1
87411,1
87412,1
87413,0
87414,1
87415,1
87416,1
87417,0
87418,1
87419,0
87420,1
87421,0
87422,1
87423,1
87424,0
87425,1
87426,0
87427,1
87428,0
87429,1
87430,1
87431,0
87432,0
87433,0
87434,0
87435,0
87436,1
87437,1
87438,0
87439,1
87440,0
87441,0
87442,1
87443,1
87444,0
87445,0
87446,0
87447,1
87448,1
87449,1
87450,0
87451,1
87452,1
87453,1
87454,0
87455,1
87456,0
87457,1
87458,1
87459,0
87460,1
87461,0
87462,0
87463,1
87464,1
87465,0
87466,1
87467,1
87468,1
87469,1
87470,1
87471,1
87472,0
87473,0
87474,0
87475,1
87476,0
87477,1
87478,0
87479,1
87480,1
87481,1
87482,0
87483,1
87484,0
87485,0
87486,1
87487,0
87488,0
87489,1
87490,1
87491,1
87492,0
87493,1
87494,0
87495,1
87496,1
87497,0
87498,0
87499,0
87500,0
87501,1
87502,0
87503,1
87504,0
87505,0
87506,0
87507,0
87508,0
87509,1
87510,1
87511,0
87512,0
87513,1
87514,0
87515,0
87516,1
87517,0
87518,0
87519,0
87520,1
87521,0
87522,1
87523,0
87524,0
87525,0
87526,0
87527,1
87528,1
87529,1
87530,0
87531,0
87532,1
87533,1
87534,1
87535,1
87536,1
87537,0
87538,1
87539,1
87540,0
87541,1
87542,0
87543,0
87544,0
87545,1
87546,1
87547,0
87548,1
87549,1
87550,0
87551,1
87552,0
87553,0
87554,1
87555,0
87556,0
87557,0
87558,0
87559,0
87560,1
87561,0
87562,1
87563,0
87564,0
87565,1
87566,0
87567,1
87568,1
87569,0
87570,1
87571,1
87572,1
87573,0
87574,1
87575,1
87576,1
87577,1
87578,0
87579,1
87580,0
87581,0
87582,0
87583,1
87584,0
87585,0
87586,1
87587,0
87588,0
87589,0
87590,0
87591,0
87592,1
87593,0
87594,1
87595,0
87596,1
87597,1
87598,0
87599,0
87600,0
87601,1
87602,0
87603,0
87604,0
87605,1
87606,0
87607,1
87608,1
87609,1
87610,1
87611,0
87612,0
87613,1
87614,0
87615,0
87616,0
87617,0
87618,1
87619,0
87620,0
87621,0
87622,0
87623,0
87624,1
87625,1
87626,0
87627,0
87628,0
87629,0
87630,0
87631,1
87632,0
87633,0
87634,1
87635,0
87636,0
87637,1
87638,0
87639,0
87640,1
87641,0
87642,1
87643,0
87644,1
87645,1
87646,0
87647,0
87648,1
87649,1
87650,0
87651,1
87652,1
87653,0
87654,0
87655,0
87656,1
87657,1
87658,0
87659,1
87660,1
87661,0
87662,1
87663,0
87664,1
87665,0
87666,0
87667,0
87668,1
87669,0
87670,0
87671,0
87672,0
87673,1
87674,0
87675,0
87676,0
87677,1
87678,0
87679,1
87680,0
87681,0
87682,1
87683,0
87684,1
87685,1
87686,0
87687,0
87688,1
87689,0
87690,1
87691,0
87692,1
87693,1
87694,0
87695,1
87696,0
87697,1
87698,1
87699,0
87700,0
87701,0
87702,1
87703,0
87704,0
87705,1
87706,0
87707,0
87708,1
87709,1
87710,1
87711,0
87712,1
87713,0
87714,1
87715,1
87716,0
87717,0
87718,0
87719,0
87720,1
87721,0
87722,1
87723,1
87724,0
87725,1
87726,1
87727,1
87728,1
87729,0
87730,1
87731,0
87732,1
87733,1
87734,1
87735,1
87736,1
87737,0
87738,0
87739,1
87740,1
87741,1
87742,1
87743,0
87744,1
87745,0
87746,0
87747,0
87748,0
87749,1
87750,1
87751,1
87752,1
87753,1
87754,0
87755,0
87756,1
87757,0
87758,1
87759,1
87760,0
87761,1
87762,0
87763,0
87764,1
87765,0
87766,0
87767,1
87768,0
87769,1
87770,0
87771,0
87772,1
87773,1
87774,1
87775,1
87776,1
87777,0
87778,1
87779,1
87780,1
87781,0
87782,1
87783,1
87784,0
87785,1
87786,1
87787,0
87788,1
87789,1
87790,1
87791,1
87792,1
87793,0
87794,1
87795,0
87796,0
87797,1
87798,1
87799,0
87800,1
87801,0
87802,1
87803,1
87804,1
87805,0
87806,1
87807,0
87808,0
87809,1
87810,0
87811,1
87812,1
87813,1
87814,1
87815,1
87816,0
87817,1
87818,0
87819,1
87820,1
87821,0
87822,1
87823,0
87824,0
87825,1
87826,1
87827,1
87828,0
87829,0
87830,0
87831,0
87832,1
87833,1
87834,1
87835,1
87836,0
87837,0
87838,0
87839,0
87840,1
87841,0
87842,1
87843,0
87844,0
87845,0
87846,1
87847,1
87848,0
87849,1
87850,1
87851,1
87852,1
87853,1
87854,0
87855,1
87856,0
87857,0
87858,1
87859,1
87860,0
87861,1
87862,1
87863,0
87864,1
87865,1
87866,1
87867,1
87868,1
87869,0
87870,0
87871,0
87872,0
87873,0
87874,0
87875,1
87876,0
87877,0
87878,0
87879,0
87880,0
87881,0
87882,0
87883,1
87884,1
87885,0
87886,0
87887,0
87888,0
87889,0
87890,1
87891,1
87892,1
87893,1
87894,0
87895,0
87896,1
87897,0
87898,1
87899,1
87900,0
87901,0
87902,0
87903,0
87904,0
87905,0
87906,0
87907,1
87908,0
87909,1
87910,1
87911,0
87912,1
87913,0
87914,1
87915,1
87916,0
87917,0
87918,1
87919,1
87920,0
87921,0
87922,1
87923,0
87924,0
87925,1
87926,1
87927,0
87928,0
87929,1
87930,1
87931,1
87932,0
87933,0
87934,1
87935,0
87936,1
87937,1
87938,0
87939,1
87940,1
87941,0
87942,0
87943,1
87944,1
87945,0
87946,0
87947,0
87948,0
87949,1
87950,0
87951,0
87952,1
87953,1
87954,0
87955,1
87956,1
87957,1
87958,0
87959,0
87960,1
87961,0
87962,1
87963,1
87964,0
87965,1
87966,0
87967,0
87968,0
87969,1
87970,1
87971,1
87972,1
87973,1
87974,1
87975,1
87976,0
87977,1
87978,0
87979,1
87980,0
87981,1
87982,1
87983,1
87984,0
87985,1
87986,1
87987,0
87988,0
87989,1
87990,1
87991,0
87992,0
87993,0
87994,0
87995,0
87996,0
87997,1
87998,1
87999,0
88000,1
88001,1
88002,0
88003,1
88004,1
88005,0
88006,1
88007,0
88008,0
88009,0
88010,0
88011,0
88012,0
88013,0
88014,0
88015,1
88016,0
88017,1
88018,0
88019,0
88020,0
88021,1
88022,0
88023,0
88024,1
88025,0
88026,1
88027,0
88028,0
88029,0
88030,1
88031,0
88032,0
88033,0
88034,0
88035,0
88036,0
88037,1
88038,1
88039,1
88040,0
88041,1
88042,0
88043,0
88044,1
88045,0
88046,0
88047,1
88048,1
88049,1
88050,1
88051,1
88052,1
88053,1
88054,1
88055,0
88056,0
88057,0
88058,0
88059,0
88060,1
88061,0
88062,0
88063,1
88064,1
88065,0
88066,1
88067,1
88068,0
88069,0
88070,0
88071,1
88072,0
88073,1
88074,1
88075,0
88076,0
88077,1
88078,0
88079,1
88080,0
88081,1
88082,0
88083,0
88084,1
88085,1
88086,1
88087,0
88088,0
88089,0
88090,1
88091,0
88092,0
88093,0
88094,0
88095,0
88096,1
88097,1
88098,1
88099,0
88100,0
88101,1
88102,1
88103,1
88104,1
88105,0
88106,1
88107,0
88108,0
88109,1
88110,1
88111,0
88112,0
88113,0
88114,0
88115,0
88116,0
88117,0
88118,0
88119,0
88120,0
88121,1
88122,0
88123,1
88124,0
88125,1
88126,0
88127,0
88128,1
88129,0
88130,1
88131,1
88132,0
88133,0
88134,0
88135,1
88136,0
88137,0
88138,0
88139,1
88140,1
88141,1
88142,1
88143,1
88144,1
88145,1
88146,0
88147,1
88148,0
88149,0
88150,0
88151,1
88152,1
88153,1
88154,1
88155,1
88156,0
88157,1
88158,0
88159,1
88160,1
88161,1
88162,1
88163,0
88164,1
88165,0
88166,1
88167,1
88168,0
88169,1
88170,1
88171,1
88172,1
88173,1
88174,1
88175,0
88176,0
88177,1
88178,0
88179,1
88180,1
88181,0
88182,1
88183,1
88184,1
88185,0
88186,1
88187,0
88188,1
88189,0
88190,1
88191,1
88192,1
88193,0
88194,0
88195,1
88196,1
88197,1
88198,1
88199,0
88200,1
88201,1
88202,1
88203,1
88204,1
88205,0
88206,0
88207,1
88208,0
88209,0
88210,1
88211,0
88212,0
88213,1
88214,0
88215,1
88216,1
88217,0
88218,1
88219,0
88220,0
88221,0
88222,0
88223,0
88224,0
88225,1
88226,0
88227,0
88228,1
88229,1
88230,1
88231,0
88232,0
88233,0
88234,1
88235,1
88236,0
88237,0
88238,1
88239,1
88240,0
88241,0
88242,1
88243,1
88244,0
88245,0
88246,1
88247,1
88248,1
88249,0
88250,0
88251,1
88252,1
88253,0
88254,0
88255,0
88256,1
88257,0
88258,1
88259,0
88260,1
88261,0
88262,0
88263,0
88264,1
88265,1
88266,0
88267,0
88268,1
88269,1
88270,1
88271,0
88272,1
88273,1
88274,1
88275,0
88276,1
88277,1
88278,0
88279,0
88280,1
88281,1
88282,1
88283,0
88284,1
88285,0
88286,1
88287,0
88288,1
88289,0
88290,1
88291,1
88292,0
88293,1
88294,0
88295,1
88296,1
88297,1
88298,1
88299,0
88300,1
88301,0
88302,0
88303,0
88304,0
88305,1
88306,1
88307,1
88308,0
88309,1
88310,0
88311,1
88312,1
88313,1
88314,1
88315,0
88316,0
88317,0
88318,0
88319,1
88320,1
88321,0
88322,1
88323,1
88324,0
88325,1
88326,1
88327,0
88328,0
88329,1
88330,0
88331,0
88332,0
88333,1
88334,0
88335,1
88336,1
88337,1
88338,1
88339,1
88340,0
88341,1
88342,1
88343,1
88344,1
88345,0
88346,1
88347,1
88348,1
88349,1
88350,1
88351,1
88352,1
88353,1
88354,1
88355,0
88356,0
88357,1
88358,0
88359,0
88360,1
88361,1
88362,0
88363,1
88364,0
88365,1
88366,0
88367,0
88368,0
88369,0
88370,1
88371,1
88372,0
88373,1
88374,1
88375,0
88376,1
88377,1
88378,0
88379,0
88380,0
88381,0
88382,1
88383,1
88384,1
88385,1
88386,0
88387,1
88388,0
88389,1
88390,1
88391,0
88392,0
88393,1
88394,1
88395,1
88396,0
88397,0
88398,0
88399,0
88400,0
88401,0
88402,1
88403,1
88404,1
88405,0
88406,1
88407,0
88408,1
88409,0
88410,0
88411,1
88412,1
88413,0
88414,0
88415,1
88416,1
88417,0
88418,1
88419,0
88420,0
88421,1
88422,1
88423,0
88424,1
88425,0
88426,1
88427,0
88428,0
88429,0
88430,1
88431,0
88432,1
88433,0
88434,1
88435,1
88436,1
88437,0
88438,1
88439,0
88440,1
88441,0
88442,1
88443,0
88444,1
88445,1
88446,0
88447,0
88448,0
88449,1
88450,0
88451,0
88452,0
88453,0
88454,1
88455,0
88456,1
88457,0
88458,1
88459,1
88460,0
88461,1
88462,1
88463,1
88464,1
88465,1
88466,0
88467,0
88468,1
88469,0
88470,1
88471,0
88472,1
88473,0
88474,1
88475,0
88476,1
88477,1
88478,0
88479,0
88480,0
88481,0
88482,0
88483,0
88484,1
88485,1
88486,1
88487,0
88488,1
88489,0
88490,0
88491,1
88492,1
88493,0
88494,1
88495,1
88496,1
88497,1
88498,0
88499,1
88500,1
88501,0
88502,0
88503,0
88504,0
88505,1
88506,0
88507,1
88508,1
88509,1
88510,0
88511,1
88512,1
88513,1
88514,1
88515,1
88516,0
88517,0
88518,1
88519,0
88520,1
88521,0
88522,0
88523,1
88524,0
88525,0
88526,1
88527,0
88528,1
88529,1
88530,0
88531,0
88532,0
88533,1
88534,0
88535,0
88536,1
88537,1
88538,0
88539,1
88540,0
88541,1
88542,0
88543,1
88544,0
88545,0
88546,1
88547,0
88548,1
88549,0
88550,0
88551,0
88552,1
88553,1
88554,0
88555,1
88556,0
88557,0
88558,0
88559,0
88560,1
88561,0
88562,1
88563,1
88564,1
88565,1
88566,1
88567,0
88568,1
88569,0
88570,0
88571,1
88572,0
88573,1
88574,1
88575,1
88576,0
88577,0
88578,1
88579,1
88580,0
88581,1
88582,1
88583,0
88584,1
88585,0
88586,0
88587,0
88588,1
88589,1
88590,1
88591,0
88592,0
88593,0
88594,0
88595,0
88596,1
88597,1
88598,1
88599,1
88600,0
88601,0
88602,0
88603,0
88604,0
88605,1
88606,1
88607,1
88608,0
88609,1
88610,0
88611,0
88612,0
88613,0
88614,0
88615,0
88616,0
88617,0
88618,1
88619,0
88620,0
88621,0
88622,0
88623,1
88624,1
88625,0
88626,0
88627,0
88628,1
88629,1
88630,0
88631,0
88632,1
88633,1
88634,1
88635,1
88636,1
88637,1
88638,1
88639,0
88640,0
88641,0
88642,1
88643,0
88644,0
88645,1
88646,1
88647,0
88648,1
88649,0
88650,1
88651,0
88652,1
88653,0
88654,1
88655,0
88656,1
88657,1
88658,1
88659,0
88660,0
88661,0
88662,1
88663,0
88664,0
88665,1
88666,1
88667,1
88668,0
88669,1
88670,0
88671,1
88672,1
88673,1
88674,1
88675,0
88676,0
88677,1
88678,0
88679,1
88680,1
88681,0
88682,1
88683,1
88684,0
88685,0
88686,0
88687,0
88688,1
88689,0
88690,1
88691,0
88692,0
88693,1
88694,1
88695,0
88696,0
88697,0
88698,1
88699,1
88700,1
88701,0
88702,1
88703,1
88704,0
88705,1
88706,1
88707,0
88708,0
88709,0
88710,0
88711,1
88712,1
88713,1
88714,0
88715,1
88716,0
88717,1
88718,0
88719,0
88720,1
88721,1
88722,1
88723,0
88724,1
88725,0
88726,0
88727,0
88728,1
88729,1
88730,0
88731,0
88732,1
88733,0
88734,0
88735,1
88736,1
88737,1
88738,1
88739,1
88740,1
88741,1
88742,0
88743,0
88744,1
88745,1
88746,0
88747,0
88748,0
88749,1
88750,1
88751,1
88752,0
88753,0
88754,1
88755,1
88756,0
88757,1
88758,0
88759,1
88760,1
88761,1
88762,0
88763,0
88764,0
88765,0
88766,1
88767,1
88768,0
88769,0
88770,0
88771,1
88772,0
88773,1
88774,1
88775,1
88776,1
88777,1
88778,0
88779,0
88780,1
88781,1
88782,1
88783,1
88784,1
88785,0
88786,0
88787,0
88788,0
88789,1
88790,0
88791,1
88792,1
88793,0
88794,1
88795,0
88796,1
88797,1
88798,1
88799,0
88800,0
88801,1
88802,0
88803,0
88804,1
88805,1
88806,1
88807,0
88808,1
88809,0
88810,0
88811,0
88812,0
88813,0
88814,1
88815,1
88816,1
88817,1
88818,1
88819,0
88820,1
88821,1
88822,1
88823,0
88824,1
88825,0
88826,1
88827,1
88828,1
88829,1
88830,0
88831,1
88832,0
88833,0
88834,0
88835,0
88836,1
88837,0
88838,0
88839,0
88840,1
88841,0
88842,0
88843,0
88844,1
88845,0
88846,1
88847,1
88848,1
88849,1
88850,1
88851,0
88852,1
88853,1
88854,0
88855,1
88856,1
88857,1
88858,0
88859,1
88860,1
88861,1
88862,1
88863,1
88864,0
88865,0
88866,1
88867,1
88868,1
88869,1
88870,0
88871,0
88872,0
88873,0
88874,1
88875,0
88876,1
88877,1
88878,0
88879,1
88880,1
88881,0
88882,0
88883,0
88884,0
88885,0
88886,1
88887,0
88888,0
88889,1
88890,0
88891,0
88892,0
88893,1
88894,1
88895,0
88896,1
88897,1
88898,1
88899,1
88900,0
88901,1
88902,0
88903,1
88904,0
88905,0
88906,1
88907,0
88908,1
88909,0
88910,0
88911,1
88912,0
88913,0
88914,0
88915,0
88916,0
88917,1
88918,1
88919,0
88920,1
88921,1
88922,0
88923,0
88924,1
88925,0
88926,1
88927,1
88928,0
88929,1
88930,1
88931,0
88932,0
88933,0
88934,0
88935,1
88936,1
88937,0
88938,0
88939,1
88940,1
88941,0
88942,0
88943,1
88944,0
88945,1
88946,0
88947,0
88948,0
88949,1
88950,0
88951,1
88952,1
88953,1
88954,1
88955,1
88956,0
88957,1
88958,0
88959,0
88960,0
88961,1
88962,1
88963,1
88964,0
88965,0
88966,0
88967,1
88968,0
88969,1
88970,0
88971,0
88972,1
88973,1
88974,1
88975,0
88976,1
88977,1
88978,0
88979,0
88980,0
88981,1
88982,0
88983,0
88984,1
88985,0
88986,1
88987,0
88988,0
88989,0
88990,0
88991,0
88992,0
88993,1
88994,1
88995,1
88996,0
88997,0
88998,0
88999,0
89000,1
89001,1
89002,0
89003,0
89004,0
89005,1
89006,1
89007,0
89008,0
89009,0
89010,0
89011,0
89012,0
89013,1
89014,0
89015,0
89016,1
89017,1
89018,0
89019,1
89020,0
89021,1
89022,0
89023,1
89024,1
89025,1
89026,0
89027,1
89028,1
89029,1
89030,0
89031,1
89032,0
89033,0
89034,1
89035,0
89036,0
89037,0
89038,0
89039,0
89040,1
89041,1
89042,0
89043,1
89044,0
89045,1
89046,1
89047,0
89048,1
89049,1
89050,1
89051,1
89052,1
89053,0
89054,0
89055,1
89056,1
89057,1
89058,0
89059,0
89060,1
89061,0
89062,0
89063,0
89064,1
89065,0
89066,0
89067,0
89068,0
89069,1
89070,0
89071,1
89072,1
89073,1
89074,1
89075,0
89076,0
89077,0
89078,1
89079,1
89080,0
89081,0
89082,0
89083,1
89084,0
89085,0
89086,0
89087,1
89088,0
89089,0
89090,0
89091,1
89092,0
89093,1
89094,0
89095,0
89096,0
89097,0
89098,0
89099,1
89100,1
89101,0
89102,0
89103,1
89104,1
89105,1
89106,1
89107,1
89108,1
89109,1
89110,0
89111,1
89112,0
89113,0
89114,0
89115,1
89116,0
89117,0
89118,0
89119,1
89120,1
89121,1
89122,0
89123,1
89124,1
89125,1
89126,0
89127,1
89128,0
89129,0
89130,0
89131,0
89132,0
89133,0
89134,0
89135,1
89136,0
89137,0
89138,0
89139,1
89140,1
89141,0
89142,1
89143,0
89144,1
89145,1
89146,1
89147,0
89148,0
89149,1
89150,1
89151,0
89152,0
89153,1
89154,1
89155,1
89156,0
89157,0
89158,0
89159,0
89160,1
89161,0
89162,1
89163,0
89164,0
89165,0
89166,1
89167,0
89168,1
89169,0
89170,1
89171,0
89172,0
89173,0
89174,0
89175,1
89176,0
89177,1
89178,1
89179,0
89180,0
89181,0
89182,1
89183,1
89184,0
89185,1
89186,0
89187,1
89188,1
89189,0
89190,1
89191,0
89192,1
89193,1
89194,0
89195,1
89196,1
89197,1
89198,0
89199,0
89200,1
89201,1
89202,1
89203,0
89204,1
89205,1
89206,1
89207,1
89208,0
89209,0
89210,0
89211,1
89212,0
89213,1
89214,0
89215,1
89216,0
89217,0
89218,0
89219,0
89220,1
89221,1
89222,1
89223,1
89224,1
89225,0
89226,1
89227,0
89228,1
89229,0
89230,0
89231,0
89232,1
89233,0
89234,0
89235,0
89236,0
89237,1
89238,0
89239,1
89240,0
89241,0
89242,0
89243,0
89244,0
89245,0
89246,1
89247,1
89248,0
89249,0
89250,0
89251,1
89252,1
89253,1
89254,0
89255,1
89256,1
89257,0
89258,0
89259,1
89260,0
89261,1
89262,1
89263,1
89264,0
89265,1
89266,0
89267,1
89268,0
89269,0
89270,0
89271,0
89272,0
89273,0
89274,1
89275,1
89276,1
89277,0
89278,1
89279,0
89280,0
89281,0
89282,1
89283,1
89284,0
89285,1
89286,1
89287,1
89288,1
89289,1
89290,0
89291,1
89292,1
89293,1
89294,1
89295,1
89296,0
89297,0
89298,0
89299,1
89300,1
89301,0
89302,1
89303,0
89304,1
89305,0
89306,0
89307,0
89308,1
89309,0
89310,0
89311,1
89312,1
89313,1
89314,1
89315,1
89316,0
89317,0
89318,1
89319,0
89320,0
89321,0
89322,0
89323,1
89324,0
89325,1
89326,0
89327,0
89328,0
89329,1
89330,1
89331,1
89332,1
89333,0
89334,0
89335,1
89336,0
89337,0
89338,1
89339,1
89340,0
89341,0
89342,1
89343,1
89344,1
89345,1
89346,1
89347,0
89348,0
89349,0
89350,0
89351,1
89352,0
89353,0
89354,1
89355,1
89356,1
89357,1
89358,0
89359,0
89360,0
89361,0
89362,0
89363,1
89364,1
89365,1
89366,1
89367,1
89368,0
89369,1
89370,0
89371,0
89372,1
89373,0
89374,0
89375,0
89376,1
89377,1
89378,1
89379,1
89380,1
89381,0
89382,1
89383,0
89384,1
89385,1
89386,1
89387,1
89388,0
89389,1
89390,1
89391,1
89392,1
89393,0
89394,0
89395,0
89396,1
89397,1
89398,0
89399,0
89400,1
89401,1
89402,0
89403,0
89404,1
89405,0
89406,1
89407,0
89408,1
89409,1
89410,1
89411,1
89412,1
89413,1
89414,1
89415,1
89416,1
89417,1
89418,1
89419,0
89420,1
89421,0
89422,0
89423,0
89424,0
89425,0
89426,1
89427,1
89428,1
89429,1
89430,1
89431,0
89432,0
89433,1
89434,1
89435,0
89436,0
89437,1
89438,0
89439,1
89440,1
89441,1
89442,0
89443,1
89444,0
89445,1
89446,1
89447,1
89448,1
89449,0
89450,1
89451,0
89452,1
89453,0
89454,0
89455,1
89456,1
89457,0
89458,1
89459,1
89460,1
89461,0
89462,0
89463,1
89464,1
89465,1
89466,0
89467,1
89468,1
89469,0
89470,1
89471,1
89472,0
89473,0
89474,1
89475,0
89476,1
89477,1
89478,1
89479,1
89480,0
89481,0
89482,0
89483,0
89484,1
89485,0
89486,0
89487,1
89488,0
89489,0
89490,1
89491,1
89492,0
89493,1
89494,1
89495,0
89496,0
89497,0
89498,0
89499,1
89500,1
89501,1
89502,0
89503,1
89504,1
89505,1
89506,1
89507,0
89508,0
89509,0
89510,0
89511,0
89512,0
89513,0
89514,0
89515,0
89516,1
89517,1
89518,1
89519,0
89520,1
89521,1
89522,1
89523,0
89524,0
89525,0
89526,0
89527,1
89528,1
89529,0
89530,0
89531,0
89532,0
89533,1
89534,1
89535,1
89536,1
89537,0
89538,1
89539,1
89540,1
89541,1
89542,0
89543,1
89544,0
89545,1
89546,1
89547,0
89548,0
89549,1
89550,1
89551,0
89552,1
89553,0
89554,0
89555,1
89556,1
89557,1
89558,0
89559,0
89560,1
89561,0
89562,1
89563,1
89564,1
89565,0
89566,1
89567,0
89568,0
89569,1
89570,1
89571,0
89572,0
89573,0
89574,1
89575,0
89576,1
89577,0
89578,1
89579,1
89580,1
89581,0
89582,0
89583,0
89584,1
89585,1
89586,0
89587,0
89588,0
89589,0
89590,0
89591,1
89592,0
89593,0
89594,0
89595,1
89596,0
89597,1
89598,1
89599,1
89600,1
89601,0
89602,1
89603,0
89604,0
89605,1
89606,0
89607,0
89608,0
89609,1
89610,0
89611,1
89612,0
89613,1
89614,1
89615,1
89616,0
89617,0
89618,0
89619,0
89620,0
89621,1
89622,0
89623,1
89624,0
89625,1
89626,0
89627,1
89628,1
89629,0
89630,1
89631,1
89632,1
89633,0
89634,1
89635,0
89636,1
89637,1
89638,1
89639,1
89640,1
89641,0
89642,1
89643,0
89644,0
89645,1
89646,0
89647,1
89648,1
89649,1
89650,0
89651,0
89652,0
89653,1
89654,0
89655,1
89656,1
89657,1
89658,1
89659,0
89660,1
89661,1
89662,0
89663,1
89664,1
89665,1
89666,1
89667,0
89668,1
89669,1
89670,0
89671,0
89672,1
89673,1
89674,0
89675,1
89676,0
89677,0
89678,0
89679,0
89680,0
89681,1
89682,0
89683,0
89684,1
89685,1
89686,1
89687,0
89688,1
89689,1
89690,1
89691,1
89692,0
89693,0
89694,1
89695,1
89696,1
89697,0
89698,1
89699,0
89700,0
89701,0
89702,0
89703,0
89704,1
89705,0
89706,0
89707,1
89708,1
89709,0
89710,0
89711,0
89712,1
89713,1
89714,0
89715,1
89716,0
89717,0
89718,1
89719,0
89720,0
89721,1
89722,0
89723,1
89724,1
89725,1
89726,1
89727,0
89728,0
89729,1
89730,0
89731,0
89732,1
89733,0
89734,1
89735,1
89736,1
89737,0
89738,0
89739,1
89740,0
89741,0
89742,1
89743,0
89744,1
89745,1
89746,0
89747,0
89748,1
89749,0
89750,0
89751,1
89752,0
89753,1
89754,1
89755,0
89756,1
89757,1
89758,0
89759,0
89760,0
89761,0
89762,0
89763,1
89764,0
89765,0
89766,0
89767,1
89768,0
89769,0
89770,1
89771,1
89772,0
89773,0
89774,0
89775,1
89776,1
89777,0
89778,0
89779,0
89780,0
89781,1
89782,1
89783,1
89784,0
89785,1
89786,0
89787,1
89788,1
89789,1
89790,1
89791,0
89792,0
89793,1
89794,0
89795,0
89796,0
89797,0
89798,1
89799,0
89800,1
89801,1
89802,0
89803,0
89804,1
89805,0
89806,0
89807,0
89808,1
89809,1
89810,0
89811,1
89812,0
89813,0
89814,0
89815,0
89816,0
89817,1
89818,0
89819,1
89820,1
89821,0
89822,1
89823,0
89824,1
89825,0
89826,1
89827,1
89828,1
89829,0
89830,1
89831,0
89832,1
89833,1
89834,1
89835,1
89836,0
89837,1
89838,1
89839,1
89840,0
89841,0
89842,1
89843,0
89844,1
89845,1
89846,0
89847,0
89848,1
89849,0
89850,1
89851,1
89852,0
89853,0
89854,1
89855,0
89856,1
89857,0
89858,0
89859,1
89860,0
89861,1
89862,1
89863,1
89864,0
89865,1
89866,1
89867,0
89868,0
89869,1
89870,1
89871,1
89872,1
89873,0
89874,0
89875,0
89876,1
89877,0
89878,1
89879,0
89880,1
89881,1
89882,1
89883,0
89884,1
89885,0
89886,0
89887,1
89888,1
89889,0
89890,1
89891,1
89892,0
89893,0
89894,1
89895,1
89896,0
89897,0
89898,1
89899,1
89900,1
89901,1
89902,1
89903,0
89904,1
89905,1
89906,1
89907,0
89908,0
89909,0
89910,1
89911,1
89912,1
89913,1
89914,1
89915,0
89916,0
89917,1
89918,1
89919,0
89920,1
89921,1
89922,1
89923,1
89924,0
89925,0
89926,1
89927,0
89928,0
89929,0
89930,0
89931,0
89932,1
89933,1
89934,0
89935,1
89936,0
89937,0
89938,0
89939,1
89940,1
89941,0
89942,0
89943,1
89944,1
89945,0
89946,1
89947,0
89948,1
89949,0
89950,0
89951,1
89952,1
89953,1
89954,0
89955,0
89956,0
89957,1
89958,1
89959,1
89960,0
89961,1
89962,1
89963,1
89964,1
89965,0
89966,0
89967,1
89968,1
89969,0
89970,1
89971,1
89972,0
89973,1
89974,1
89975,0
89976,1
89977,0
89978,0
89979,1
89980,0
89981,1
89982,0
89983,1
89984,1
89985,1
89986,1
89987,1
89988,1
89989,1
89990,0
89991,1
89992,1
89993,0
89994,0
89995,1
89996,0
89997,0
89998,0
89999,1
90000,0
90001,1
90002,0
90003,0
90004,0
90005,0
90006,0
90007,0
90008,0
90009,1
90010,0
90011,1
90012,1
90013,1
90014,0
90015,1
90016,0
90017,0
90018,1
90019,1
90020,1
90021,1
90022,0
90023,1
90024,1
90025,0
90026,1
90027,0
90028,1
90029,1
90030,0
90031,1
90032,0
90033,1
90034,1
90035,1
90036,1
90037,0
90038,1
90039,0
90040,0
90041,0
90042,1
90043,0
90044,1
90045,0
90046,0
90047,0
90048,0
90049,1
90050,0
90051,1
90052,0
90053,0
90054,0
90055,1
90056,0
90057,0
90058,0
90059,1
90060,0
90061,1
90062,1
90063,1
90064,0
90065,0
90066,1
90067,1
90068,0
90069,1
90070,0
90071,0
90072,1
90073,0
90074,0
90075,0
90076,1
90077,0
90078,0
90079,1
90080,0
90081,0
90082,0
90083,1
90084,0
90085,0
90086,1
90087,1
90088,1
90089,0
90090,0
90091,1
90092,0
90093,0
90094,0
90095,1
90096,0
90097,1
90098,0
90099,0
90100,0
90101,1
90102,0
90103,0
90104,0
90105,0
90106,1
90107,0
90108,0
90109,1
90110,0
90111,1
90112,0
90113,1
90114,1
90115,0
90116,0
90117,0
90118,0
90119,1
90120,1
90121,1
90122,1
90123,1
90124,0
90125,1
90126,0
90127,0
90128,1
90129,1
90130,1
90131,0
90132,0
90133,1
90134,0
90135,1
90136,1
90137,1
90138,1
90139,0
90140,0
90141,1
90142,1
90143,1
90144,0
90145,0
90146,1
90147,1
90148,0
90149,1
90150,0
90151,1
90152,0
90153,0
90154,0
90155,1
90156,1
90157,0
90158,1
90159,0
90160,0
90161,1
90162,0
90163,0
90164,1
90165,0
90166,1
90167,1
90168,0
90169,1
90170,1
90171,0
90172,1
90173,0
90174,0
90175,1
90176,0
90177,0
90178,1
90179,1
90180,0
90181,1
90182,0
90183,1
90184,1
90185,0
90186,0
90187,0
90188,1
90189,1
90190,1
90191,0
90192,0
90193,1
90194,0
90195,0
90196,1
90197,1
90198,1
90199,1
90200,0
90201,1
90202,0
90203,0
90204,1
90205,0
90206,1
90207,1
90208,1
90209,0
90210,0
90211,0
90212,1
90213,1
90214,1
90215,0
90216,1
90217,1
90218,0
90219,0
90220,0
90221,0
90222,1
90223,0
90224,0
90225,1
90226,0
90227,0
90228,0
90229,0
90230,0
90231,0
90232,1
90233,1
90234,1
90235,0
90236,0
90237,1
90238,0
90239,0
90240,0
90241,1
90242,1
90243,0
90244,0
90245,1
90246,0
90247,0
90248,0
90249,0
90250,1
90251,0
90252,1
90253,1
90254,1
90255,1
90256,1
90257,1
90258,0
90259,1
90260,1
90261,0
90262,1
90263,0
90264,0
90265,0
90266,0
90267,1
90268,0
90269,0
90270,1
90271,0
90272,0
90273,0
90274,0
90275,1
90276,1
90277,1
90278,1
90279,1
90280,0
90281,0
90282,1
90283,1
90284,1
90285,0
90286,0
90287,0
90288,1
90289,0
90290,0
90291,0
90292,0
90293,1
90294,0
90295,1
90296,0
90297,1
90298,0
90299,1
90300,1
90301,0
90302,1
90303,0
90304,1
90305,1
90306,0
90307,0
90308,0
90309,0
90310,1
90311,0
90312,0
90313,0
90314,1
90315,1
90316,0
90317,0
90318,0
90319,0
90320,0
90321,1
90322,0
90323,1
90324,0
90325,1
90326,1
90327,0
90328,0
90329,0
90330,0
90331,0
90332,0
90333,0
90334,0
90335,0
90336,0
90337,0
90338,1
90339,0
90340,0
90341,1
90342,0
90343,1
90344,0
90345,1
90346,0
90347,1
90348,1
90349,1
90350,0
90351,0
90352,0
90353,1
90354,1
90355,1
90356,1
90357,0
90358,0
90359,0
90360,0
90361,1
90362,0
90363,1
90364,0
90365,1
90366,1
90367,0
90368,0
90369,0
90370,0
90371,0
90372,0
90373,1
90374,0
90375,0
90376,0
90377,0
90378,0
90379,1
90380,1
90381,0
90382,0
90383,0
90384,0
90385,0
90386,1
90387,0
90388,1
90389,1
90390,0
90391,0
90392,0
90393,1
90394,1
90395,1
90396,1
90397,1
90398,0
90399,1
90400,0
90401,0
90402,1
90403,0
90404,0
90405,0
90406,1
90407,1
90408,1
90409,1
90410,0
90411,0
90412,1
90413,0
90414,1
90415,0
90416,0
90417,0
90418,1
90419,1
90420,0
90421,1
90422,1
90423,1
90424,1
90425,1
90426,1
90427,1
90428,0
90429,1
90430,1
90431,0
90432,0
90433,1
90434,1
90435,1
90436,1
90437,1
90438,0
90439,0
90440,0
90441,1
90442,0
90443,0
90444,1
90445,0
90446,0
90447,1
90448,0
90449,1
90450,1
90451,0
90452,1
90453,0
90454,0
90455,1
90456,1
90457,1
90458,1
90459,0
90460,0
90461,1
90462,0
90463,0
90464,0
90465,1
90466,1
90467,1
90468,1
90469,0
90470,0
90471,0
90472,1
90473,1
90474,0
90475,1
90476,0
90477,0
90478,0
90479,0
90480,0
90481,0
90482,1
90483,0
90484,0
90485,0
90486,1
90487,0
90488,1
90489,1
90490,1
90491,1
90492,0
90493,0
90494,0
90495,1
90496,0
90497,1
90498,0
90499,0
90500,0
90501,1
90502,1
90503,1
90504,0
90505,0
90506,0
90507,0
90508,1
90509,0
90510,0
90511,0
90512,0
90513,0
90514,0
90515,1
90516,1
90517,1
90518,1
90519,1
90520,1
90521,0
90522,1
90523,1
90524,0
90525,0
90526,0
90527,0
90528,0
90529,1
90530,0
90531,1
90532,1
90533,1
90534,1
90535,1
90536,1
90537,0
90538,1
90539,0
90540,0
90541,0
90542,1
90543,1
90544,0
90545,1
90546,1
90547,0
90548,0
90549,0
90550,1
90551,1
90552,0
90553,1
90554,1
90555,1
90556,0
90557,1
90558,0
90559,0
90560,0
90561,0
90562,0
90563,1
90564,0
90565,0
90566,1
90567,0
90568,0
90569,1
90570,1
90571,0
90572,1
90573,0
90574,0
90575,0
90576,1
90577,1
90578,1
90579,1
90580,0
90581,0
90582,0
90583,1
90584,1
90585,0
90586,1
90587,0
90588,1
90589,1
90590,0
90591,0
90592,1
90593,0
90594,0
90595,0
90596,1
90597,1
90598,1
90599,0
90600,0
90601,0
90602,0
90603,1
90604,0
90605,1
90606,1
90607,1
90608,0
90609,0
90610,1
90611,1
90612,1
90613,0
90614,0
90615,1
90616,1
90617,0
90618,0
90619,1
90620,1
90621,0
90622,1
90623,1
90624,1
90625,1
90626,0
90627,0
90628,1
90629,1
90630,1
90631,1
90632,1
90633,0
90634,0
90635,1
90636,1
90637,0
90638,0
90639,0
90640,0
90641,1
90642,1
90643,0
90644,0
90645,0
90646,0
90647,1
90648,0
90649,0
90650,0
90651,1
90652,1
90653,0
90654,1
90655,0
90656,1
90657,1
90658,0
90659,1
90660,1
90661,1
90662,0
90663,1
90664,0
90665,0
90666,0
90667,0
90668,1
90669,0
90670,1
90671,0
90672,0
90673,1
90674,1
90675,1
90676,0
90677,0
90678,1
90679,1
90680,0
90681,1
90682,0
90683,1
90684,1
90685,0
90686,0
90687,0
90688,0
90689,1
90690,0
90691,0
90692,1
90693,1
90694,0
90695,0
90696,0
90697,1
90698,0
90699,1
90700,0
90701,0
90702,0
90703,1
90704,0
90705,1
90706,1
90707,1
90708,0
90709,0
90710,1
90711,0
90712,0
90713,0
90714,0
90715,1
90716,1
90717,1
90718,0
90719,0
90720,0
90721,1
90722,0
90723,1
90724,0
90725,1
90726,1
90727,1
90728,0
90729,0
90730,0
90731,1
90732,1
90733,0
90734,1
90735,1
90736,0
90737,1
90738,0
90739,0
90740,1
90741,0
90742,1
90743,1
90744,0
90745,1
90746,0
90747,0
90748,1
90749,1
90750,1
90751,0
90752,0
90753,0
90754,0
90755,0
90756,0
90757,0
90758,1
90759,0
90760,1
90761,1
90762,0
90763,1
90764,1
90765,1
90766,1
90767,1
90768,1
90769,0
90770,0
90771,0
90772,0
90773,0
90774,0
90775,1
90776,1
90777,1
90778,0
90779,1
90780,0
90781,1
90782,1
90783,0
90784,1
90785,1
90786,1
90787,1
90788,0
90789,0
90790,0
90791,0
90792,0
90793,1
90794,1
90795,1
90796,0
90797,0
90798,0
90799,0
90800,0
90801,1
90802,1
90803,0
90804,0
90805,0
90806,1
90807,1
90808,0
90809,0
90810,0
90811,1
90812,1
90813,1
90814,1
90815,0
90816,0
90817,0
90818,1
90819,1
90820,0
90821,0
90822,0
90823,1
90824,0
90825,1
90826,1
90827,0
90828,0
90829,0
90830,1
90831,0
90832,0
90833,1
90834,0
90835,0
90836,0
90837,0
90838,1
90839,0
90840,0
90841,1
90842,0
90843,0
90844,0
90845,0
90846,1
90847,1
90848,1
90849,1
90850,1
90851,1
90852,1
90853,1
90854,0
90855,0
90856,1
90857,1
90858,0
90859,1
90860,0
90861,1
90862,0
90863,0
90864,0
90865,1
90866,0
90867,1
90868,0
90869,0
90870,1
90871,1
90872,1
90873,1
90874,0
90875,1
90876,1
90877,1
90878,1
90879,1
90880,0
90881,1
90882,0
90883,1
90884,0
90885,1
90886,0
90887,0
90888,1
90889,1
90890,1
90891,1
90892,0
90893,0
90894,1
90895,0
90896,0
90897,0
90898,1
90899,1
90900,1
90901,0
90902,1
90903,0
90904,0
90905,0
90906,0
90907,1
90908,0
90909,0
90910,1
90911,0
90912,0
90913,0
90914,1
90915,1
90916,1
90917,1
90918,0
90919,0
90920,1
90921,1
90922,1
90923,0
90924,0
90925,1
90926,1
90927,1
90928,1
90929,0
90930,1
90931,0
90932,0
90933,1
90934,1
90935,0
90936,0
90937,0
90938,1
90939,0
90940,0
90941,0
90942,0
90943,0
90944,0
90945,1
90946,0
90947,1
90948,1
90949,0
90950,0
90951,0
90952,0
90953,1
90954,1
90955,1
90956,1
90957,1
90958,1
90959,0
90960,0
90961,0
90962,1
90963,1
90964,0
90965,1
90966,1
90967,1
90968,1
90969,1
90970,0
90971,1
90972,0
90973,1
90974,1
90975,0
90976,0
90977,0
90978,0
90979,0
90980,0
90981,0
90982,1
90983,1
90984,1
90985,0
90986,1
90987,1
90988,1
90989,0
90990,0
90991,0
90992,0
90993,1
90994,0
90995,1
90996,1
90997,1
90998,1
90999,0
91000,1
91001,0
91002,1
91003,0
91004,1
91005,1
91006,1
91007,0
91008,1
91009,0
91010,1
91011,1
91012,0
91013,1
91014,1
91015,1
91016,0
91017,0
91018,1
91019,0
91020,1
91021,0
91022,0
91023,1
91024,1
91025,0
91026,0
91027,0
91028,0
91029,0
91030,1
91031,0
91032,0
91033,1
91034,1
91035,0
91036,0
91037,0
91038,0
91039,0
91040,1
91041,0
91042,1
91043,1
91044,1
91045,1
91046,1
91047,1
91048,0
91049,0
91050,1
91051,0
91052,1
91053,0
91054,0
91055,0
91056,0
91057,0
91058,1
91059,1
91060,0
91061,0
91062,1
91063,1
91064,1
91065,1
91066,0
91067,1
91068,0
91069,0
91070,0
91071,1
91072,1
91073,0
91074,1
91075,0
91076,0
91077,0
91078,1
91079,1
91080,1
91081,0
91082,1
91083,1
91084,0
91085,1
91086,1
91087,1
91088,0
91089,1
91090,0
91091,0
91092,0
91093,0
91094,0
91095,0
91096,1
91097,1
91098,1
91099,0
91100,0
91101,0
91102,0
91103,0
91104,1
91105,1
91106,0
91107,0
91108,0
91109,0
91110,0
91111,0
91112,1
91113,0
91114,0
91115,0
91116,0
91117,0
91118,0
91119,1
91120,0
91121,1
91122,1
91123,0
91124,0
91125,0
91126,1
91127,0
91128,1
91129,1
91130,0
91131,0
91132,0
91133,0
91134,1
91135,0
91136,0
91137,0
91138,0
91139,0
91140,0
91141,1
91142,0
91143,0
91144,1
91145,0
91146,1
91147,0
91148,0
91149,1
91150,0
91151,0
91152,1
91153,1
91154,0
91155,1
91156,0
91157,0
91158,0
91159,0
91160,1
91161,0
91162,1
91163,1
91164,1
91165,1
91166,1
91167,0
91168,0
91169,1
91170,0
91171,1
91172,1
91173,0
91174,0
91175,0
91176,0
91177,0
91178,0
91179,0
91180,1
91181,1
91182,0
91183,1
91184,1
91185,1
91186,1
91187,0
91188,1
91189,1
91190,0
91191,0
91192,0
91193,1
91194,0
91195,1
91196,1
91197,1
91198,1
91199,1
91200,0
91201,0
91202,1
91203,0
91204,1
91205,1
91206,1
91207,0
91208,1
91209,0
91210,0
91211,1
91212,1
91213,0
91214,0
91215,0
91216,1
91217,0
91218,0
91219,1
91220,1
91221,1
91222,1
91223,0
91224,1
91225,1
91226,0
91227,0
91228,0
91229,1
91230,1
91231,1
91232,1
91233,0
91234,1
91235,1
91236,1
91237,1
91238,1
91239,0
91240,0
91241,0
91242,1
91243,0
91244,1
91245,1
91246,0
91247,0
91248,0
91249,0
91250,1
91251,0
91252,0
91253,0
91254,0
91255,1
91256,1
91257,0
91258,0
91259,0
91260,1
91261,0
91262,1
91263,1
91264,1
91265,0
91266,1
91267,0
91268,0
91269,1
91270,1
91271,1
91272,0
91273,1
91274,0
91275,1
91276,0
91277,1
91278,1
91279,0
91280,0
91281,1
91282,0
91283,1
91284,1
91285,0
91286,1
91287,1
91288,1
91289,0
91290,0
91291,1
91292,1
91293,1
91294,0
91295,1
91296,1
91297,0
91298,0
91299,1
91300,1
91301,0
91302,0
91303,1
91304,0
91305,1
91306,1
91307,0
91308,1
91309,0
91310,0
91311,1
91312,1
91313,1
91314,1
91315,1
91316,1
91317,1
91318,0
91319,1
91320,0
91321,0
91322,1
91323,1
91324,0
91325,1
91326,1
91327,0
91328,1
91329,0
91330,0
91331,1
91332,0
91333,1
91334,1
91335,1
91336,0
91337,1
91338,1
91339,1
91340,0
91341,1
91342,1
91343,0
91344,0
91345,0
91346,0
91347,0
91348,0
91349,0
91350,1
91351,0
91352,0
91353,1
91354,0
91355,0
91356,0
91357,1
91358,1
91359,0
91360,1
91361,1
91362,1
91363,0
91364,1
91365,0
91366,0
91367,0
91368,1
91369,1
91370,1
91371,1
91372,1
91373,0
91374,1
91375,1
91376,0
91377,0
91378,0
91379,1
91380,0
91381,0
91382,0
91383,1
91384,1
91385,1
91386,1
91387,0
91388,0
91389,1
91390,1
91391,1
91392,0
91393,1
91394,1
91395,1
91396,1
91397,0
91398,1
91399,0
91400,0
91401,0
91402,1
91403,0
91404,1
91405,1
91406,0
91407,0
91408,0
91409,0
91410,1
91411,1
91412,0
91413,1
91414,1
91415,1
91416,1
91417,1
91418,0
91419,0
91420,1
91421,1
91422,1
91423,0
91424,1
91425,1
91426,1
91427,0
91428,1
91429,0
91430,1
91431,0
91432,1
91433,1
91434,1
91435,1
91436,1
91437,1
91438,1
91439,0
91440,1
91441,1
91442,1
91443,0
91444,1
91445,0
91446,1
91447,0
91448,1
91449,0
91450,1
91451,0
91452,0
91453,0
91454,0
91455,1
91456,1
91457,1
91458,0
91459,0
91460,1
91461,0
91462,1
91463,1
91464,0
91465,0
91466,1
91467,0
91468,1
91469,0
91470,1
91471,1
91472,1
91473,0
91474,1
91475,1
91476,1
91477,1
91478,0
91479,0
91480,0
91481,1
91482,0
91483,1
91484,1
91485,0
91486,0
91487,0
91488,0
91489,1
91490,1
91491,0
91492,1
91493,1
91494,0
91495,1
91496,1
91497,0
91498,1
91499,0
91500,0
91501,1
91502,0
91503,1
91504,1
91505,0
91506,1
91507,0
91508,0
91509,1
91510,1
91511,1
91512,0
91513,1
91514,1
91515,0
91516,1
91517,0
91518,0
91519,0
91520,0
91521,1
91522,1
91523,1
91524,1
91525,1
91526,1
91527,0
91528,0
91529,1
91530,0
91531,0
91532,1
91533,0
91534,1
91535,1
91536,1
91537,1
91538,1
91539,0
91540,1
91541,0
91542,0
91543,1
91544,0
91545,0
91546,0
91547,1
91548,1
91549,0
91550,0
91551,0
91552,1
91553,0
91554,0
91555,1
91556,1
91557,1
91558,1
91559,0
91560,1
91561,1
91562,0
91563,1
91564,0
91565,1
91566,0
91567,0
91568,1
91569,0
91570,1
91571,1
91572,0
91573,0
91574,1
91575,0
91576,1
91577,1
91578,0
91579,0
91580,0
91581,0
91582,1
91583,0
91584,0
91585,0
91586,0
91587,1
91588,0
91589,1
91590,0
91591,0
91592,1
91593,1
91594,0
91595,1
91596,0
91597,0
91598,0
91599,0
91600,1
91601,1
91602,1
91603,1
91604,0
91605,1
91606,1
91607,1
91608,0
91609,0
91610,0
91611,1
91612,1
91613,1
91614,1
91615,0
91616,1
91617,1
91618,0
91619,0
91620,1
91621,0
91622,0
91623,1
91624,0
91625,0
91626,0
91627,0
91628,1
91629,1
91630,1
91631,0
91632,0
91633,1
91634,1
91635,1
91636,1
91637,0
91638,1
91639,1
91640,1
91641,0
91642,0
91643,1
91644,0
91645,1
91646,1
91647,1
91648,0
91649,0
91650,1
91651,0
91652,1
91653,1
91654,1
91655,0
91656,0
91657,0
91658,1
91659,1
91660,1
91661,0
91662,1
91663,0
91664,1
91665,0
91666,0
91667,0
91668,1
91669,0
91670,1
91671,0
91672,1
91673,0
91674,1
91675,1
91676,1
91677,0
91678,1
91679,1
91680,0
91681,0
91682,1
91683,0
91684,1
91685,1
91686,0
91687,0
91688,1
91689,1
91690,1
91691,1
91692,1
91693,0
91694,1
91695,1
91696,0
91697,1
91698,0
91699,1
91700,0
91701,1
91702,0
91703,1
91704,0
91705,0
91706,1
91707,0
91708,1
91709,0
91710,0
91711,0
91712,1
91713,1
91714,1
91715,0
91716,1
91717,0
91718,1
91719,1
91720,1
91721,0
91722,1
91723,0
91724,1
91725,0
91726,0
91727,0
91728,0
91729,0
91730,1
91731,1
91732,0
91733,0
91734,1
91735,1
91736,1
91737,0
91738,0
91739,0
91740,0
91741,0
91742,0
91743,0
91744,1
91745,0
91746,0
91747,1
91748,1
91749,1
91750,1
91751,0
91752,1
91753,1
91754,0
91755,1
91756,1
91757,1
91758,1
91759,0
91760,1
91761,0
91762,0
91763,0
91764,1
91765,1
91766,1
91767,1
91768,0
91769,0
91770,0
91771,0
91772,1
91773,1
91774,1
91775,1
91776,1
91777,0
91778,0
91779,1
91780,1
91781,0
91782,0
91783,1
91784,1
91785,1
91786,0
91787,0
91788,1
91789,0
91790,0
91791,0
91792,1
91793,0
91794,1
91795,1
91796,1
91797,1
91798,1
91799,0
91800,0
91801,0
91802,1
91803,0
91804,0
91805,1
91806,1
91807,1
91808,1
91809,1
91810,1
91811,1
91812,0
91813,1
91814,0
91815,0
91816,1
91817,0
91818,1
91819,0
91820,0
91821,0
91822,0
91823,1
91824,1
91825,1
91826,0
91827,1
91828,0
91829,1
91830,1
91831,0
91832,0
91833,1
91834,1
91835,0
91836,0
91837,0
91838,1
91839,0
91840,1
91841,1
91842,1
91843,1
91844,1
91845,1
91846,1
91847,0
91848,0
91849,0
91850,0
91851,1
91852,0
91853,0
91854,1
91855,0
91856,0
91857,0
91858,0
91859,1
91860,0
91861,0
91862,0
91863,1
91864,0
91865,0
91866,1
91867,0
91868,0
91869,0
91870,1
91871,1
91872,1
91873,1
91874,0
91875,0
91876,1
91877,0
91878,0
91879,0
91880,1
91881,1
91882,0
91883,0
91884,1
91885,0
91886,0
91887,0
91888,0
91889,1
91890,1
91891,0
91892,0
91893,1
91894,1
91895,0
91896,1
91897,0
91898,1
91899,0
91900,1
91901,1
91902,0
91903,1
91904,1
91905,0
91906,1
91907,1
91908,0
91909,1
91910,0
91911,1
91912,0
91913,0
91914,1
91915,1
91916,0
91917,1
91918,0
91919,1
91920,1
91921,0
91922,0
91923,0
91924,0
91925,0
91926,0
91927,0
91928,1
91929,1
91930,1
91931,1
91932,1
91933,0
91934,0
91935,1
91936,1
91937,1
91938,0
91939,1
91940,0
91941,1
91942,0
91943,1
91944,0
91945,0
91946,0
91947,0
91948,1
91949,1
91950,1
91951,0
91952,0
91953,1
91954,1
91955,1
91956,1
91957,1
91958,0
91959,1
91960,0
91961,1
91962,1
91963,1
91964,0
91965,1
91966,0
91967,0
91968,0
91969,1
91970,0
91971,1
91972,0
91973,1
91974,1
91975,0
91976,1
91977,1
91978,1
91979,1
91980,1
91981,1
91982,1
91983,1
91984,0
91985,1
91986,1
91987,0
91988,0
91989,1
91990,0
91991,1
91992,0
91993,1
91994,0
91995,1
91996,1
91997,0
91998,0
91999,0
92000,0
92001,1
92002,1
92003,1
92004,0
92005,1
92006,0
92007,0
92008,1
92009,0
92010,1
92011,0
92012,1
92013,1
92014,0
92015,1
92016,1
92017,1
92018,0
92019,0
92020,0
92021,1
92022,1
92023,0
92024,0
92025,1
92026,0
92027,1
92028,0
92029,0
92030,0
92031,0
92032,1
92033,1
92034,1
92035,1
92036,1
92037,0
92038,1
92039,0
92040,0
92041,0
92042,0
92043,1
92044,1
92045,0
92046,0
92047,0
92048,1
92049,1
92050,1
92051,1
92052,0
92053,0
92054,1
92055,0
92056,0
92057,0
92058,0
92059,1
92060,1
92061,0
92062,1
92063,0
92064,1
92065,1
92066,0
92067,1
92068,0
92069,1
92070,1
92071,1
92072,0
92073,1
92074,1
92075,1
92076,1
92077,0
92078,0
92079,0
92080,1
92081,1
92082,1
92083,1
92084,1
92085,0
92086,0
92087,0
92088,1
92089,1
92090,0
92091,0
92092,1
92093,0
92094,1
92095,1
92096,0
92097,1
92098,1
92099,1
92100,0
92101,0
92102,1
92103,1
92104,0
92105,1
92106,1
92107,0
92108,0
92109,0
92110,1
92111,1
92112,1
92113,0
92114,0
92115,1
92116,0
92117,1
92118,1
92119,1
92120,0
92121,0
92122,1
92123,1
92124,0
92125,1
92126,0
92127,1
92128,0
92129,1
92130,0
92131,1
92132,1
92133,1
92134,1
92135,0
92136,0
92137,0
92138,0
92139,1
92140,0
92141,0
92142,1
92143,1
92144,1
92145,0
92146,0
92147,0
92148,0
92149,1
92150,1
92151,1
92152,1
92153,0
92154,1
92155,1
92156,1
92157,1
92158,1
92159,0
92160,0
92161,0
92162,1
92163,1
92164,1
92165,0
92166,1
92167,1
92168,1
92169,0
92170,1
92171,0
92172,1
92173,1
92174,1
92175,0
92176,0
92177,1
92178,1
92179,0
92180,1
92181,0
92182,1
92183,0
92184,0
92185,0
92186,0
92187,1
92188,1
92189,0
92190,1
92191,1
92192,0
92193,1
92194,0
92195,1
92196,0
92197,0
92198,0
92199,0
92200,1
92201,0
92202,0
92203,1
92204,0
92205,0
92206,1
92207,0
92208,0
92209,1
92210,0
92211,1
92212,0
92213,0
92214,0
92215,0
92216,1
92217,1
92218,0
92219,0
92220,1
92221,1
92222,1
92223,1
92224,1
92225,1
92226,0
92227,1
92228,0
92229,0
92230,1
92231,1
92232,0
92233,1
92234,0
92235,1
92236,1
92237,1
92238,0
92239,0
92240,0
92241,0
92242,1
92243,0
92244,0
92245,0
92246,1
92247,1
92248,0
92249,0
92250,0
92251,0
92252,1
92253,1
92254,0
92255,0
92256,0
92257,0
92258,1
92259,1
92260,0
92261,1
92262,0
92263,0
92264,0
92265,0
92266,0
92267,0
92268,0
92269,0
92270,1
92271,0
92272,0
92273,0
92274,1
92275,0
92276,1
92277,1
92278,0
92279,0
92280,0
92281,0
92282,0
92283,1
92284,0
92285,0
92286,0
92287,0
92288,0
92289,0
92290,1
92291,1
92292,1
92293,0
92294,0
92295,1
92296,1
92297,1
92298,1
92299,1
92300,1
92301,1
92302,0
92303,1
92304,0
92305,0
92306,1
92307,1
92308,1
92309,1
92310,0
92311,0
92312,0
92313,0
92314,0
92315,1
92316,0
92317,1
92318,0
92319,1
92320,0
92321,0
92322,1
92323,0
92324,1
92325,0
92326,1
92327,0
92328,0
92329,0
92330,0
92331,0
92332,0
92333,1
92334,1
92335,1
92336,0
92337,0
92338,0
92339,0
92340,0
92341,1
92342,1
92343,1
92344,0
92345,1
92346,1
92347,1
92348,1
92349,0
92350,0
92351,1
92352,0
92353,1
92354,0
92355,0
92356,1
92357,0
92358,0
92359,1
92360,1
92361,0
92362,1
92363,0
92364,1
92365,1
92366,1
92367,0
92368,0
92369,0
92370,1
92371,0
92372,0
92373,0
92374,0
92375,1
92376,1
92377,0
92378,0
92379,1
92380,0
92381,0
92382,1
92383,0
92384,0
92385,0
92386,0
92387,0
92388,0
92389,1
92390,0
92391,0
92392,0
92393,1
92394,1
92395,1
92396,1
92397,0
92398,1
92399,1
92400,0
92401,1
92402,1
92403,0
92404,0
92405,0
92406,1
92407,0
92408,0
92409,0
92410,0
92411,0
92412,1
92413,1
92414,0
92415,0
92416,0
92417,1
92418,0
92419,0
92420,1
92421,1
92422,1
92423,0
92424,0
92425,1
92426,0
92427,0
92428,1
92429,1
92430,1
92431,1
92432,1
92433,1
92434,0
92435,0
92436,0
92437,1
92438,0
92439,1
92440,1
92441,0
92442,1
92443,1
92444,1
92445,0
92446,1
92447,1
92448,0
92449,0
92450,1
92451,0
92452,1
92453,0
92454,1
92455,0
92456,1
92457,1
92458,1
92459,1
92460,0
92461,0
92462,1
92463,0
92464,1
92465,1
92466,1
92467,0
92468,1
92469,1
92470,1
92471,0
92472,0
92473,0
92474,0
92475,1
92476,0
92477,0
92478,1
92479,0
92480,1
92481,0
92482,1
92483,0
92484,0
92485,1
92486,1
92487,1
92488,1
92489,1
92490,0
92491,1
92492,0
92493,1
92494,1
92495,0
92496,1
92497,1
92498,0
92499,1
92500,1
92501,0
92502,1
92503,0
92504,0
92505,0
92506,0
92507,0
92508,1
92509,0
92510,0
92511,0
92512,0
92513,1
92514,0
92515,1
92516,1
92517,0
92518,0
92519,0
92520,0
92521,1
92522,0
92523,0
92524,1
92525,1
92526,1
92527,0
92528,0
92529,1
92530,0
92531,1
92532,1
92533,1
92534,0
92535,1
92536,0
92537,1
92538,0
92539,1
92540,0
92541,1
92542,1
92543,1
92544,0
92545,0
92546,1
92547,0
92548,0
92549,1
92550,0
92551,0
92552,1
92553,0
92554,1
92555,0
92556,1
92557,0
92558,0
92559,1
92560,1
92561,1
92562,1
92563,1
92564,1
92565,1
92566,1
92567,1
92568,1
92569,0
92570,1
92571,0
92572,1
92573,0
92574,1
92575,0
92576,0
92577,1
92578,1
92579,0
92580,1
92581,0
92582,1
92583,1
92584,1
92585,0
92586,1
92587,0
92588,0
92589,1
92590,0
92591,0
92592,0
92593,1
92594,0
92595,1
92596,0
92597,0
92598,1
92599,0
92600,1
92601,1
92602,1
92603,0
92604,0
92605,1
92606,0
92607,0
92608,1
92609,1
92610,1
92611,0
92612,1
92613,0
92614,1
92615,1
92616,1
92617,1
92618,0
92619,0
92620,0
92621,1
92622,0
92623,0
92624,1
92625,1
92626,0
92627,1
92628,0
92629,0
92630,1
92631,1
92632,0
92633,1
92634,0
92635,1
92636,0
92637,0
92638,0
92639,0
92640,1
92641,0
92642,1
92643,0
92644,0
92645,0
92646,1
92647,1
92648,1
92649,0
92650,0
92651,0
92652,0
92653,0
92654,0
92655,1
92656,1
92657,0
92658,0
92659,0
92660,0
92661,1
92662,0
92663,0
92664,0
92665,1
92666,1
92667,1
92668,1
92669,1
92670,1
92671,0
92672,0
92673,1
92674,0
92675,1
92676,1
92677,1
92678,0
92679,1
92680,1
92681,0
92682,1
92683,0
92684,0
92685,1
92686,0
92687,1
92688,1
92689,0
92690,1
92691,1
92692,0
92693,1
92694,0
92695,0
92696,1
92697,1
92698,0
92699,0
92700,0
92701,0
92702,0
92703,1
92704,1
92705,0
92706,0
92707,1
92708,1
92709,0
92710,0
92711,1
92712,1
92713,0
92714,1
92715,0
92716,1
92717,0
92718,1
92719,1
92720,1
92721,1
92722,1
92723,0
92724,0
92725,1
92726,1
92727,0
92728,0
92729,0
92730,1
92731,0
92732,1
92733,1
92734,1
92735,1
92736,1
92737,0
92738,1
92739,1
92740,1
92741,0
92742,0
92743,0
92744,0
92745,1
92746,1
92747,0
92748,1
92749,0
92750,1
92751,0
92752,0
92753,1
92754,1
92755,0
92756,0
92757,0
92758,1
92759,0
92760,1
92761,0
92762,1
92763,1
92764,0
92765,1
92766,1
92767,0
92768,1
92769,1
92770,1
92771,0
92772,1
92773,0
92774,0
92775,1
92776,1
92777,0
92778,1
92779,1
92780,0
92781,1
92782,1
92783,1
92784,0
92785,0
92786,0
92787,0
92788,0
92789,1
92790,0
92791,0
92792,0
92793,0
92794,1
92795,1
92796,1
92797,0
92798,1
92799,0
92800,1
92801,1
92802,1
92803,1
92804,0
92805,0
92806,1
92807,1
92808,1
92809,0
92810,0
92811,0
92812,0
92813,1
92814,1
92815,0
92816,1
92817,0
92818,0
92819,0
92820,0
92821,1
92822,1
92823,1
92824,1
92825,1
92826,1
92827,1
92828,0
92829,0
92830,1
92831,0
92832,0
92833,0
92834,0
92835,1
92836,1
92837,1
92838,1
92839,0
92840,0
92841,0
92842,1
92843,0
92844,0
92845,0
92846,0
92847,0
92848,1
92849,1
92850,0
92851,1
92852,1
92853,1
92854,1
92855,1
92856,0
92857,0
92858,0
92859,1
92860,0
92861,0
92862,0
92863,1
92864,1
92865,0
92866,1
92867,0
92868,1
92869,0
92870,0
92871,1
92872,0
92873,1
92874,1
92875,1
92876,1
92877,0
92878,1
92879,1
92880,0
92881,1
92882,1
92883,0
92884,0
92885,0
92886,0
92887,0
92888,0
92889,1
92890,1
92891,1
92892,1
92893,0
92894,0
92895,1
92896,1
92897,1
92898,1
92899,1
92900,0
92901,0
92902,0
92903,1
92904,1
92905,1
92906,0
92907,1
92908,0
92909,1
92910,0
92911,1
92912,1
92913,0
92914,1
92915,1
92916,1
92917,0
92918,1
92919,0
92920,0
92921,0
92922,0
92923,0
92924,0
92925,1
92926,0
92927,1
92928,1
92929,0
92930,1
92931,1
92932,1
92933,0
92934,1
92935,0
92936,1
92937,0
92938,1
92939,1
92940,1
92941,0
92942,0
92943,1
92944,0
92945,0
92946,1
92947,1
92948,1
92949,1
92950,0
92951,0
92952,1
92953,1
92954,1
92955,1
92956,1
92957,1
92958,0
92959,1
92960,0
92961,0
92962,0
92963,0
92964,1
92965,0
92966,0
92967,1
92968,0
92969,1
92970,1
92971,1
92972,0
92973,1
92974,0
92975,1
92976,0
92977,0
92978,0
92979,1
92980,1
92981,1
92982,0
92983,1
92984,1
92985,0
92986,1
92987,1
92988,1
92989,1
92990,1
92991,1
92992,1
92993,0
92994,1
92995,1
92996,0
92997,0
92998,0
92999,0
93000,1
93001,1
93002,0
93003,0
93004,0
93005,1
93006,1
93007,0
93008,0
93009,1
93010,0
93011,0
93012,0
93013,0
93014,0
93015,1
93016,0
93017,0
93018,0
93019,1
93020,1
93021,0
93022,1
93023,1
93024,0
93025,1
93026,1
93027,0
93028,1
93029,1
93030,1
93031,1
93032,0
93033,1
93034,0
93035,0
93036,0
93037,1
93038,0
93039,0
93040,1
93041,0
93042,1
93043,1
93044,0
93045,0
93046,0
93047,0
93048,1
93049,1
93050,0
93051,1
93052,0
93053,1
93054,0
93055,0
93056,1
93057,0
93058,1
93059,0
93060,0
93061,1
93062,1
93063,0
93064,1
93065,0
93066,1
93067,0
93068,0
93069,0
93070,0
93071,1
93072,0
93073,1
93074,0
93075,1
93076,1
93077,1
93078,0
93079,0
93080,0
93081,0
93082,0
93083,0
93084,0
93085,0
93086,1
93087,0
93088,0
93089,0
93090,0
93091,0
93092,1
93093,0
93094,1
93095,0
93096,0
93097,0
93098,1
93099,1
93100,1
93101,1
93102,0
93103,0
93104,1
93105,1
93106,0
93107,0
93108,1
93109,0
93110,1
93111,1
93112,1
93113,0
93114,1
93115,1
93116,0
93117,1
93118,0
93119,0
93120,0
93121,0
93122,0
93123,1
93124,0
93125,1
93126,0
93127,0
93128,1
93129,1
93130,0
93131,1
93132,0
93133,0
93134,0
93135,1
93136,0
93137,1
93138,1
93139,1
93140,1
93141,1
93142,1
93143,0
93144,0
93145,0
93146,1
93147,1
93148,1
93149,0
93150,0
93151,0
93152,0
93153,1
93154,1
93155,1
93156,0
93157,1
93158,0
93159,0
93160,0
93161,0
93162,1
93163,1
93164,0
93165,0
93166,0
93167,0
93168,1
93169,0
93170,1
93171,1
93172,1
93173,1
93174,1
93175,0
93176,0
93177,0
93178,0
93179,0
93180,1
93181,1
93182,1
93183,0
93184,0
93185,1
93186,1
93187,0
93188,0
93189,0
93190,0
93191,1
93192,0
93193,1
93194,0
93195,0
93196,0
93197,1
93198,0
93199,0
93200,1
93201,1
93202,0
93203,1
93204,1
93205,1
93206,0
93207,1
93208,0
93209,1
93210,1
93211,1
93212,0
93213,1
93214,1
93215,0
93216,0
93217,0
93218,0
93219,1
93220,0
93221,1
93222,1
93223,1
93224,1
93225,0
93226,1
93227,1
93228,0
93229,1
93230,0
93231,0
93232,1
93233,0
93234,1
93235,0
93236,1
93237,0
93238,1
93239,1
93240,0
93241,1
93242,1
93243,0
93244,0
93245,1
93246,0
93247,0
93248,0
93249,0
93250,1
93251,1
93252,0
93253,1
93254,1
93255,1
93256,1
93257,0
93258,1
93259,1
93260,1
93261,1
93262,1
93263,1
93264,1
93265,1
93266,1
93267,1
93268,1
93269,1
93270,1
93271,0
93272,0
93273,0
93274,1
93275,0
93276,0
93277,0
93278,1
93279,0
93280,0
93281,1
93282,0
93283,1
93284,1
93285,0
93286,0
93287,1
93288,0
93289,1
93290,1
93291,0
93292,1
93293,0
93294,1
93295,1
93296,1
93297,1
93298,0
93299,1
93300,1
93301,0
93302,0
93303,1
93304,0
93305,1
93306,0
93307,0
93308,0
93309,1
93310,1
93311,0
93312,1
93313,1
93314,0
93315,0
93316,0
93317,0
93318,0
93319,1
93320,0
93321,0
93322,1
93323,0
93324,0
93325,1
93326,1
93327,1
93328,0
93329,1
93330,0
93331,0
93332,0
93333,1
93334,1
93335,1
93336,1
93337,0
93338,0
93339,0
93340,0
93341,0
93342,1
93343,0
93344,1
93345,1
93346,0
93347,1
93348,0
93349,0
93350,0
93351,1
93352,0
93353,0
93354,1
93355,1
93356,1
93357,0
93358,1
93359,1
93360,0
93361,0
93362,0
93363,0
93364,0
93365,0
93366,1
93367,0
93368,1
93369,1
93370,1
93371,0
93372,1
93373,0
93374,1
93375,1
93376,1
93377,0
93378,0
93379,1
93380,1
93381,0
93382,0
93383,0
93384,1
93385,0
93386,1
93387,1
93388,1
93389,1
93390,0
93391,0
93392,0
93393,1
93394,1
93395,0
93396,0
93397,1
93398,0
93399,1
93400,0
93401,1
93402,0
93403,1
93404,0
93405,1
93406,1
93407,1
93408,1
93409,0
93410,1
93411,1
93412,0
93413,1
93414,0
93415,0
93416,0
93417,1
93418,1
93419,0
93420,1
93421,1
93422,1
93423,0
93424,0
93425,1
93426,1
93427,0
93428,0
93429,1
93430,1
93431,0
93432,0
93433,0
93434,1
93435,0
93436,1
93437,0
93438,1
93439,1
93440,1
93441,0
93442,1
93443,1
93444,0
93445,1
93446,0
93447,0
93448,1
93449,0
93450,0
93451,1
93452,0
93453,0
93454,0
93455,0
93456,1
93457,1
93458,0
93459,0
93460,0
93461,1
93462,1
93463,1
93464,0
93465,0
93466,1
93467,0
93468,1
93469,0
93470,1
93471,0
93472,1
93473,1
93474,0
93475,1
93476,1
93477,0
93478,1
93479,1
93480,0
93481,0
93482,1
93483,0
93484,0
93485,1
93486,0
93487,1
93488,0
93489,0
93490,0
93491,0
93492,1
93493,1
93494,0
93495,0
93496,0
93497,0
93498,1
93499,1
93500,1
93501,1
93502,1
93503,1
93504,1
93505,0
93506,0
93507,1
93508,0
93509,0
93510,1
93511,1
93512,1
93513,0
93514,0
93515,1
93516,1
93517,0
93518,1
93519,0
93520,1
93521,1
93522,0
93523,0
93524,0
93525,0
93526,0
93527,0
93528,1
93529,0
93530,1
93531,1
93532,0
93533,1
93534,0
93535,1
93536,1
93537,0
93538,0
93539,0
93540,0
93541,1
93542,1
93543,1
93544,0
93545,1
93546,1
93547,1
93548,0
93549,0
93550,0
93551,0
93552,1
93553,1
93554,0
93555,0
93556,0
93557,1
93558,1
93559,0
93560,1
93561,0
93562,1
93563,1
93564,0
93565,0
93566,0
93567,0
93568,1
93569,1
93570,0
93571,0
93572,0
93573,0
93574,0
93575,0
93576,1
93577,0
93578,1
93579,1
93580,1
93581,1
93582,1
93583,1
93584,1
93585,1
93586,1
93587,0
93588,1
93589,0
93590,1
93591,0
93592,0
93593,0
93594,0
93595,1
93596,1
93597,1
93598,1
93599,0
93600,0
93601,1
93602,1
93603,0
93604,0
93605,1
93606,0
93607,1
93608,1
93609,0
93610,1
93611,1
93612,0
93613,0
93614,1
93615,0
93616,1
93617,0
93618,0
93619,1
93620,0
93621,0
93622,1
93623,0
93624,1
93625,0
93626,0
93627,0
93628,0
93629,1
93630,0
93631,0
93632,0
93633,1
93634,1
93635,0
93636,0
93637,1
93638,1
93639,1
93640,1
93641,0
93642,1
93643,1
93644,1
93645,1
93646,0
93647,0
93648,1
93649,1
93650,0
93651,0
93652,1
93653,0
93654,0
93655,1
93656,1
93657,1
93658,0
93659,0
93660,0
93661,0
93662,1
93663,1
93664,0
93665,0
93666,0
93667,1
93668,0
93669,0
93670,1
93671,1
93672,1
93673,0
93674,0
93675,1
93676,0
93677,1
93678,1
93679,1
93680,0
93681,1
93682,1
93683,0
93684,0
93685,0
93686,1
93687,0
93688,0
93689,1
93690,0
93691,1
93692,1
93693,1
93694,1
93695,0
93696,1
93697,1
93698,0
93699,1
93700,0
93701,1
93702,1
93703,1
93704,1
93705,1
93706,1
93707,0
93708,0
93709,0
93710,1
93711,1
93712,1
93713,0
93714,1
93715,1
93716,0
93717,0
93718,1
93719,0
93720,1
93721,1
93722,1
93723,1
93724,0
93725,1
93726,0
93727,0
93728,0
93729,0
93730,0
93731,0
93732,0
93733,0
93734,0
93735,0
93736,0
93737,1
93738,0
93739,0
93740,0
93741,1
93742,0
93743,0
93744,1
93745,1
93746,1
93747,1
93748,0
93749,0
93750,0
93751,0
93752,0
93753,0
93754,1
93755,0
93756,1
93757,0
93758,0
93759,0
93760,1
93761,0
93762,1
93763,0
93764,0
93765,0
93766,0
93767,0
93768,0
93769,0
93770,1
93771,1
93772,1
93773,0
93774,0
93775,1
93776,1
93777,1
93778,0
93779,1
93780,1
93781,1
93782,1
93783,1
93784,0
93785,1
93786,0
93787,1
93788,1
93789,0
93790,1
93791,1
93792,1
93793,0
93794,1
93795,1
93796,1
93797,1
93798,0
93799,1
93800,0
93801,1
93802,1
93803,0
93804,0
93805,0
93806,1
93807,0
93808,1
93809,1
93810,0
93811,1
93812,1
93813,1
93814,0
93815,0
93816,0
93817,0
93818,0
93819,1
93820,1
93821,1
93822,0
93823,1
93824,1
93825,1
93826,1
93827,0
93828,1
93829,0
93830,1
93831,1
93832,1
93833,0
93834,1
93835,0
93836,0
93837,1
93838,0
93839,0
93840,1
93841,1
93842,1
93843,1
93844,0
93845,1
93846,0
93847,1
93848,0
93849,1
93850,0
93851,1
93852,1
93853,1
93854,0
93855,0
93856,0
93857,1
93858,1
93859,1
93860,1
93861,1
93862,0
93863,0
93864,1
93865,0
93866,1
93867,0
93868,0
93869,1
93870,0
93871,0
93872,1
93873,1
93874,0
93875,0
93876,0
93877,0
93878,0
93879,0
93880,1
93881,0
93882,0
93883,1
93884,0
93885,1
93886,1
93887,0
93888,0
93889,0
93890,1
93891,0
93892,1
93893,0
93894,0
93895,1
93896,1
93897,0
93898,1
93899,0
93900,1
93901,1
93902,1
93903,0
93904,1
93905,0
93906,0
93907,1
93908,1
93909,0
93910,1
93911,1
93912,0
93913,1
93914,1
93915,1
93916,0
93917,1
93918,1
93919,1
93920,0
93921,1
93922,1
93923,0
93924,1
93925,0
93926,0
93927,1
93928,0
93929,1
93930,0
93931,0
93932,0
93933,1
93934,1
93935,0
93936,1
93937,1
93938,1
93939,0
93940,1
93941,1
93942,1
93943,1
93944,0
93945,0
93946,0
93947,0
93948,0
93949,1
93950,0
93951,1
93952,0
93953,1
93954,1
93955,0
93956,1
93957,0
93958,0
93959,0
93960,1
93961,1
93962,1
93963,0
93964,0
93965,0
93966,1
93967,1
93968,0
93969,0
93970,0
93971,1
93972,0
93973,1
93974,0
93975,0
93976,0
93977,0
93978,1
93979,0
93980,1
93981,0
93982,1
93983,0
93984,0
93985,0
93986,1
93987,0
93988,1
93989,1
93990,1
93991,1
93992,1
93993,0
93994,1
93995,0
93996,0
93997,0
93998,1
93999,0
94000,0
94001,1
94002,0
94003,1
94004,0
94005,1
94006,1
94007,0
94008,0
94009,1
94010,1
94011,0
94012,1
94013,1
94014,1
94015,1
94016,1
94017,0
94018,0
94019,0
94020,0
94021,1
94022,0
94023,0
94024,0
94025,1
94026,1
94027,1
94028,0
94029,1
94030,0
94031,0
94032,1
94033,0
94034,0
94035,0
94036,1
94037,1
94038,0
94039,0
94040,1
94041,1
94042,0
94043,1
94044,1
94045,0
94046,0
94047,0
94048,0
94049,1
94050,1
94051,0
94052,1
94053,1
94054,0
94055,1
94056,0
94057,1
94058,0
94059,1
94060,1
94061,1
94062,1
94063,0
94064,1
94065,1
94066,1
94067,0
94068,1
94069,0
94070,1
94071,1
94072,0
94073,1
94074,0
94075,1
94076,0
94077,0
94078,1
94079,0
94080,1
94081,0
94082,0
94083,0
94084,0
94085,1
94086,0
94087,1
94088,1
94089,1
94090,0
94091,0
94092,0
94093,0
94094,1
94095,1
94096,1
94097,0
94098,1
94099,0
94100,0
94101,0
94102,1
94103,0
94104,0
94105,1
94106,0
94107,1
94108,0
94109,1
94110,0
94111,1
94112,0
94113,1
94114,0
94115,1
94116,0
94117,1
94118,0
94119,0
94120,1
94121,1
94122,1
94123,0
94124,0
94125,0
94126,1
94127,1
94128,0
94129,1
94130,0
94131,1
94132,1
94133,1
94134,0
94135,0
94136,1
94137,1
94138,0
94139,1
94140,1
94141,0
94142,1
94143,1
94144,1
94145,1
94146,1
94147,0
94148,0
94149,1
94150,1
94151,1
94152,0
94153,1
94154,0
94155,0
94156,1
94157,1
94158,1
94159,1
94160,1
94161,0
94162,0
94163,1
94164,1
94165,0
94166,1
94167,0
94168,0
94169,1
94170,1
94171,0
94172,1
94173,0
94174,1
94175,0
94176,1
94177,0
94178,1
94179,1
94180,0
94181,1
94182,0
94183,0
94184,1
94185,0
94186,0
94187,1
94188,0
94189,1
94190,1
94191,0
94192,1
94193,1
94194,1
94195,0
94196,0
94197,1
94198,0
94199,0
94200,1
94201,1
94202,1
94203,1
94204,0
94205,1
94206,1
94207,1
94208,0
94209,0
94210,1
94211,0
94212,1
94213,0
94214,0
94215,0
94216,1
94217,1
94218,1
94219,0
94220,0
94221,1
94222,1
94223,0
94224,1
94225,1
94226,0
94227,0
94228,1
94229,1
94230,1
94231,0
94232,0
94233,1
94234,0
94235,0
94236,1
94237,1
94238,1
94239,0
94240,1
94241,0
94242,0
94243,0
94244,0
94245,0
94246,1
94247,1
94248,1
94249,1
94250,1
94251,0
94252,1
94253,0
94254,0
94255,0
94256,0
94257,0
94258,0
94259,0
94260,1
94261,0
94262,0
94263,0
94264,1
94265,1
94266,1
94267,1
94268,1
94269,0
94270,0
94271,0
94272,1
94273,1
94274,1
94275,0
94276,1
94277,1
94278,0
94279,0
94280,1
94281,1
94282,0
94283,1
94284,1
94285,1
94286,0
94287,0
94288,0
94289,1
94290,0
94291,1
94292,1
94293,1
94294,1
94295,0
94296,1
94297,0
94298,0
94299,0
94300,0
94301,1
94302,0
94303,1
94304,0
94305,1
94306,1
94307,1
94308,0
94309,0
94310,1
94311,1
94312,1
94313,0
94314,1
94315,0
94316,0
94317,0
94318,0
94319,1
94320,0
94321,0
94322,0
94323,1
94324,1
94325,0
94326,1
94327,0
94328,1
94329,1
94330,1
94331,0
94332,0
94333,0
94334,0
94335,0
94336,1
94337,0
94338,1
94339,0
94340,0
94341,1
94342,1
94343,0
94344,1
94345,0
94346,0
94347,0
94348,0
94349,1
94350,1
94351,0
94352,1
94353,0
94354,0
94355,0
94356,1
94357,1
94358,0
94359,1
94360,1
94361,0
94362,1
94363,0
94364,1
94365,0
94366,1
94367,1
94368,0
94369,0
94370,0
94371,0
94372,1
94373,0
94374,1
94375,0
94376,0
94377,1
94378,1
94379,1
94380,0
94381,1
94382,0
94383,1
94384,1
94385,0
94386,1
94387,0
94388,1
94389,0
94390,1
94391,1
94392,0
94393,1
94394,0
94395,0
94396,1
94397,0
94398,0
94399,1
94400,1
94401,1
94402,0
94403,0
94404,0
94405,1
94406,1
94407,1
94408,0
94409,1
94410,1
94411,0
94412,0
94413,0
94414,0
94415,0
94416,0
94417,1
94418,1
94419,1
94420,0
94421,0
94422,0
94423,0
94424,1
94425,0
94426,0
94427,1
94428,1
94429,1
94430,1
94431,0
94432,0
94433,0
94434,0
94435,1
94436,0
94437,0
94438,1
94439,0
94440,1
94441,0
94442,0
94443,0
94444,1
94445,0
94446,0
94447,0
94448,1
94449,0
94450,1
94451,1
94452,1
94453,1
94454,1
94455,1
94456,0
94457,0
94458,1
94459,0
94460,0
94461,0
94462,0
94463,1
94464,1
94465,1
94466,0
94467,1
94468,0
94469,0
94470,1
94471,0
94472,1
94473,1
94474,1
94475,0
94476,0
94477,0
94478,1
94479,0
94480,0
94481,1
94482,1
94483,0
94484,0
94485,0
94486,1
94487,1
94488,1
94489,1
94490,0
94491,0
94492,0
94493,1
94494,0
94495,1
94496,1
94497,1
94498,0
94499,0
94500,1
94501,1
94502,1
94503,0
94504,0
94505,0
94506,0
94507,1
94508,0
94509,1
94510,0
94511,1
94512,1
94513,0
94514,1
94515,0
94516,1
94517,1
94518,0
94519,0
94520,0
94521,0
94522,1
94523,0
94524,1
94525,1
94526,1
94527,0
94528,1
94529,0
94530,0
94531,0
94532,1
94533,0
94534,1
94535,1
94536,0
94537,1
94538,1
94539,1
94540,0
94541,0
94542,1
94543,0
94544,1
94545,1
94546,1
94547,1
94548,0
94549,0
94550,0
94551,1
94552,1
94553,0
94554,0
94555,1
94556,1
94557,1
94558,1
94559,0
94560,0
94561,0
94562,1
94563,0
94564,0
94565,0
94566,0
94567,0
94568,1
94569,1
94570,0
94571,1
94572,1
94573,1
94574,0
94575,1
94576,0
94577,0
94578,0
94579,1
94580,0
94581,1
94582,0
94583,0
94584,0
94585,0
94586,0
94587,1
94588,0
94589,0
94590,1
94591,0
94592,0
94593,1
94594,0
94595,1
94596,0
94597,0
94598,0
94599,0
94600,0
94601,1
94602,0
94603,0
94604,1
94605,1
94606,0
94607,1
94608,0
94609,0
94610,1
94611,0
94612,1
94613,1
94614,1
94615,0
94616,0
94617,1
94618,0
94619,0
94620,0
94621,0
94622,0
94623,0
94624,0
94625,1
94626,1
94627,1
94628,0
94629,1
94630,1
94631,1
94632,0
94633,1
94634,0
94635,1
94636,1
94637,0
94638,1
94639,1
94640,1
94641,1
94642,0
94643,1
94644,1
94645,1
94646,1
94647,1
94648,1
94649,0
94650,1
94651,0
94652,0
94653,1
94654,0
94655,1
94656,1
94657,1
94658,0
94659,1
94660,1
94661,1
94662,1
94663,1
94664,0
94665,1
94666,1
94667,1
94668,0
94669,0
94670,1
94671,1
94672,1
94673,0
94674,1
94675,0
94676,1
94677,0
94678,0
94679,0
94680,0
94681,1
94682,1
94683,1
94684,1
94685,1
94686,0
94687,0
94688,0
94689,1
94690,0
94691,0
94692,1
94693,1
94694,1
94695,0
94696,0
94697,1
94698,0
94699,0
94700,0
94701,1
94702,0
94703,1
94704,1
94705,1
94706,1
94707,0
94708,0
94709,0
94710,1
94711,0
94712,0
94713,1
94714,1
94715,1
94716,1
94717,0
94718,1
94719,0
94720,0
94721,0
94722,0
94723,0
94724,0
94725,1
94726,0
94727,0
94728,0
94729,1
94730,1
94731,1
94732,1
94733,1
94734,0
94735,1
94736,1
94737,0
94738,0
94739,1
94740,0
94741,0
94742,0
94743,0
94744,1
94745,0
94746,0
94747,1
94748,0
94749,0
94750,1
94751,0
94752,0
94753,1
94754,0
94755,0
94756,1
94757,1
94758,0
94759,1
94760,1
94761,1
94762,0
94763,0
94764,1
94765,0
94766,1
94767,0
94768,1
94769,0
94770,0
94771,0
94772,1
94773,1
94774,0
94775,0
94776,1
94777,0
94778,0
94779,0
94780,1
94781,1
94782,1
94783,1
94784,1
94785,1
94786,0
94787,1
94788,0
94789,1
94790,1
94791,1
94792,0
94793,1
94794,1
94795,1
94796,0
94797,1
94798,1
94799,0
94800,0
94801,1
94802,1
94803,1
94804,0
94805,0
94806,0
94807,0
94808,0
94809,0
94810,0
94811,1
94812,1
94813,0
94814,1
94815,1
94816,0
94817,1
94818,0
94819,1
94820,1
94821,1
94822,0
94823,0
94824,1
94825,0
94826,1
94827,1
94828,1
94829,1
94830,0
94831,1
94832,0
94833,1
94834,0
94835,0
94836,0
94837,1
94838,1
94839,1
94840,0
94841,1
94842,1
94843,0
94844,0
94845,0
94846,1
94847,1
94848,1
94849,0
94850,0
94851,0
94852,0
94853,0
94854,0
94855,0
94856,0
94857,0
94858,1
94859,1
94860,0
94861,0
94862,1
94863,1
94864,1
94865,0
94866,0
94867,1
94868,0
94869,1
94870,1
94871,1
94872,0
94873,0
94874,0
94875,0
94876,0
94877,1
94878,1
94879,0
94880,0
94881,0
94882,1
94883,1
94884,1
94885,1
94886,0
94887,1
94888,0
94889,1
94890,1
94891,0
94892,0
94893,1
94894,0
94895,1
94896,1
94897,1
94898,0
94899,1
94900,1
94901,1
94902,1
94903,0
94904,1
94905,0
94906,0
94907,0
94908,0
94909,0
94910,1
94911,0
94912,1
94913,0
94914,0
94915,0
94916,0
94917,0
94918,1
94919,0
94920,1
94921,1
94922,0
94923,1
94924,0
94925,0
94926,0
94927,0
94928,1
94929,1
94930,1
94931,0
94932,1
94933,1
94934,1
94935,1
94936,0
94937,0
94938,1
94939,0
94940,0
94941,1
94942,0
94943,1
94944,1
94945,0
94946,0
94947,0
94948,0
94949,1
94950,0
94951,0
94952,0
94953,1
94954,0
94955,1
94956,0
94957,0
94958,0
94959,1
94960,0
94961,1
94962,0
94963,0
94964,0
94965,1
94966,0
94967,1
94968,1
94969,1
94970,0
94971,1
94972,0
94973,1
94974,0
94975,0
94976,0
94977,0
94978,0
94979,0
94980,1
94981,1
94982,1
94983,0
94984,0
94985,1
94986,0
94987,0
94988,0
94989,1
94990,1
94991,1
94992,1
94993,1
94994,0
94995,1
94996,0
94997,1
94998,1
94999,0
95000,0
95001,1
95002,1
95003,1
95004,1
95005,1
95006,1
95007,1
95008,1
95009,1
95010,1
95011,1
95012,0
95013,0
95014,0
95015,0
95016,1
95017,1
95018,0
95019,1
95020,0
95021,1
95022,0
95023,1
95024,0
95025,1
95026,1
95027,1
95028,0
95029,0
95030,0
95031,0
95032,0
95033,1
95034,0
95035,0
95036,0
95037,0
95038,0
95039,0
95040,1
95041,0
95042,1
95043,0
95044,1
95045,0
95046,0
95047,0
95048,0
95049,0
95050,0
95051,0
95052,0
95053,1
95054,0
95055,1
95056,1
95057,1
95058,1
95059,1
95060,0
95061,0
95062,1
95063,0
95064,1
95065,0
95066,0
95067,1
95068,0
95069,0
95070,0
95071,0
95072,0
95073,1
95074,0
95075,1
95076,1
95077,1
95078,0
95079,1
95080,1
95081,0
95082,1
95083,0
95084,1
95085,0
95086,0
95087,0
95088,1
95089,1
95090,0
95091,0
95092,0
95093,1
95094,0
95095,0
95096,0
95097,0
95098,0
95099,1
95100,0
95101,1
95102,1
95103,0
95104,1
95105,1
95106,1
95107,0
95108,0
95109,1
95110,0
95111,0
95112,0
95113,0
95114,0
95115,1
95116,0
95117,0
95118,1
95119,0
95120,0
95121,0
95122,1
95123,1
95124,1
95125,0
95126,1
95127,0
95128,0
95129,0
95130,1
95131,0
95132,1
95133,1
95134,1
95135,1
95136,1
95137,1
95138,0
95139,1
95140,1
95141,1
95142,0
95143,1
95144,0
95145,0
95146,0
95147,0
95148,0
95149,1
95150,1
95151,1
95152,0
95153,1
95154,1
95155,0
95156,0
95157,0
95158,1
95159,0
95160,1
95161,1
95162,1
95163,1
95164,1
95165,1
95166,0
95167,0
95168,1
95169,0
95170,1
95171,1
95172,0
95173,1
95174,1
95175,1
95176,0
95177,1
95178,0
95179,1
95180,0
95181,0
95182,0
95183,1
95184,0
95185,0
95186,1
95187,0
95188,0
95189,1
95190,0
95191,0
95192,1
95193,0
95194,1
95195,0
95196,0
95197,0
95198,0
95199,0
95200,1
95201,0
95202,1
95203,0
95204,0
95205,0
95206,1
95207,0
95208,1
95209,1
95210,1
95211,1
95212,0
95213,1
95214,0
95215,1
95216,0
95217,1
95218,1
95219,0
95220,1
95221,0
95222,1
95223,0
95224,0
95225,1
95226,0
95227,0
95228,1
95229,0
95230,0
95231,0
95232,1
95233,1
95234,1
95235,0
95236,1
95237,1
95238,1
95239,1
95240,0
95241,0
95242,1
95243,0
95244,1
95245,1
95246,0
95247,1
95248,1
95249,0
95250,0
95251,1
95252,1
95253,1
95254,1
95255,0
95256,1
95257,0
95258,1
95259,1
95260,1
95261,0
95262,1
95263,0
95264,1
95265,1
95266,1
95267,1
95268,1
95269,0
95270,1
95271,1
95272,0
95273,0
95274,1
95275,1
95276,0
95277,1
95278,1
95279,1
95280,0
95281,1
95282,0
95283,0
95284,0
95285,0
95286,1
95287,1
95288,0
95289,1
95290,0
95291,0
95292,0
95293,1
95294,0
95295,1
95296,1
95297,1
95298,0
95299,0
95300,1
95301,0
95302,0
95303,1
95304,1
95305,1
95306,0
95307,1
95308,1
95309,1
95310,0
95311,0
95312,1
95313,1
95314,0
95315,1
95316,0
95317,0
95318,1
95319,1
95320,1
95321,0
95322,1
95323,0
95324,0
95325,0
95326,0
95327,0
95328,0
95329,0
95330,0
95331,1
95332,0
95333,0
95334,0
95335,0
95336,1
95337,1
95338,0
95339,0
95340,0
95341,0
95342,0
95343,1
95344,1
95345,0
95346,0
95347,1
95348,1
95349,1
95350,0
95351,1
95352,1
95353,1
95354,0
95355,0
95356,1
95357,0
95358,1
95359,0
95360,0
95361,1
95362,0
95363,0
95364,0
95365,0
95366,0
95367,1
95368,0
95369,1
95370,0
95371,1
95372,0
95373,1
95374,1
95375,0
95376,1
95377,0
95378,1
95379,0
95380,1
95381,1
95382,1
95383,1
95384,1
95385,1
95386,0
95387,0
95388,1
95389,1
95390,0
95391,0
95392,0
95393,0
95394,1
95395,1
95396,0
95397,1
95398,1
95399,0
95400,1
95401,0
95402,1
95403,0
95404,1
95405,1
95406,0
95407,1
95408,0
95409,0
95410,1
95411,1
95412,1
95413,0
95414,1
95415,0
95416,0
95417,1
95418,0
95419,0
95420,1
95421,0
95422,0
95423,0
95424,0
95425,0
95426,1
95427,1
95428,1
95429,1
95430,0
95431,0
95432,1
95433,1
95434,1
95435,0
95436,0
95437,1
95438,1
95439,0
95440,1
95441,0
95442,0
95443,0
95444,0
95445,0
95446,0
95447,1
95448,1
95449,1
95450,0
95451,0
95452,1
95453,1
95454,1
95455,0
95456,1
95457,0
95458,1
95459,0
95460,1
95461,1
95462,1
95463,1
95464,0
95465,1
95466,1
95467,0
95468,0
95469,1
95470,0
95471,0
95472,0
95473,1
95474,0
95475,0
95476,1
95477,1
95478,0
95479,1
95480,0
95481,1
95482,0
95483,0
95484,1
95485,0
95486,0
95487,1
95488,0
95489,0
95490,1
95491,1
95492,1
95493,1
95494,1
95495,1
95496,1
95497,0
95498,0
95499,0
95500,1
95501,0
95502,1
95503,0
95504,0
95505,1
95506,0
95507,1
95508,0
95509,0
95510,0
95511,1
95512,0
95513,1
95514,0
95515,0
95516,1
95517,0
95518,1
95519,1
95520,1
95521,0
95522,1
95523,0
95524,1
95525,1
95526,0
95527,1
95528,1
95529,1
95530,1
95531,1
95532,0
95533,1
95534,1
95535,0
95536,0
95537,0
95538,0
95539,1
95540,0
95541,1
95542,1
95543,0
95544,0
95545,1
95546,0
95547,1
95548,1
95549,0
95550,1
95551,0
95552,0
95553,1
95554,0
95555,0
95556,0
95557,1
95558,1
95559,1
95560,0
95561,1
95562,1
95563,0
95564,0
95565,1
95566,0
95567,0
95568,0
95569,1
95570,1
95571,1
95572,0
95573,0
95574,1
95575,1
95576,1
95577,1
95578,1
95579,0
95580,1
95581,1
95582,1
95583,1
95584,1
95585,1
95586,0
95587,0
95588,0
95589,0
95590,0
95591,0
95592,1
95593,1
95594,0
95595,1
95596,1
95597,1
95598,0
95599,0
95600,1
95601,1
95602,0
95603,1
95604,0
95605,1
95606,0
95607,1
95608,1
95609,0
95610,1
95611,0
95612,0
95613,1
95614,0
95615,0
95616,1
95617,1
95618,0
95619,0
95620,1
95621,1
95622,0
95623,1
95624,0
95625,1
95626,0
95627,1
95628,1
95629,1
95630,0
95631,1
95632,1
95633,1
95634,1
95635,0
95636,0
95637,0
95638,0
95639,0
95640,1
95641,1
95642,0
95643,0
95644,1
95645,0
95646,1
95647,0
95648,0
95649,1
95650,1
95651,0
95652,1
95653,1
95654,0
95655,1
95656,0
95657,1
95658,1
95659,0
95660,0
95661,0
95662,0
95663,0
95664,0
95665,0
95666,1
95667,1
95668,0
95669,1
95670,0
95671,0
95672,1
95673,1
95674,1
95675,1
95676,0
95677,1
95678,0
95679,1
95680,0
95681,0
95682,1
95683,1
95684,1
95685,1
95686,0
95687,0
95688,1
95689,1
95690,1
95691,0
95692,0
95693,0
95694,1
95695,1
95696,0
95697,0
95698,0
95699,1
95700,0
95701,0
95702,0
95703,0
95704,0
95705,0
95706,1
95707,0
95708,1
95709,1
95710,1
95711,0
95712,1
95713,0
95714,1
95715,0
95716,1
95717,1
95718,1
95719,1
95720,1
95721,1
95722,1
95723,1
95724,1
95725,0
95726,0
95727,0
95728,1
95729,1
95730,1
95731,0
95732,1
95733,0
95734,0
95735,1
95736,0
95737,1
95738,0
95739,0
95740,0
95741,1
95742,0
95743,0
95744,0
95745,0
95746,1
95747,1
95748,0
95749,1
95750,0
95751,1
95752,1
95753,0
95754,1
95755,1
95756,0
95757,0
95758,0
95759,1
95760,1
95761,1
95762,0
95763,1
95764,1
95765,0
95766,1
95767,1
95768,1
95769,1
95770,1
95771,0
95772,0
95773,1
95774,0
95775,0
95776,1
95777,0
95778,1
95779,1
95780,0
95781,1
95782,0
95783,1
95784,1
95785,1
95786,0
95787,0
95788,0
95789,1
95790,1
95791,0
95792,1
95793,0
95794,0
95795,0
95796,1
95797,1
95798,1
95799,0
95800,0
95801,0
95802,0
95803,1
95804,1
95805,1
95806,1
95807,0
95808,1
95809,0
95810,0
95811,1
95812,1
95813,1
95814,1
95815,1
95816,0
95817,1
95818,1
95819,1
95820,0
95821,1
95822,1
95823,1
95824,1
95825,1
95826,1
95827,0
95828,1
95829,0
95830,0
95831,0
95832,1
95833,1
95834,1
95835,1
95836,0
95837,1
95838,0
95839,1
95840,1
95841,0
95842,1
95843,1
95844,1
95845,0
95846,1
95847,0
95848,0
95849,1
95850,1
95851,0
95852,1
95853,0
95854,0
95855,0
95856,0
95857,1
95858,0
95859,1
95860,0
95861,0
95862,0
95863,1
95864,0
95865,1
95866,1
95867,0
95868,0
95869,0
95870,1
95871,1
95872,0
95873,1
95874,0
95875,1
95876,1
95877,0
95878,1
95879,0
95880,1
95881,0
95882,1
95883,1
95884,1
95885,1
95886,1
95887,0
95888,1
95889,1
95890,1
95891,0
95892,0
95893,1
95894,0
95895,0
95896,1
95897,0
95898,1
95899,0
95900,0
95901,0
95902,0
95903,1
95904,0
95905,1
95906,0
95907,0
95908,1
95909,1
95910,1
95911,1
95912,1
95913,0
95914,0
95915,0
95916,0
95917,0
95918,0
95919,1
95920,1
95921,0
95922,0
95923,1
95924,1
95925,0
95926,1
95927,0
95928,1
95929,0
95930,0
95931,1
95932,1
95933,0
95934,0
95935,1
95936,0
95937,1
95938,0
95939,1
95940,0
95941,1
95942,0
95943,1
95944,0
95945,1
95946,1
95947,0
95948,0
95949,0
95950,1
95951,1
95952,1
95953,1
95954,0
95955,0
95956,0
95957,1
95958,1
95959,0
95960,1
95961,0
95962,1
95963,0
95964,0
95965,1
95966,0
95967,1
95968,1
95969,0
95970,0
95971,1
95972,1
95973,0
95974,0
95975,1
95976,0
95977,1
95978,0
95979,0
95980,0
95981,1
95982,0
95983,0
95984,1
95985,1
95986,0
95987,1
95988,1
95989,0
95990,1
95991,1
95992,0
95993,0
95994,0
95995,0
95996,1
95997,0
95998,1
95999,0
96000,0
96001,0
96002,1
96003,0
96004,1
96005,1
96006,0
96007,0
96008,1
96009,0
96010,0
96011,1
96012,1
96013,0
96014,1
96015,0
96016,1
96017,0
96018,0
96019,1
96020,1
96021,1
96022,0
96023,0
96024,0
96025,0
96026,0
96027,1
96028,1
96029,0
96030,1
96031,1
96032,1
96033,1
96034,1
96035,0
96036,0
96037,0
96038,1
96039,0
96040,0
96041,1
96042,0
96043,0
96044,0
96045,1
96046,0
96047,0
96048,0
96049,1
96050,1
96051,1
96052,0
96053,1
96054,0
96055,1
96056,1
96057,1
96058,1
96059,1
96060,0
96061,0
96062,1
96063,0
96064,0
96065,0
96066,0
96067,0
96068,1
96069,1
96070,1
96071,1
96072,1
96073,0
96074,1
96075,0
96076,1
96077,1
96078,0
96079,0
96080,1
96081,0
96082,0
96083,0
96084,0
96085,0
96086,1
96087,1
96088,0
96089,0
96090,1
96091,1
96092,1
96093,1
96094,0
96095,1
96096,1
96097,1
96098,0
96099,0
96100,0
96101,0
96102,0
96103,1
96104,0
96105,0
96106,1
96107,1
96108,1
96109,0
96110,1
96111,0
96112,0
96113,0
96114,0
96115,0
96116,1
96117,0
96118,0
96119,1
96120,0
96121,0
96122,0
96123,1
96124,1
96125,0
96126,0
96127,0
96128,0
96129,0
96130,1
96131,1
96132,1
96133,1
96134,1
96135,0
96136,0
96137,1
96138,1
96139,0
96140,1
96141,1
96142,0
96143,0
96144,1
96145,1
96146,1
96147,1
96148,0
96149,1
96150,0
96151,0
96152,1
96153,0
96154,0
96155,0
96156,1
96157,0
96158,1
96159,0
96160,0
96161,1
96162,0
96163,0
96164,1
96165,0
96166,0
96167,1
96168,0
96169,1
96170,1
96171,0
96172,1
96173,0
96174,1
96175,0
96176,1
96177,1
96178,1
96179,1
96180,0
96181,0
96182,1
96183,0
96184,1
96185,1
96186,1
96187,0
96188,1
96189,1
96190,0
96191,0
96192,0
96193,1
96194,0
96195,0
96196,1
96197,1
96198,1
96199,0
96200,1
96201,1
96202,0
96203,1
96204,1
96205,0
96206,0
96207,0
96208,1
96209,0
96210,0
96211,0
96212,1
96213,0
96214,0
96215,1
96216,1
96217,0
96218,1
96219,0
96220,1
96221,0
96222,1
96223,0
96224,1
96225,1
96226,0
96227,0
96228,0
96229,1
96230,1
96231,1
96232,0
96233,0
96234,1
96235,0
96236,1
96237,1
96238,1
96239,0
96240,0
96241,1
96242,0
96243,1
96244,1
96245,1
96246,0
96247,1
96248,1
96249,0
96250,1
96251,1
96252,1
96253,0
96254,0
96255,0
96256,1
96257,1
96258,1
96259,1
96260,0
96261,0
96262,0
96263,1
96264,1
96265,0
96266,1
96267,1
96268,0
96269,1
96270,1
96271,1
96272,1
96273,1
96274,1
96275,1
96276,1
96277,1
96278,1
96279,1
96280,0
96281,1
96282,0
96283,0
96284,1
96285,0
96286,1
96287,1
96288,1
96289,0
96290,1
96291,0
96292,1
96293,1
96294,1
96295,0
96296,1
96297,1
96298,0
96299,0
96300,1
96301,1
96302,0
96303,1
96304,0
96305,0
96306,0
96307,0
96308,1
96309,1
96310,1
96311,1
96312,0
96313,0
96314,1
96315,0
96316,0
96317,1
96318,0
96319,1
96320,0
96321,0
96322,0
96323,1
96324,1
96325,0
96326,0
96327,1
96328,1
96329,1
96330,0
96331,0
96332,0
96333,0
96334,0
96335,1
96336,1
96337,0
96338,0
96339,0
96340,0
96341,0
96342,1
96343,0
96344,0
96345,0
96346,1
96347,1
96348,1
96349,0
96350,0
96351,0
96352,0
96353,0
96354,0
96355,1
96356,1
96357,1
96358,0
96359,0
96360,0
96361,1
96362,1
96363,0
96364,1
96365,0
96366,1
96367,1
96368,1
96369,0
96370,1
96371,0
96372,0
96373,1
96374,1
96375,1
96376,1
96377,1
96378,0
96379,1
96380,1
96381,1
96382,0
96383,1
96384,0
96385,0
96386,0
96387,1
96388,0
96389,0
96390,1
96391,0
96392,1
96393,1
96394,1
96395,0
96396,1
96397,0
96398,0
96399,0
96400,1
96401,0
96402,1
96403,0
96404,0
96405,0
96406,1
96407,0
96408,0
96409,1
96410,0
96411,0
96412,0
96413,0
96414,1
96415,0
96416,1
96417,0
96418,0
96419,0
96420,0
96421,1
96422,1
96423,0
96424,1
96425,0
96426,0
96427,1
96428,1
96429,1
96430,0
96431,0
96432,1
96433,1
96434,1
96435,1
96436,1
96437,1
96438,1
96439,0
96440,0
96441,1
96442,0
96443,0
96444,0
96445,1
96446,1
96447,0
96448,1
96449,0
96450,1
96451,1
96452,1
96453,0
96454,1
96455,0
96456,1
96457,0
96458,1
96459,1
96460,1
96461,1
96462,0
96463,1
96464,1
96465,0
96466,0
96467,1
96468,1
96469,1
96470,0
96471,1
96472,0
96473,1
96474,0
96475,0
96476,0
96477,1
96478,0
96479,0
96480,0
96481,0
96482,1
96483,1
96484,1
96485,1
96486,1
96487,0
96488,1
96489,1
96490,0
96491,1
96492,0
96493,1
96494,0
96495,0
96496,0
96497,1
96498,1
96499,1
96500,1
96501,1
96502,1
96503,1
96504,1
96505,0
96506,1
96507,1
96508,0
96509,1
96510,1
96511,1
96512,0
96513,0
96514,0
96515,1
96516,0
96517,0
96518,1
96519,1
96520,0
96521,0
96522,1
96523,1
96524,1
96525,1
96526,0
96527,1
96528,1
96529,1
96530,0
96531,1
96532,1
96533,0
96534,1
96535,1
96536,1
96537,0
96538,0
96539,0
96540,0
96541,1
96542,0
96543,0
96544,1
96545,0
96546,0
96547,0
96548,0
96549,1
96550,1
96551,1
96552,0
96553,1
96554,1
96555,0
96556,0
96557,1
96558,1
96559,1
96560,0
96561,0
96562,0
96563,1
96564,0
96565,1
96566,1
96567,1
96568,1
96569,1
96570,1
96571,0
96572,1
96573,0
96574,0
96575,0
96576,1
96577,0
96578,0
96579,1
96580,1
96581,1
96582,1
96583,1
96584,1
96585,0
96586,1
96587,0
96588,1
96589,0
96590,0
96591,0
96592,1
96593,0
96594,0
96595,0
96596,1
96597,0
96598,0
96599,0
96600,1
96601,1
96602,1
96603,1
96604,1
96605,0
96606,1
96607,0
96608,0
96609,0
96610,0
96611,1
96612,1
96613,0
96614,1
96615,0
96616,1
96617,0
96618,1
96619,1
96620,0
96621,0
96622,0
96623,0
96624,0
96625,0
96626,1
96627,0
96628,1
96629,0
96630,0
96631,0
96632,0
96633,1
96634,0
96635,0
96636,1
96637,0
96638,1
96639,0
96640,1
96641,1
96642,0
96643,1
96644,0
96645,0
96646,0
96647,0
96648,0
96649,1
96650,1
96651,1
96652,1
96653,1
96654,0
96655,1
96656,0
96657,0
96658,1
96659,0
96660,1
96661,1
96662,1
96663,0
96664,1
96665,1
96666,0
96667,0
96668,1
96669,1
96670,0
96671,0
96672,0
96673,1
96674,0
96675,1
96676,0
96677,1
96678,0
96679,0
96680,0
96681,0
96682,1
96683,0
96684,1
96685,0
96686,1
96687,0
96688,1
96689,1
96690,1
96691,1
96692,0
96693,1
96694,0
96695,0
96696,1
96697,1
96698,1
96699,0
96700,1
96701,0
96702,0
96703,0
96704,0
96705,0
96706,1
96707,0
96708,0
96709,0
96710,1
96711,0
96712,0
96713,1
96714,1
96715,0
96716,0
96717,0
96718,0
96719,1
96720,1
96721,1
96722,1
96723,0
96724,1
96725,1
96726,1
96727,0
96728,1
96729,1
96730,0
96731,0
96732,1
96733,1
96734,1
96735,0
96736,1
96737,1
96738,1
96739,1
96740,1
96741,1
96742,1
96743,0
96744,1
96745,0
96746,0
96747,1
96748,1
96749,1
96750,0
96751,0
96752,1
96753,1
96754,1
96755,1
96756,1
96757,1
96758,0
96759,1
96760,0
96761,0
96762,0
96763,0
96764,1
96765,1
96766,0
96767,1
96768,1
96769,1
96770,0
96771,0
96772,0
96773,1
96774,0
96775,1
96776,1
96777,1
96778,0
96779,0
96780,0
96781,1
96782,0
96783,0
96784,1
96785,0
96786,1
96787,0
96788,0
96789,0
96790,1
96791,0
96792,1
96793,0
96794,1
96795,1
96796,0
96797,1
96798,0
96799,0
96800,0
96801,1
96802,0
96803,1
96804,0
96805,1
96806,0
96807,1
96808,1
96809,0
96810,1
96811,0
96812,0
96813,1
96814,0
96815,1
96816,1
96817,1
96818,1
96819,1
96820,1
96821,1
96822,0
96823,0
96824,0
96825,0
96826,0
96827,1
96828,1
96829,0
96830,0
96831,1
96832,0
96833,1
96834,0
96835,1
96836,1
96837,0
96838,1
96839,1
96840,0
96841,1
96842,0
96843,0
96844,1
96845,1
96846,0
96847,1
96848,1
96849,1
96850,0
96851,1
96852,0
96853,1
96854,0
96855,0
96856,0
96857,1
96858,1
96859,1
96860,1
96861,0
96862,0
96863,0
96864,1
96865,1
96866,1
96867,0
96868,0
96869,1
96870,0
96871,1
96872,0
96873,1
96874,1
96875,0
96876,1
96877,1
96878,1
96879,0
96880,0
96881,0
96882,0
96883,0
96884,0
96885,0
96886,0
96887,1
96888,0
96889,1
96890,0
96891,1
96892,1
96893,1
96894,0
96895,0
96896,1
96897,1
96898,1
96899,0
96900,0
96901,1
96902,1
96903,0
96904,0
96905,0
96906,0
96907,0
96908,1
96909,0
96910,0
96911,0
96912,0
96913,0
96914,1
96915,1
96916,1
96917,0
96918,0
96919,1
96920,0
96921,1
96922,1
96923,0
96924,0
96925,1
96926,0
96927,1
96928,1
96929,1
96930,1
96931,0
96932,0
96933,1
96934,0
96935,1
96936,1
96937,0
96938,1
96939,0
96940,1
96941,0
96942,0
96943,0
96944,0
96945,0
96946,0
96947,0
96948,0
96949,0
96950,0
96951,1
96952,1
96953,1
96954,1
96955,1
96956,1
96957,0
96958,1
96959,0
96960,0
96961,0
96962,1
96963,0
96964,0
96965,0
96966,0
96967,0
96968,1
96969,1
96970,0
96971,0
96972,1
96973,1
96974,0
96975,0
96976,0
96977,1
96978,1
96979,0
96980,1
96981,0
96982,0
96983,1
96984,0
96985,1
96986,1
96987,1
96988,0
96989,0
96990,0
96991,0
96992,1
96993,0
96994,1
96995,0
96996,1
96997,1
96998,1
96999,1
97000,1
97001,0
97002,1
97003,0
97004,1
97005,1
97006,0
97007,1
97008,1
97009,0
97010,1
97011,1
97012,0
97013,1
97014,1
97015,1
97016,1
97017,1
97018,0
97019,0
97020,0
97021,1
97022,1
97023,1
97024,0
97025,0
97026,0
97027,1
97028,0
97029,0
97030,0
97031,1
97032,0
97033,0
97034,0
97035,0
97036,0
97037,0
97038,0
97039,1
97040,0
97041,0
97042,0
97043,1
97044,0
97045,1
97046,1
97047,0
97048,0
97049,1
97050,0
97051,1
97052,0
97053,1
97054,1
97055,1
97056,1
97057,0
97058,0
97059,0
97060,0
97061,1
97062,1
97063,0
97064,0
97065,1
97066,0
97067,0
97068,0
97069,1
97070,0
97071,1
97072,1
97073,0
97074,0
97075,1
97076,0
97077,0
97078,0
97079,0
97080,0
97081,1
97082,0
97083,1
97084,0
97085,0
97086,0
97087,0
97088,0
97089,0
97090,0
97091,0
97092,1
97093,0
97094,1
97095,1
97096,1
97097,1
97098,0
97099,0
97100,1
97101,1
97102,0
97103,1
97104,0
97105,0
97106,0
97107,0
97108,1
97109,1
97110,0
97111,0
97112,1
97113,0
97114,1
97115,0
97116,0
97117,1
97118,1
97119,1
97120,1
97121,1
97122,0
97123,0
97124,0
97125,1
97126,1
97127,0
97128,1
97129,0
97130,0
97131,1
97132,1
97133,1
97134,0
97135,0
97136,0
97137,0
97138,0
97139,0
97140,0
97141,0
97142,1
97143,1
97144,0
97145,1
97146,0
97147,0
97148,0
97149,1
97150,0
97151,1
97152,1
97153,1
97154,0
97155,1
97156,1
97157,0
97158,0
97159,1
97160,0
97161,0
97162,1
97163,1
97164,1
97165,1
97166,0
97167,0
97168,0
97169,0
97170,0
97171,1
97172,1
97173,0
97174,1
97175,0
97176,0
97177,0
97178,0
97179,1
97180,1
97181,0
97182,1
97183,1
97184,0
97185,0
97186,0
97187,1
97188,0
97189,1
97190,0
97191,1
97192,1
97193,0
97194,1
97195,1
97196,1
97197,1
97198,0
97199,0
97200,0
97201,1
97202,1
97203,1
97204,1
97205,0
97206,0
97207,1
97208,1
97209,1
97210,0
97211,0
97212,1
97213,1
97214,0
97215,0
97216,0
97217,1
97218,1
97219,1
97220,1
97221,1
97222,0
97223,1
97224,0
97225,1
97226,0
97227,0
97228,0
97229,0
97230,0
97231,0
97232,0
97233,0
97234,1
97235,0
97236,0
97237,0
97238,1
97239,1
97240,1
97241,0
97242,1
97243,0
97244,1
97245,0
97246,1
97247,0
97248,1
97249,0
97250,0
97251,1
97252,1
97253,0
97254,1
97255,0
97256,0
97257,1
97258,0
97259,0
97260,1
97261,1
97262,0
97263,1
97264,0
97265,0
97266,1
97267,1
97268,1
97269,0
97270,1
97271,0
97272,0
97273,1
97274,0
97275,1
97276,1
97277,1
97278,0
97279,0
97280,0
97281,0
97282,0
97283,1
97284,0
97285,1
97286,1
97287,1
97288,0
97289,1
97290,1
97291,0
97292,1
97293,1
97294,0
97295,1
97296,0
97297,0
97298,1
97299,1
97300,0
97301,1
97302,1
97303,0
97304,0
97305,0
97306,0
97307,1
97308,0
97309,1
97310,0
97311,1
97312,0
97313,0
97314,1
97315,0
97316,0
97317,0
97318,1
97319,0
97320,1
97321,0
97322,1
97323,1
97324,0
97325,1
97326,1
97327,0
97328,0
97329,1
97330,1
97331,0
97332,0
97333,1
97334,0
97335,0
97336,1
97337,1
97338,1
97339,0
97340,1
97341,0
97342,0
97343,0
97344,1
97345,1
97346,0
97347,0
97348,0
97349,0
97350,1
97351,0
97352,1
97353,1
97354,0
97355,0
97356,0
97357,1
97358,0
97359,1
97360,0
97361,1
97362,1
97363,1
97364,1
97365,1
97366,0
97367,1
97368,1
97369,0
97370,1
97371,0
97372,0
97373,0
97374,0
97375,0
97376,0
97377,1
97378,1
97379,0
97380,1
97381,0
97382,1
97383,0
97384,0
97385,1
97386,0
97387,1
97388,0
97389,1
97390,0
97391,0
97392,1
97393,0
97394,0
97395,0
97396,1
97397,0
97398,1
97399,0
97400,0
97401,1
97402,1
97403,1
97404,1
97405,0
97406,1
97407,1
97408,1
97409,1
97410,0
97411,1
97412,1
97413,0
97414,1
97415,1
97416,1
97417,0
97418,1
97419,1
97420,1
97421,0
97422,1
97423,0
97424,0
97425,0
97426,1
97427,0
97428,1
97429,1
97430,1
97431,1
97432,0
97433,1
97434,0
97435,1
97436,0
97437,0
97438,0
97439,0
97440,0
97441,0
97442,1
97443,0
97444,1
97445,0
97446,1
97447,0
97448,0
97449,0
97450,1
97451,0
97452,1
97453,0
97454,1
97455,0
97456,1
97457,0
97458,1
97459,1
97460,0
97461,0
97462,0
97463,0
97464,0
97465,0
97466,1
97467,1
97468,1
97469,1
97470,1
97471,1
97472,0
97473,0
97474,1
97475,1
97476,1
97477,0
97478,0
97479,0
97480,1
97481,1
97482,0
97483,1
97484,1
97485,0
97486,1
97487,0
97488,0
97489,1
97490,0
97491,0
97492,1
97493,1
97494,0
97495,0
97496,1
97497,0
97498,0
97499,1
97500,1
97501,0
97502,1
97503,0
97504,1
97505,1
97506,1
97507,0
97508,1
97509,0
97510,0
97511,1
97512,1
97513,0
97514,0
97515,0
97516,1
97517,1
97518,1
97519,0
97520,1
97521,0
97522,1
97523,1
97524,1
97525,0
97526,1
97527,0
97528,1
97529,1
97530,0
97531,1
97532,0
97533,1
97534,0
97535,0
97536,0
97537,1
97538,1
97539,1
97540,1
97541,0
97542,0
97543,1
97544,1
97545,0
97546,1
97547,1
97548,0
97549,1
97550,0
97551,1
97552,0
97553,0
97554,0
97555,1
97556,0
97557,1
97558,1
97559,0
97560,1
97561,1
97562,0
97563,1
97564,1
97565,0
97566,1
97567,1
97568,0
97569,1
97570,0
97571,1
97572,0
97573,0
97574,0
97575,1
97576,1
97577,1
97578,0
97579,1
97580,1
97581,1
97582,1
97583,0
97584,1
97585,0
97586,1
97587,1
97588,1
97589,0
97590,1
97591,0
97592,1
97593,1
97594,1
97595,0
97596,1
97597,1
97598,1
97599,0
97600,1
97601,1
97602,1
97603,0
97604,1
97605,0
97606,0
97607,1
97608,0
97609,1
97610,0
97611,1
97612,0
97613,1
97614,1
97615,0
97616,1
97617,0
97618,1
97619,0
97620,0
97621,0
97622,0
97623,0
97624,1
97625,1
97626,1
97627,1
97628,1
97629,0
97630,0
97631,1
97632,0
97633,0
97634,0
97635,1
97636,1
97637,1
97638,0
97639,1
97640,0
97641,1
97642,0
97643,0
97644,1
97645,1
97646,0
97647,1
97648,1
97649,1
97650,1
97651,0
97652,1
97653,0
97654,1
97655,1
97656,0
97657,1
97658,1
97659,0
97660,0
97661,1
97662,0
97663,1
97664,1
97665,1
97666,1
97667,0
97668,1
97669,1
97670,0
97671,1
97672,0
97673,1
97674,0
97675,0
97676,1
97677,0
97678,1
97679,1
97680,1
97681,1
97682,0
97683,0
97684,0
97685,1
97686,1
97687,1
97688,0
97689,0
97690,1
97691,0
97692,0
97693,0
97694,0
97695,1
97696,1
97697,1
97698,1
97699,0
97700,0
97701,1
97702,0
97703,1
97704,0
97705,1
97706,1
97707,0
97708,0
97709,1
97710,1
97711,0
97712,0
97713,0
97714,0
97715,1
97716,0
97717,0
97718,0
97719,1
97720,1
97721,0
97722,1
97723,1
97724,0
97725,1
97726,0
97727,1
97728,0
97729,1
97730,1
97731,0
97732,1
97733,1
97734,0
97735,1
97736,1
97737,0
97738,0
97739,0
97740,1
97741,0
97742,1
97743,1
97744,1
97745,0
97746,1
97747,0
97748,1
97749,0
97750,0
97751,0
97752,1
97753,1
97754,0
97755,1
97756,0
97757,0
97758,1
97759,0
97760,0
97761,0
97762,1
97763,0
97764,0
97765,1
97766,0
97767,1
97768,1
97769,1
97770,0
97771,1
97772,0
97773,0
97774,0
97775,1
97776,1
97777,0
97778,0
97779,1
97780,0
97781,0
97782,0
97783,0
97784,0
97785,0
97786,0
97787,0
97788,0
97789,0
97790,1
97791,0
97792,1
97793,1
97794,1
97795,1
97796,0
97797,0
97798,1
97799,0
97800,0
97801,0
97802,1
97803,0
97804,1
97805,0
97806,1
97807,1
97808,0
97809,0
97810,1
97811,1
97812,0
97813,1
97814,0
97815,0
97816,0
97817,0
97818,0
97819,0
97820,1
97821,0
97822,1
97823,0
97824,0
97825,1
97826,0
97827,0
97828,0
97829,0
97830,0
97831,1
97832,1
97833,0
97834,0
97835,0
97836,0
97837,1
97838,1
97839,0
97840,1
97841,1
97842,1
97843,0
97844,0
97845,0
97846,0
97847,0
97848,0
97849,1
97850,1
97851,1
97852,0
97853,1
97854,1
97855,1
97856,1
97857,0
97858,0
97859,1
97860,1
97861,1
97862,0
97863,1
97864,1
97865,1
97866,0
97867,1
97868,0
97869,0
97870,0
97871,1
97872,1
97873,1
97874,0
97875,0
97876,0
97877,1
97878,1
97879,0
97880,0
97881,1
97882,0
97883,0
97884,1
97885,0
97886,1
97887,0
97888,0
97889,1
97890,0
97891,0
97892,0
97893,1
97894,1
97895,0
97896,1
97897,0
97898,1
97899,0
97900,0
97901,0
97902,0
97903,0
97904,1
97905,0
97906,1
97907,0
97908,0
97909,1
97910,0
97911,0
97912,0
97913,0
97914,0
97915,1
97916,1
97917,1
97918,1
97919,1
97920,1
97921,0
97922,1
97923,1
97924,1
97925,0
97926,1
97927,0
97928,0
97929,0
97930,0
97931,1
97932,1
97933,0
97934,0
97935,0
97936,0
97937,1
97938,0
97939,0
97940,0
97941,1
97942,0
97943,0
97944,0
97945,0
97946,0
97947,0
97948,0
97949,1
97950,0
97951,0
97952,1
97953,1
97954,0
97955,0
97956,1
97957,0
97958,1
97959,1
97960,1
97961,0
97962,0
97963,1
97964,0
97965,1
97966,1
97967,0
97968,0
97969,0
97970,0
97971,0
97972,0
97973,1
97974,1
97975,0
97976,1
97977,0
97978,1
97979,0
97980,0
97981,0
97982,1
97983,1
97984,0
97985,1
97986,0
97987,1
97988,1
97989,0
97990,0
97991,1
97992,1
97993,0
97994,0
97995,0
97996,0
97997,0
97998,0
97999,1
98000,0
98001,1
98002,1
98003,1
98004,1
98005,1
98006,0
98007,0
98008,1
98009,1
98010,1
98011,0
98012,0
98013,1
98014,1
98015,1
98016,0
98017,1
98018,1
98019,1
98020,0
98021,1
98022,1
98023,1
98024,0
98025,1
98026,1
98027,0
98028,0
98029,0
98030,1
98031,0
98032,1
98033,0
98034,0
98035,1
98036,1
98037,0
98038,1
98039,1
98040,1
98041,1
98042,1
98043,0
98044,1
98045,1
98046,1
98047,1
98048,0
98049,0
98050,0
98051,0
98052,1
98053,1
98054,1
98055,0
98056,1
98057,1
98058,0
98059,0
98060,0
98061,1
98062,1
98063,0
98064,0
98065,1
98066,0
98067,1
98068,0
98069,1
98070,0
98071,1
98072,1
98073,1
98074,1
98075,1
98076,1
98077,1
98078,1
98079,1
98080,1
98081,0
98082,1
98083,1
98084,1
98085,0
98086,0
98087,0
98088,0
98089,1
98090,0
98091,1
98092,1
98093,1
98094,1
98095,0
98096,0
98097,1
98098,1
98099,1
98100,1
98101,1
98102,0
98103,0
98104,1
98105,0
98106,1
98107,0
98108,1
98109,1
98110,0
98111,0
98112,1
98113,0
98114,1
98115,0
98116,1
98117,1
98118,0
98119,0
98120,0
98121,0
98122,0
98123,1
98124,1
98125,0
98126,1
98127,0
98128,0
98129,0
98130,1
98131,1
98132,1
98133,1
98134,0
98135,1
98136,1
98137,1
98138,0
98139,0
98140,1
98141,0
98142,0
98143,1
98144,0
98145,0
98146,1
98147,0
98148,1
98149,0
98150,0
98151,0
98152,0
98153,0
98154,1
98155,0
98156,0
98157,1
98158,1
98159,0
98160,0
98161,1
98162,0
98163,0
98164,1
98165,0
98166,0
98167,1
98168,1
98169,1
98170,0
98171,0
98172,1
98173,1
98174,0
98175,0
98176,1
98177,1
98178,0
98179,1
98180,0
98181,1
98182,0
98183,0
98184,0
98185,1
98186,0
98187,0
98188,1
98189,1
98190,0
98191,0
98192,1
98193,0
98194,1
98195,1
98196,1
98197,0
98198,0
98199,0
98200,1
98201,1
98202,1
98203,0
98204,1
98205,1
98206,0
98207,1
98208,1
98209,1
98210,1
98211,0
98212,0
98213,0
98214,0
98215,1
98216,1
98217,1
98218,1
98219,1
98220,0
98221,0
98222,0
98223,0
98224,0
98225,1
98226,1
98227,0
98228,1
98229,0
98230,0
98231,0
98232,1
98233,0
98234,0
98235,1
98236,0
98237,0
98238,0
98239,1
98240,1
98241,1
98242,1
98243,0
98244,0
98245,1
98246,1
98247,0
98248,0
98249,0
98250,1
98251,0
98252,1
98253,1
98254,1
98255,0
98256,0
98257,1
98258,0
98259,0
98260,1
98261,0
98262,0
98263,0
98264,0
98265,0
98266,0
98267,1
98268,0
98269,1
98270,0
98271,0
98272,0
98273,0
98274,0
98275,1
98276,1
98277,0
98278,0
98279,1
98280,0
98281,0
98282,1
98283,1
98284,0
98285,0
98286,1
98287,1
98288,0
98289,1
98290,1
98291,1
98292,1
98293,1
98294,0
98295,0
98296,0
98297,0
98298,1
98299,1
98300,0
98301,1
98302,1
98303,1
98304,1
98305,1
98306,0
98307,0
98308,1
98309,0
98310,0
98311,0
98312,1
98313,0
98314,0
98315,1
98316,0
98317,0
98318,0
98319,1
98320,0
98321,0
98322,0
98323,0
98324,1
98325,0
98326,1
98327,0
98328,1
98329,1
98330,0
98331,1
98332,0
98333,0
98334,0
98335,0
98336,0
98337,1
98338,0
98339,0
98340,1
98341,1
98342,0
98343,0
98344,1
98345,1
98346,1
98347,1
98348,0
98349,0
98350,1
98351,0
98352,0
98353,1
98354,1
98355,1
98356,1
98357,0
98358,0
98359,0
98360,0
98361,1
98362,1
98363,0
98364,0
98365,1
98366,1
98367,0
98368,0
98369,1
98370,0
98371,1
98372,1
98373,1
98374,1
98375,1
98376,0
98377,0
98378,1
98379,0
98380,1
98381,1
98382,1
98383,1
98384,0
98385,0
98386,0
98387,1
98388,1
98389,0
98390,1
98391,0
98392,1
98393,1
98394,0
98395,0
98396,1
98397,0
98398,0
98399,1
98400,1
98401,1
98402,1
98403,0
98404,0
98405,1
98406,1
98407,1
98408,0
98409,1
98410,1
98411,0
98412,1
98413,0
98414,0
98415,0
98416,0
98417,1
98418,1
98419,1
98420,1
98421,1
98422,1
98423,1
98424,1
98425,0
98426,0
98427,0
98428,1
98429,1
98430,1
98431,0
98432,1
98433,1
98434,1
98435,1
98436,0
98437,0
98438,1
98439,0
98440,1
98441,1
98442,0
98443,0
98444,0
98445,0
98446,1
98447,0
98448,1
98449,0
98450,0
98451,1
98452,1
98453,1
98454,0
98455,1
98456,0
98457,0
98458,0
98459,1
98460,1
98461,1
98462,1
98463,0
98464,1
98465,0
98466,1
98467,1
98468,0
98469,0
98470,0
98471,1
98472,0
98473,1
98474,0
98475,1
98476,1
98477,1
98478,0
98479,0
98480,1
98481,0
98482,1
98483,1
98484,1
98485,1
98486,0
98487,0
98488,0
98489,0
98490,0
98491,0
98492,1
98493,1
98494,1
98495,1
98496,1
98497,0
98498,1
98499,1
98500,1
98501,0
98502,0
98503,1
98504,1
98505,0
98506,1
98507,0
98508,0
98509,1
98510,0
98511,1
98512,0
98513,1
98514,1
98515,0
98516,0
98517,0
98518,0
98519,0
98520,1
98521,1
98522,0
98523,1
98524,0
98525,0
98526,1
98527,1
98528,0
98529,0
98530,1
98531,0
98532,0
98533,0
98534,0
98535,1
98536,1
98537,0
98538,1
98539,0
98540,0
98541,0
98542,0
98543,0
98544,1
98545,1
98546,1
98547,1
98548,1
98549,1
98550,1
98551,1
98552,0
98553,0
98554,1
98555,1
98556,0
98557,1
98558,1
98559,1
98560,1
98561,1
98562,0
98563,0
98564,1
98565,0
98566,0
98567,1
98568,0
98569,0
98570,1
98571,0
98572,1
98573,0
98574,0
98575,1
98576,0
98577,0
98578,1
98579,1
98580,1
98581,1
98582,0
98583,0
98584,1
98585,0
98586,0
98587,0
98588,1
98589,0
98590,0
98591,0
98592,0
98593,1
98594,0
98595,1
98596,1
98597,1
98598,0
98599,1
98600,1
98601,1
98602,0
98603,1
98604,1
98605,0
98606,1
98607,0
98608,1
98609,1
98610,1
98611,0
98612,0
98613,1
98614,1
98615,0
98616,0
98617,0
98618,1
98619,1
98620,1
98621,0
98622,1
98623,0
98624,1
98625,1
98626,0
98627,1
98628,1
98629,1
98630,0
98631,0
98632,1
98633,1
98634,0
98635,1
98636,0
98637,1
98638,0
98639,0
98640,0
98641,0
98642,0
98643,1
98644,0
98645,1
98646,0
98647,1
98648,1
98649,1
98650,1
98651,1
98652,1
98653,1
98654,0
98655,0
98656,1
98657,0
98658,0
98659,0
98660,0
98661,1
98662,1
98663,1
98664,1
98665,0
98666,0
98667,0
98668,1
98669,1
98670,0
98671,1
98672,0
98673,0
98674,1
98675,1
98676,0
98677,0
98678,0
98679,1
98680,0
98681,0
98682,0
98683,0
98684,1
98685,1
98686,0
98687,0
98688,0
98689,1
98690,0
98691,0
98692,0
98693,1
98694,0
98695,0
98696,0
98697,0
98698,0
98699,1
98700,0
98701,1
98702,1
98703,1
98704,0
98705,0
98706,1
98707,1
98708,1
98709,1
98710,1
98711,0
98712,0
98713,0
98714,1
98715,1
98716,1
98717,1
98718,1
98719,1
98720,0
98721,0
98722,0
98723,1
98724,0
98725,1
98726,1
98727,1
98728,1
98729,0
98730,1
98731,1
98732,0
98733,1
98734,1
98735,1
98736,0
98737,1
98738,0
98739,1
98740,1
98741,0
98742,1
98743,0
98744,1
98745,0
98746,1
98747,0
98748,0
98749,0
98750,1
98751,1
98752,1
98753,0
98754,1
98755,0
98756,0
98757,0
98758,0
98759,0
98760,1
98761,0
98762,0
98763,1
98764,1
98765,0
98766,1
98767,1
98768,1
98769,0
98770,1
98771,1
98772,0
98773,0
98774,1
98775,0
98776,0
98777,0
98778,1
98779,1
98780,1
98781,1
98782,0
98783,1
98784,0
98785,1
98786,0
98787,1
98788,0
98789,0
98790,1
98791,1
98792,0
98793,0
98794,1
98795,0
98796,0
98797,1
98798,1
98799,1
98800,0
98801,1
98802,1
98803,0
98804,1
98805,0
98806,1
98807,1
98808,1
98809,1
98810,0
98811,0
98812,1
98813,0
98814,1
98815,1
98816,1
98817,1
98818,0
98819,0
98820,1
98821,1
98822,1
98823,1
98824,1
98825,0
98826,1
98827,0
98828,1
98829,1
98830,1
98831,1
98832,1
98833,1
98834,1
98835,0
98836,1
98837,0
98838,1
98839,1
98840,0
98841,1
98842,1
98843,1
98844,1
98845,0
98846,1
98847,1
98848,1
98849,0
98850,1
98851,0
98852,0
98853,1
98854,1
98855,0
98856,1
98857,1
98858,0
98859,0
98860,1
98861,0
98862,1
98863,1
98864,0
98865,0
98866,1
98867,0
98868,1
98869,1
98870,1
98871,1
98872,1
98873,1
98874,1
98875,0
98876,1
98877,1
98878,0
98879,0
98880,0
98881,1
98882,0
98883,0
98884,1
98885,1
98886,0
98887,0
98888,1
98889,0
98890,0
98891,0
98892,0
98893,1
98894,1
98895,0
98896,0
98897,1
98898,1
98899,0
98900,1
98901,0
98902,0
98903,0
98904,0
98905,1
98906,1
98907,1
98908,1
98909,0
98910,1
98911,0
98912,0
98913,0
98914,1
98915,0
98916,1
98917,1
98918,1
98919,0
98920,0
98921,1
98922,1
98923,0
98924,1
98925,1
98926,1
98927,0
98928,0
98929,1
98930,0
98931,0
98932,0
98933,1
98934,0
98935,1
98936,1
98937,1
98938,1
98939,1
98940,1
98941,0
98942,0
98943,1
98944,0
98945,1
98946,0
98947,0
98948,1
98949,1
98950,1
98951,0
98952,1
98953,1
98954,0
98955,1
98956,1
98957,0
98958,0
98959,0
98960,0
98961,1
98962,1
98963,0
98964,1
98965,1
98966,1
98967,1
98968,0
98969,0
98970,0
98971,0
98972,0
98973,1
98974,0
98975,1
98976,1
98977,1
98978,0
98979,0
98980,1
98981,1
98982,1
98983,0
98984,1
98985,0
98986,0
98987,0
98988,1
98989,0
98990,0
98991,1
98992,0
98993,0
98994,1
98995,1
98996,1
98997,1
98998,0
98999,1
99000,0
99001,0
99002,0
99003,1
99004,1
99005,1
99006,1
99007,0
99008,1
99009,1
99010,0
99011,0
99012,0
99013,0
99014,1
99015,1
99016,0
99017,1
99018,0
99019,1
99020,0
99021,0
99022,1
99023,1
99024,0
99025,1
99026,1
99027,0
99028,0
99029,0
99030,0
99031,0
99032,1
99033,0
99034,0
99035,0
99036,1
99037,0
99038,0
99039,1
99040,0
99041,1
99042,0
99043,0
99044,1
99045,0
99046,1
99047,0
99048,0
99049,1
99050,1
99051,0
99052,0
99053,1
99054,1
99055,0
99056,0
99057,0
99058,0
99059,0
99060,0
99061,1
99062,0
99063,1
99064,1
99065,1
99066,0
99067,1
99068,1
99069,0
99070,1
99071,0
99072,1
99073,1
99074,0
99075,0
99076,0
99077,1
99078,1
99079,0
99080,1
99081,1
99082,0
99083,1
99084,0
99085,1
99086,0
99087,0
99088,1
99089,1
99090,0
99091,0
99092,0
99093,0
99094,1
99095,1
99096,0
99097,0
99098,0
99099,0
99100,0
99101,0
99102,1
99103,0
99104,0
99105,1
99106,1
99107,0
99108,1
99109,1
99110,1
99111,0
99112,1
99113,0
99114,0
99115,1
99116,1
99117,0
99118,1
99119,1
99120,1
99121,0
99122,0
99123,1
99124,1
99125,1
99126,0
99127,1
99128,1
99129,1
99130,0
99131,1
99132,0
99133,0
99134,0
99135,1
99136,1
99137,1
99138,1
99139,0
99140,1
99141,0
99142,1
99143,0
99144,1
99145,1
99146,1
99147,0
99148,0
99149,0
99150,0
99151,1
99152,1
99153,1
99154,1
99155,0
99156,1
99157,1
99158,1
99159,0
99160,0
99161,1
99162,0
99163,0
99164,0
99165,0
99166,1
99167,1
99168,0
99169,1
99170,1
99171,0
99172,1
99173,1
99174,1
99175,1
99176,0
99177,0
99178,0
99179,1
99180,1
99181,1
99182,0
99183,0
99184,0
99185,0
99186,0
99187,1
99188,0
99189,0
99190,0
99191,1
99192,1
99193,1
99194,0
99195,1
99196,1
99197,1
99198,1
99199,0
99200,0
99201,0
99202,0
99203,1
99204,0
99205,0
99206,1
99207,0
99208,1
99209,0
99210,0
99211,0
99212,1
99213,1
99214,0
99215,0
99216,0
99217,0
99218,1
99219,1
99220,0
99221,0
99222,1
99223,1
99224,0
99225,0
99226,0
99227,0
99228,1
99229,1
99230,0
99231,0
99232,0
99233,0
99234,0
99235,1
99236,1
99237,1
99238,1
99239,0
99240,0
99241,0
99242,0
99243,0
99244,1
99245,1
99246,1
99247,0
99248,0
99249,0
99250,1
99251,0
99252,1
99253,0
99254,0
99255,0
99256,0
99257,1
99258,1
99259,0
99260,0
99261,1
99262,0
99263,1
99264,1
99265,0
99266,0
99267,1
99268,1
99269,0
99270,1
99271,0
99272,0
99273,1
99274,0
99275,0
99276,0
99277,1
99278,1
99279,1
99280,0
99281,0
99282,0
99283,0
99284,1
99285,1
99286,1
99287,0
99288,0
99289,0
99290,0
99291,1
99292,0
99293,0
99294,1
99295,1
99296,1
99297,1
99298,0
99299,0
99300,1
99301,1
99302,1
99303,1
99304,0
99305,1
99306,0
99307,1
99308,1
99309,1
99310,1
99311,1
99312,0
99313,0
99314,1
99315,0
99316,0
99317,0
99318,1
99319,0
99320,0
99321,0
99322,1
99323,0
99324,1
99325,0
99326,1
99327,1
99328,1
99329,1
99330,1
99331,0
99332,1
99333,0
99334,1
99335,1
99336,0
99337,1
99338,0
99339,1
99340,0
99341,0
99342,1
99343,1
99344,1
99345,1
99346,1
99347,1
99348,1
99349,0
99350,0
99351,0
99352,1
99353,1
99354,0
99355,0
99356,0
99357,0
99358,1
99359,1
99360,0
99361,1
99362,0
99363,0
99364,1
99365,1
99366,0
99367,0
99368,1
99369,1
99370,1
99371,1
99372,0
99373,0
99374,0
99375,1
99376,0
99377,0
99378,0
99379,1
99380,0
99381,0
99382,1
99383,1
99384,1
99385,0
99386,0
99387,0
99388,0
99389,0
99390,1
99391,0
99392,1
99393,1
99394,1
99395,0
99396,1
99397,0
99398,1
99399,0
99400,1
99401,0
99402,1
99403,0
99404,0
99405,1
99406,0
99407,1
99408,1
99409,1
99410,0
99411,0
99412,0
99413,0
99414,1
99415,1
99416,1
99417,1
99418,1
99419,0
99420,1
99421,1
99422,1
99423,1
99424,0
99425,0
99426,0
99427,0
99428,1
99429,1
99430,0
99431,1
99432,0
99433,1
99434,1
99435,0
99436,0
99437,0
